CSI_DATA,224837,d8:b1:90:db:e8:90,-51,11,1,6,0,0,1,0,0,0,1,-96,0,4,0,-818786159,0,100,0,128,1,"[100,-64,5,0,-2,10,4,12,10,14,15,14,20,13,24,13,26,11,28,10,29,8,28,7,27,6,25,6,22,7,19,9,16,10,12,13,9,15,6,18,3,20,0,22,-2,23,-4,24,-4,25,-5,25,-5,24,-2,6,0,0,0,0,0,0,0,0,0,0,0,0,0,0,0,0,0,0,-3,4,-10,16,-11,18,-13,20,-14,21,-14,21,-15,21,-15,20,-15,17,-15,14,-15,10,-15,6,-15,1,-16,-4,-17,-8,-18,-12,-19,-16,-21,-18,-23,-19,-25,-19,-26,-18,-27,-17,-27,-14,-26,-11,-25,-8,-22,-4,-19,-2]"
CSI_DATA,224838,d8:b1:90:db:e8:90,-51,11,1,6,0,0,1,0,0,0,1,-96,0,4,0,-818773583,0,100,0,128,1,"[100,-64,5,0,10,-3,10,-9,9,-15,8,-20,7,-25,5,-28,3,-30,1,-31,-1,-31,-2,-31,-2,-29,-2,-27,0,-25,2,-22,5,-19,8,-16,11,-14,15,-12,18,-10,20,-8,22,-7,24,-6,24,-5,24,-4,24,-4,6,-1,0,0,0,0,0,0,0,0,0,0,0,0,0,0,0,0,0,0,4,0,19,4,21,5,22,5,23,6,24,7,24,7,23,8,21,8,18,9,14,10,9,12,5,13,0,15,-4,17,-7,19,-10,21,-11,24,-12,26,-12,28,-10,29,-9,30,-6,29,-3,28,0,25,2,21,4,18]"
CSI_DATA,224851,d8:b1:90:db:e8:90,-51,11,1,7,0,0,1,0,0,0,1,-96,0,4,0,-818571362,0,100,0,128,1,"[100,-64,5,0,-22,-16,-22,-15,-22,-14,-22,-14,-22,-14,-22,-13,-22,-12,-21,-12,-21,-12,-21,-11,-22,-11,-22,-11,-22,-11,-22,-11,-22,-11,-21,-11,-20,-11,-20,-11,-20,-11,-19,-11,-19,-11,-18,-11,-17,-11,-17,-12,-16,-12,-4,-3,0,0,0,0,0,0,0,0,0,0,0,0,0,0,0,0,0,0,-5,-3,-17,-11,-17,-12,-16,-13,-16,-13,-16,-14,-16,-14,-16,-15,-16,-15,-16,-16,-16,-16,-16,-17,-16,-18,-16,-18,-17,-18,-17,-18,-17,-17,-17,-17,-18,-17,-19,-17,-20,-16,-20,-16,-21,-16,-21,-15,-22,-15,-22,-15,-23,-16]"
CSI_DATA,224857,d8:b1:90:db:e8:90,-51,11,1,7,0,0,1,0,0,0,1,-96,0,4,0,-818475064,0,100,0,128,1,"[100,-64,5,0,-20,13,-19,13,-19,14,-18,14,-18,14,-17,14,-17,14,-17,14,-16,14,-16,14,-16,14,-16,15,-16,15,-15,15,-15,15,-15,14,-15,14,-15,14,-14,13,-14,12,-14,12,-14,11,-14,11,-15,10,-15,10,-4,2,0,0,0,0,0,0,0,0,0,0,0,0,0,0,0,0,0,0,-4,2,-14,11,-15,10,-15,9,-16,9,-17,8,-17,8,-18,8,-19,8,-19,8,-19,8,-20,8,-20,8,-20,8,-20,8,-20,8,-20,8,-20,9,-20,9,-20,10,-20,10,-20,11,-20,11,-20,12,-20,12,-20,13,-20,13]"
CSI_DATA,224858,d8:b1:90:db:e8:90,-51,11,1,7,0,0,1,0,0,0,1,-96,0,4,0,-818460932,0,100,0,128,1,"[100,-64,5,0,-16,21,-16,21,-15,21,-15,21,-14,21,-14,21,-13,21,-13,21,-12,21,-11,21,-11,21,-11,21,-11,21,-11,21,-11,21,-11,20,-11,20,-11,19,-11,19,-11,19,-11,18,-12,17,-12,16,-12,17,-13,18,-4,4,0,0,0,0,0,0,0,0,0,0,0,0,0,0,0,0,0,0,-3,4,-10,16,-11,16,-12,16,-13,16,-13,16,-14,16,-15,15,-16,15,-16,16,-17,16,-17,16,-17,17,-17,17,-17,17,-17,17,-17,17,-17,17,-17,18,-17,18,-16,19,-16,19,-16,20,-16,21,-15,21,-16,22,-16,22]"
CSI_DATA,224859,d8:b1:90:db:e8:90,-51,11,1,7,0,0,1,0,0,0,1,-96,0,4,0,-818444804,0,100,0,128,1,"[100,-64,5,0,-27,13,-26,13,-26,13,-25,13,-25,14,-24,14,-24,14,-23,14,-22,14,-22,14,-22,15,-22,15,-22,15,-21,15,-21,15,-21,14,-21,14,-20,13,-20,13,-20,13,-20,12,-20,11,-20,10,-20,10,-20,9,-6,2,0,0,0,0,0,0,0,0,0,0,0,0,0,0,0,0,0,0,-5,3,-19,11,-19,11,-20,10,-21,10,-21,9,-22,9,-23,8,-23,8,-24,8,-24,8,-25,8,-25,7,-25,8,-25,8,-25,8,-25,8,-25,9,-25,9,-26,10,-26,11,-26,12,-26,12,-26,13,-26,13,-26,13,-26,13]"
CSI_DATA,224860,d8:b1:90:db:e8:90,-52,11,1,7,0,0,1,0,0,0,1,-96,0,4,0,-818431360,0,100,0,128,1,"[100,-64,5,0,4,-29,3,-29,3,-29,2,-28,2,-28,1,-27,1,-27,0,-27,-1,-27,-1,-27,-2,-27,-2,-26,-2,-26,-2,-26,-2,-26,-1,-26,-1,-25,-1,-25,0,-25,0,-25,0,-24,1,-23,2,-23,3,-23,3,-22,0,-6,0,0,0,0,0,0,0,0,0,0,0,0,0,0,0,0,0,0,-1,-6,-1,-22,0,-22,1,-22,2,-22,2,-23,3,-23,4,-24,4,-24,5,-25,6,-25,6,-25,7,-26,7,-26,7,-26,7,-26,7,-26,6,-26,6,-26,5,-26,5,-27,4,-27,4,-27,3,-27,3,-28,3,-29,3,-30]"
CSI_DATA,224861,d8:b1:90:db:e8:90,-51,11,1,7,0,0,1,0,0,0,1,-96,0,4,0,-818418519,0,100,0,128,1,"[100,-64,5,0,-26,8,-26,8,-25,8,-24,8,-24,9,-24,9,-23,9,-23,10,-23,10,-22,10,-22,11,-22,11,-21,11,-21,11,-21,11,-21,11,-21,10,-21,10,-20,9,-20,9,-21,8,-20,8,-20,7,-20,6,-20,6,-5,1,0,0,0,0,0,0,0,0,0,0,0,0,0,0,0,0,0,0,-5,1,-19,7,-20,6,-20,5,-21,5,-21,4,-22,4,-22,4,-22,4,-23,4,-23,4,-24,3,-24,3,-24,3,-24,3,-23,3,-24,3,-24,4,-24,4,-24,5,-24,6,-24,7,-25,7,-25,7,-26,8,-26,8,-26,8]"
CSI_DATA,224862,d8:b1:90:db:e8:90,-51,11,1,7,0,0,1,0,0,0,1,-96,0,4,0,-818404471,0,100,0,128,1,"[100,-64,5,0,-26,7,-26,7,-25,7,-25,7,-24,7,-24,7,-23,8,-23,8,-23,9,-23,9,-23,10,-22,10,-22,10,-22,10,-22,10,-22,9,-21,9,-21,8,-21,8,-21,7,-21,7,-21,6,-21,6,-20,5,-20,4,-5,1,0,0,0,0,0,0,0,0,0,0,0,0,0,0,0,0,0,0,-5,1,-19,7,-20,6,-20,5,-20,5,-21,4,-22,4,-22,4,-22,4,-23,4,-23,3,-23,3,-24,3,-24,3,-23,3,-23,3,-24,3,-24,3,-24,4,-24,4,-24,5,-24,6,-25,6,-25,6,-26,7,-26,7,-26,7]"
CSI_DATA,224863,d8:b1:90:db:e8:90,-51,11,1,7,0,0,1,0,0,0,1,-96,0,4,0,-818393578,0,100,0,128,1,"[100,-64,5,0,22,12,22,12,22,11,22,11,22,11,22,10,22,10,22,9,22,9,22,9,22,8,22,8,21,8,21,8,21,8,21,8,21,9,20,9,20,9,19,9,19,9,18,9,17,10,16,10,15,11,3,2,0,0,0,0,0,0,0,0,0,0,0,0,0,0,0,0,0,0,4,1,18,6,18,7,18,8,18,9,18,9,18,10,18,10,18,11,18,12,18,12,18,12,18,13,18,13,18,13,19,13,19,13,19,13,20,13,20,13,21,13,21,12,22,12,22,12,22,12,22,12,23,12]"
CSI_DATA,224864,d8:b1:90:db:e8:90,-51,11,1,7,0,0,1,0,0,0,1,-96,0,4,0,-818372186,0,100,0,128,1,"[100,-64,5,0,-17,22,-17,22,-16,22,-15,22,-15,22,-14,22,-14,22,-13,22,-13,22,-12,22,-12,22,-12,21,-12,21,-11,21,-12,21,-12,20,-12,20,-12,20,-12,19,-12,18,-12,18,-12,17,-13,17,-14,16,-15,16,-4,4,0,0,0,0,0,0,0,0,0,0,0,0,0,0,0,0,0,0,-3,4,-10,16,-11,16,-11,15,-12,15,-13,15,-13,16,-14,17,-15,17,-16,17,-16,17,-17,17,-17,17,-18,17,-17,17,-17,17,-17,17,-17,17,-17,18,-16,18,-16,19,-16,20,-16,20,-16,20,-16,21,-16,21,-16,22]"
CSI_DATA,224865,d8:b1:90:db:e8:90,-51,11,1,7,0,0,1,0,0,0,1,-96,0,4,0,-818361593,0,100,0,128,1,"[100,-64,5,0,19,19,19,18,19,18,19,17,19,16,19,16,19,16,19,15,19,14,19,14,19,13,19,13,19,13,19,13,18,13,18,13,17,13,17,13,16,13,16,13,15,13,15,13,14,13,13,14,13,15,3,4,0,0,0,0,0,0,0,0,0,0,0,0,0,0,0,0,0,0,3,2,14,11,14,12,13,13,13,13,13,14,13,14,14,15,14,16,14,17,14,18,14,18,13,19,13,19,13,19,14,18,14,18,14,18,15,18,15,18,16,18,16,18,17,18,17,17,17,17,18,18,18,17]"
CSI_DATA,224866,d8:b1:90:db:e8:90,-52,11,1,7,0,0,1,0,0,0,1,-96,0,4,0,-818348533,0,100,0,128,1,"[100,-64,5,0,3,-26,3,-26,3,-26,2,-25,2,-24,1,-24,1,-24,0,-24,0,-23,-1,-23,-1,-23,-1,-23,-1,-23,-1,-23,0,-23,0,-24,0,-23,0,-22,0,-22,1,-21,0,-20,0,-20,2,-21,3,-22,2,-21,0,-5,0,0,0,0,0,0,0,0,0,0,0,0,0,0,0,0,0,0,-1,-5,-1,-20,0,-20,1,-20,2,-20,2,-20,3,-20,4,-21,4,-21,4,-21,5,-22,5,-22,5,-22,5,-22,6,-22,6,-23,7,-23,7,-23,6,-23,6,-24,5,-24,5,-24,4,-25,4,-25,4,-25,3,-25,3,-26]"
CSI_DATA,224867,d8:b1:90:db:e8:90,-51,11,1,7,0,0,1,0,0,0,1,-96,0,4,0,-818334397,0,100,0,128,1,"[100,-64,5,0,7,-28,7,-28,6,-28,6,-27,6,-27,5,-27,5,-27,5,-27,5,-27,5,-27,4,-26,3,-26,3,-26,3,-26,3,-26,3,-26,3,-25,4,-25,4,-24,4,-24,5,-23,5,-22,5,-22,6,-22,7,-22,1,-6,0,0,0,0,0,0,0,0,0,0,0,0,0,0,0,0,0,0,0,-6,3,-22,4,-22,5,-22,6,-22,6,-23,7,-23,8,-23,9,-23,9,-24,10,-24,10,-24,11,-24,11,-25,10,-25,10,-24,10,-24,10,-25,10,-25,9,-26,9,-26,8,-27,8,-27,8,-28,8,-28,8,-28,8,-29]"
CSI_DATA,224868,d8:b1:90:db:e8:90,-51,11,1,7,0,0,1,0,0,0,1,-96,0,4,0,-818321697,0,100,0,128,1,"[100,-64,5,0,-14,22,-14,22,-14,22,-13,21,-13,21,-12,21,-12,21,-12,21,-12,21,-12,21,-11,21,-10,21,-10,21,-10,22,-10,21,-10,21,-10,21,-10,20,-10,19,-10,19,-10,18,-10,18,-11,17,-11,17,-12,16,-3,4,0,0,0,0,0,0,0,0,0,0,0,0,0,0,0,0,0,0,-3,4,-10,17,-11,17,-11,16,-12,16,-13,16,-13,17,-14,17,-14,17,-15,17,-16,17,-16,17,-16,17,-16,17,-16,17,-16,17,-16,17,-16,18,-16,18,-16,18,-16,19,-15,20,-15,20,-15,21,-15,21,-15,22,-14,22]"
CSI_DATA,224869,d8:b1:90:db:e8:90,-51,11,1,7,0,0,1,0,0,0,1,-96,0,4,0,-818305816,0,100,0,128,1,"[100,-64,5,0,13,-27,12,-27,12,-27,12,-27,11,-27,11,-26,10,-26,9,-26,8,-26,8,-26,7,-25,7,-25,7,-25,8,-25,8,-25,8,-25,8,-25,8,-24,8,-23,9,-23,9,-22,9,-21,9,-20,10,-20,11,-20,2,-5,0,0,0,0,0,0,0,0,0,0,0,0,0,0,0,0,0,0,2,-6,8,-21,9,-20,10,-20,10,-20,11,-20,12,-20,14,-20,15,-20,15,-20,15,-20,16,-20,16,-20,16,-20,16,-20,17,-21,17,-21,17,-22,16,-22,16,-23,15,-23,15,-24,15,-24,14,-25,14,-26,14,-26,14,-27]"
CSI_DATA,224870,d8:b1:90:db:e8:90,-51,11,1,7,0,0,1,0,0,0,1,-96,0,4,0,-818271099,0,100,0,128,1,"[100,-64,5,0,15,-26,15,-26,14,-26,14,-25,13,-25,12,-25,12,-25,11,-26,11,-26,10,-26,10,-26,9,-25,9,-25,10,-25,10,-25,10,-26,10,-25,10,-25,10,-24,10,-24,11,-23,11,-22,11,-21,12,-20,13,-19,3,-5,0,0,0,0,0,0,0,0,0,0,0,0,0,0,0,0,0,0,2,-5,11,-19,12,-19,13,-19,13,-19,14,-19,15,-19,16,-19,17,-19,17,-19,17,-19,18,-19,18,-20,18,-20,18,-20,18,-20,17,-20,17,-21,17,-22,17,-22,16,-23,16,-23,15,-24,15,-24,15,-25,16,-25,16,-25]"
CSI_DATA,224871,d8:b1:90:db:e8:90,-51,11,1,7,0,0,1,0,0,0,1,-96,0,4,0,-818254548,0,100,0,128,1,"[100,-64,5,0,-24,-12,-24,-12,-24,-11,-24,-11,-23,-10,-23,-9,-23,-9,-24,-8,-24,-8,-24,-8,-24,-7,-24,-7,-24,-7,-24,-8,-23,-8,-23,-8,-22,-7,-21,-7,-21,-8,-21,-8,-20,-8,-20,-9,-19,-9,-18,-9,-17,-11,-5,-4,0,0,0,0,0,0,0,0,0,0,0,0,0,0,0,0,0,0,-5,-3,-18,-9,-18,-10,-17,-12,-17,-12,-17,-13,-17,-13,-17,-14,-18,-14,-18,-15,-18,-15,-18,-15,-18,-16,-18,-16,-18,-16,-18,-15,-19,-15,-19,-14,-20,-14,-20,-14,-21,-13,-21,-13,-21,-12,-21,-12,-21,-11,-22,-12,-23,-12]"
CSI_DATA,224872,d8:b1:90:db:e8:90,-51,11,1,7,0,0,1,0,0,0,1,-96,0,4,0,-818238663,0,100,0,128,1,"[100,-64,5,0,10,23,10,23,10,23,10,23,10,22,11,22,11,21,11,21,12,21,12,20,12,20,11,20,11,20,11,20,11,20,12,20,11,20,10,19,10,19,9,19,8,19,7,20,6,20,4,19,4,19,1,4,0,0,0,0,0,0,0,0,0,0,0,0,0,0,0,0,0,0,2,4,9,16,9,17,8,18,7,19,7,19,7,20,7,20,7,21,6,21,6,22,6,22,6,22,6,23,6,23,6,23,6,23,6,23,7,23,7,22,7,23,8,23,8,23,9,23,9,23,10,24,10,24]"
CSI_DATA,224873,d8:b1:90:db:e8:90,-52,11,1,7,0,0,1,0,0,0,1,-96,0,4,0,-818228147,0,100,0,128,1,"[100,-64,5,0,-8,26,-7,26,-7,26,-6,25,-6,25,-5,25,-5,25,-4,25,-4,25,-3,25,-3,25,-3,24,-3,24,-3,24,-3,24,-4,24,-4,23,-4,23,-4,22,-5,22,-5,21,-5,21,-6,21,-7,20,-9,19,-3,4,0,0,0,0,0,0,0,0,0,0,0,0,0,0,0,0,0,0,-1,5,-5,20,-6,20,-7,20,-7,21,-8,21,-8,21,-9,22,-10,22,-10,22,-10,23,-10,23,-10,23,-10,23,-11,23,-11,23,-11,23,-11,23,-11,24,-10,23,-10,24,-10,24,-9,25,-8,25,-8,25,-8,26,-8,27]"
CSI_DATA,224874,d8:b1:90:db:e8:90,-51,11,1,7,0,0,1,0,0,0,1,-96,0,4,0,-818216087,0,100,0,128,1,"[100,-64,5,0,-14,22,-14,22,-13,22,-13,23,-12,23,-12,23,-11,22,-11,22,-10,22,-10,22,-9,22,-9,22,-10,22,-10,22,-10,22,-10,22,-10,21,-10,21,-10,20,-11,19,-11,18,-11,17,-11,17,-12,17,-13,17,-4,4,0,0,0,0,0,0,0,0,0,0,0,0,0,0,0,0,0,0,-2,4,-9,18,-10,18,-11,17,-11,18,-12,18,-12,18,-13,18,-14,18,-14,18,-15,18,-15,18,-16,18,-16,18,-15,18,-15,18,-15,18,-15,18,-15,19,-15,19,-14,20,-14,21,-14,21,-14,22,-15,23,-14,23,-14,23]"
CSI_DATA,224875,d8:b1:90:db:e8:90,-51,11,1,7,0,0,1,0,0,0,1,-96,0,4,0,-818198511,0,100,0,128,1,"[100,-64,5,0,-6,26,-6,26,-6,25,-6,25,-6,25,-5,24,-5,24,-4,24,-3,24,-3,23,-3,23,-3,23,-3,23,-3,23,-3,23,-3,22,-4,22,-4,21,-5,21,-5,21,-5,20,-6,20,-6,19,-7,19,-7,19,-2,4,0,0,0,0,0,0,0,0,0,0,0,0,0,0,0,0,0,0,-1,5,-3,20,-4,20,-4,19,-5,19,-6,20,-6,20,-7,20,-7,20,-7,21,-8,21,-8,21,-8,21,-8,21,-8,22,-8,22,-8,22,-8,23,-8,23,-8,23,-7,24,-7,25,-7,25,-7,25,-7,25,-7,26,-6,26]"
CSI_DATA,224876,d8:b1:90:db:e8:90,-51,11,1,7,0,0,1,0,0,0,1,-96,0,4,0,-818172741,0,100,0,128,1,"[100,-64,5,0,3,-27,3,-27,3,-26,2,-26,1,-26,1,-26,1,-25,0,-25,0,-25,0,-25,-1,-24,0,-24,0,-24,0,-24,0,-24,0,-24,0,-24,1,-24,1,-23,0,-22,1,-22,1,-21,2,-21,3,-20,4,-20,1,-5,0,0,0,0,0,0,0,0,0,0,0,0,0,0,0,0,0,0,0,-5,0,-19,1,-20,2,-20,3,-21,4,-21,4,-21,5,-22,6,-22,6,-22,7,-23,7,-23,7,-23,7,-23,7,-23,7,-23,7,-23,7,-23,6,-24,6,-24,5,-24,5,-25,4,-25,4,-25,4,-25,3,-26,3,-27]"
CSI_DATA,224877,d8:b1:90:db:e8:90,-51,11,1,7,0,0,1,0,0,0,1,-96,0,4,0,-818161050,0,100,0,128,1,"[100,-64,5,0,-25,9,-25,9,-24,9,-24,10,-24,10,-23,10,-22,10,-22,10,-22,10,-22,10,-22,11,-21,10,-21,10,-21,11,-21,11,-21,10,-21,10,-20,9,-20,9,-20,8,-20,8,-20,7,-20,6,-19,5,-19,4,-5,1,0,0,0,0,0,0,0,0,0,0,0,0,0,0,0,0,0,0,-5,2,-18,8,-19,6,-20,5,-20,5,-21,4,-21,4,-22,4,-23,4,-23,4,-24,4,-24,3,-23,3,-24,3,-23,3,-23,3,-23,4,-23,5,-24,5,-24,5,-24,6,-24,7,-25,8,-25,8,-25,8,-25,8,-25,9]"
CSI_DATA,224878,d8:b1:90:db:e8:90,-51,11,1,7,0,0,1,0,0,0,1,-96,0,4,0,-818148072,0,100,0,128,1,"[100,-64,5,0,0,26,0,25,0,25,1,25,1,25,2,24,2,24,1,24,1,24,2,23,2,23,2,23,2,23,2,23,2,23,2,23,1,22,1,22,1,22,0,21,0,21,-1,20,-1,20,-2,19,-3,19,-1,4,0,0,0,0,0,0,0,0,0,0,0,0,0,0,0,0,0,0,0,4,0,19,-1,19,-2,19,-3,20,-3,20,-3,21,-4,21,-4,22,-4,22,-5,22,-5,22,-5,22,-5,22,-5,22,-5,22,-5,22,-4,22,-4,23,-4,23,-3,24,-2,25,-2,25,-1,25,-1,26,-1,26,-1,26]"
CSI_DATA,224879,d8:b1:90:db:e8:90,-51,11,1,7,0,0,1,0,0,0,1,-96,0,4,0,-818136364,0,100,0,128,1,"[100,-64,5,0,-15,22,-14,22,-14,21,-14,21,-13,20,-13,20,-12,20,-12,20,-11,21,-10,21,-10,21,-10,21,-10,21,-10,21,-10,21,-11,20,-11,20,-11,20,-11,19,-11,19,-11,18,-11,18,-11,17,-12,16,-13,16,-4,3,0,0,0,0,0,0,0,0,0,0,0,0,0,0,0,0,0,0,-3,4,-9,17,-10,17,-11,16,-11,16,-12,16,-13,16,-13,16,-14,16,-14,16,-15,17,-16,17,-16,17,-16,17,-16,17,-16,17,-16,17,-15,18,-15,18,-15,19,-14,20,-14,20,-14,21,-14,21,-14,21,-14,22,-14,22]"
CSI_DATA,224880,d8:b1:90:db:e8:90,-51,11,1,7,0,0,1,0,0,0,1,-96,0,4,0,-818124605,0,100,0,128,1,"[100,-64,5,0,-28,-10,-28,-10,-28,-9,-28,-9,-27,-8,-27,-8,-27,-7,-27,-7,-26,-6,-26,-6,-26,-6,-26,-5,-26,-5,-26,-5,-26,-5,-26,-6,-26,-6,-25,-6,-24,-6,-23,-7,-23,-7,-22,-7,-21,-8,-21,-9,-21,-9,-5,-3,0,0,0,0,0,0,0,0,0,0,0,0,0,0,0,0,0,0,-6,-2,-21,-7,-21,-8,-21,-9,-21,-10,-21,-10,-21,-11,-22,-11,-22,-12,-22,-12,-22,-13,-22,-13,-22,-13,-22,-13,-23,-13,-23,-14,-24,-13,-24,-13,-24,-13,-24,-13,-24,-12,-25,-12,-26,-11,-26,-11,-27,-11,-27,-11,-28,-11]"
CSI_DATA,224881,d8:b1:90:db:e8:90,-51,11,1,7,0,0,1,0,0,0,1,-96,0,4,0,-818112113,0,100,0,128,1,"[100,-64,5,0,-16,21,-16,21,-15,21,-15,21,-15,22,-14,21,-13,21,-13,21,-12,21,-12,21,-12,21,-11,21,-11,21,-11,21,-11,21,-12,20,-12,20,-12,20,-12,19,-12,18,-12,17,-12,17,-12,16,-13,16,-14,15,-4,3,0,0,0,0,0,0,0,0,0,0,0,0,0,0,0,0,0,0,-3,4,-11,16,-12,16,-13,15,-13,15,-14,15,-15,16,-15,16,-16,16,-16,16,-17,16,-17,16,-17,16,-17,16,-17,16,-18,16,-18,17,-17,17,-17,17,-17,18,-17,18,-16,19,-16,19,-16,20,-16,20,-17,21,-17,21]"
CSI_DATA,224882,d8:b1:90:db:e8:90,-51,11,1,7,0,0,1,0,0,0,1,-96,0,4,0,-818095230,0,100,0,128,1,"[100,-64,5,0,-28,-10,-28,-10,-28,-9,-27,-9,-27,-8,-27,-8,-27,-7,-26,-6,-26,-5,-26,-5,-26,-4,-26,-4,-26,-3,-26,-3,-26,-4,-26,-4,-25,-5,-25,-5,-24,-6,-23,-6,-23,-5,-23,-6,-22,-6,-21,-7,-21,-8,-6,-2,0,0,0,0,0,0,0,0,0,0,0,0,0,0,0,0,0,0,-6,-2,-22,-5,-21,-6,-21,-7,-21,-8,-22,-8,-22,-9,-22,-9,-23,-10,-23,-10,-23,-11,-23,-11,-23,-11,-24,-11,-24,-11,-24,-11,-25,-11,-25,-10,-25,-11,-25,-11,-25,-11,-26,-10,-26,-10,-26,-10,-26,-10,-27,-10,-27,-10]"
CSI_DATA,224883,d8:b1:90:db:e8:90,-51,11,1,7,0,0,1,0,0,0,1,-96,0,4,0,-818070307,0,100,0,128,1,"[100,-64,5,0,-1,-27,-1,-27,-1,-27,-2,-27,-3,-27,-3,-26,-3,-26,-3,-26,-4,-25,-4,-25,-5,-25,-5,-25,-5,-25,-5,-25,-5,-25,-4,-24,-3,-24,-3,-24,-2,-23,-2,-23,-1,-23,-1,-22,0,-22,2,-22,3,-21,0,-6,0,0,0,0,0,0,0,0,0,0,0,0,0,0,0,0,0,0,0,-5,0,-20,1,-20,3,-21,3,-22,4,-22,4,-22,5,-22,5,-22,5,-23,6,-23,6,-23,6,-23,5,-24,5,-24,5,-25,5,-25,5,-25,4,-25,3,-25,3,-25,2,-26,1,-26,1,-26,2,-26,1,-27,1,-27]"
CSI_DATA,224884,d8:b1:90:db:e8:90,-51,11,1,7,0,0,1,0,0,0,1,-96,0,4,0,-818056173,0,100,0,128,1,"[100,-64,5,0,5,-25,5,-25,4,-24,4,-23,3,-23,3,-23,3,-23,2,-23,2,-23,2,-23,1,-22,1,-22,1,-22,1,-22,1,-22,1,-21,2,-21,2,-21,2,-20,3,-20,3,-19,3,-19,4,-18,5,-18,5,-18,1,-5,0,0,0,0,0,0,0,0,0,0,0,0,0,0,0,0,0,0,0,-5,0,-19,1,-19,2,-19,3,-19,3,-19,4,-19,5,-19,5,-20,6,-20,6,-20,7,-20,7,-20,7,-20,7,-21,6,-21,6,-21,6,-21,6,-21,5,-22,5,-22,5,-22,5,-23,5,-23,5,-23,5,-24,5,-24]"
CSI_DATA,224885,d8:b1:90:db:e8:90,-52,11,1,7,0,0,1,0,0,0,1,-96,0,4,0,-818043162,0,100,0,128,1,"[100,-64,5,0,-7,29,-7,28,-6,28,-5,27,-4,27,-3,26,-3,26,-3,26,-3,26,-2,25,-2,25,-2,25,-1,25,-1,25,-1,24,-2,24,-2,24,-2,24,-2,23,-2,23,-3,22,-3,21,-4,21,-5,21,-6,21,-2,5,0,0,0,0,0,0,0,0,0,0,0,0,0,0,0,0,0,0,-1,5,-3,21,-4,21,-5,21,-5,21,-6,22,-6,22,-7,22,-8,22,-8,23,-9,23,-9,23,-9,23,-9,23,-9,23,-9,24,-9,24,-9,24,-8,24,-8,24,-7,25,-6,25,-6,26,-6,26,-6,27,-6,27,-6,28]"
CSI_DATA,224886,d8:b1:90:db:e8:90,-52,11,1,7,0,0,1,0,0,0,1,-96,0,4,0,-818032956,0,100,0,128,1,"[100,-64,5,0,-16,24,-16,24,-15,24,-14,24,-13,24,-13,23,-12,23,-12,23,-11,23,-11,23,-11,23,-11,23,-11,23,-11,23,-11,23,-10,22,-10,21,-10,21,-10,20,-11,19,-11,18,-11,18,-11,18,-12,18,-12,17,-4,4,0,0,0,0,0,0,0,0,0,0,0,0,0,0,0,0,0,0,-3,5,-9,19,-10,19,-12,19,-12,19,-13,19,-13,20,-14,20,-15,20,-15,20,-15,20,-16,21,-16,20,-16,20,-17,20,-18,20,-18,19,-18,20,-18,20,-17,20,-17,20,-17,21,-17,22,-16,22,-16,23,-16,23,-16,24]"
CSI_DATA,224887,d8:b1:90:db:e8:90,-51,11,1,7,0,0,1,0,0,0,1,-96,0,4,0,-818018617,0,100,0,128,1,"[100,-64,5,0,24,-14,23,-14,23,-14,22,-14,22,-14,22,-14,21,-15,21,-15,20,-16,20,-16,20,-16,19,-16,19,-16,20,-16,20,-16,19,-15,19,-14,19,-14,19,-13,19,-12,19,-12,18,-11,18,-10,18,-9,18,-9,4,-3,0,0,0,0,0,0,0,0,0,0,0,0,0,0,0,0,0,0,4,-4,16,-14,16,-14,17,-13,18,-12,18,-12,19,-12,20,-12,20,-11,21,-11,21,-11,22,-11,22,-11,22,-11,22,-11,22,-11,22,-12,22,-12,22,-13,22,-12,22,-13,22,-13,22,-14,22,-14,23,-14,23,-15,24,-15]"
CSI_DATA,224888,d8:b1:90:db:e8:90,-51,11,1,7,0,0,1,0,0,0,1,-96,0,4,0,-818000674,0,100,0,128,1,"[100,-64,5,0,26,10,26,9,26,9,26,9,26,9,26,8,26,7,25,7,25,6,25,6,25,6,26,6,25,6,25,5,25,6,24,6,23,6,23,6,23,7,22,6,22,6,21,7,21,8,20,9,19,10,4,2,0,0,0,0,0,0,0,0,0,0,0,0,0,0,0,0,0,0,5,1,21,5,20,6,20,8,20,8,20,9,21,10,20,11,20,11,21,11,21,12,21,12,21,13,21,13,21,13,22,13,22,13,22,12,23,12,24,12,24,11,25,11,25,11,25,10,26,10,26,10,27,10]"
CSI_DATA,224889,d8:b1:90:db:e8:90,-51,11,1,7,0,0,1,0,0,0,1,-96,0,4,0,-817989717,0,100,0,128,1,"[100,-64,5,0,24,9,24,8,24,8,24,8,23,7,23,6,23,6,23,6,23,5,23,5,23,5,23,4,23,4,23,4,23,4,22,4,21,4,21,4,21,4,20,5,20,5,19,5,19,6,18,7,18,8,4,2,0,0,0,0,0,0,0,0,0,0,0,0,0,0,0,0,0,0,4,1,18,7,18,7,17,8,17,9,18,9,18,10,18,10,18,11,18,11,18,12,18,12,18,13,18,13,19,13,19,12,20,12,20,12,20,12,21,11,21,10,22,10,22,10,22,10,23,10,23,10,24,9]"
CSI_DATA,224890,d8:b1:90:db:e8:90,-51,11,1,7,0,0,1,0,0,0,1,-96,0,4,0,-817965898,0,100,0,128,1,"[100,-64,5,0,0,27,0,26,0,26,1,26,1,26,2,25,2,25,2,25,2,25,2,25,2,24,2,24,2,24,3,23,2,23,2,23,2,23,2,22,1,22,1,22,0,21,0,21,-1,21,-2,21,-3,21,-1,5,0,0,0,0,0,0,0,0,0,0,0,0,0,0,0,0,0,0,0,5,2,20,1,20,0,20,-1,20,-1,21,-1,21,-2,22,-2,22,-3,23,-3,23,-4,23,-4,23,-4,24,-4,24,-4,24,-4,24,-4,24,-4,24,-3,24,-2,24,-1,25,-1,25,-1,26,-1,26,-1,26,0,27]"
CSI_DATA,224891,d8:b1:90:db:e8:90,-51,11,1,7,0,0,1,0,0,0,1,-96,0,4,0,-817953808,0,100,0,128,1,"[100,-64,5,0,25,4,25,4,25,4,25,4,25,3,24,3,24,2,24,2,24,1,24,1,23,0,23,0,23,0,23,0,23,0,22,1,22,1,21,1,21,2,20,2,20,3,19,3,19,4,19,5,19,5,4,1,0,0,0,0,0,0,0,0,0,0,0,0,0,0,0,0,0,0,3,0,15,0,16,1,17,2,17,3,18,3,18,4,19,4,19,5,20,5,20,6,20,6,20,7,21,7,21,7,21,7,21,7,21,7,21,6,22,6,23,6,23,5,24,5,24,5,24,5,25,5,25,4]"
CSI_DATA,224892,d8:b1:90:db:e8:90,-51,11,1,7,0,0,1,0,0,0,1,-96,0,4,0,-817939730,0,100,0,128,1,"[100,-64,5,0,-21,-17,-21,-16,-21,-16,-21,-15,-21,-15,-21,-14,-21,-14,-21,-13,-21,-13,-21,-12,-21,-12,-21,-12,-21,-12,-21,-12,-21,-12,-21,-12,-21,-12,-20,-12,-19,-12,-18,-12,-17,-12,-18,-12,-18,-12,-17,-12,-15,-14,-4,-4,0,0,0,0,0,0,0,0,0,0,0,0,0,0,0,0,0,0,-5,-3,-17,-12,-16,-13,-15,-14,-15,-15,-15,-16,-15,-16,-15,-16,-15,-17,-15,-17,-15,-18,-15,-18,-15,-18,-15,-18,-15,-19,-15,-19,-16,-19,-16,-18,-17,-18,-17,-18,-18,-17,-18,-17,-19,-18,-20,-18,-20,-18,-21,-18,-21,-17]"
CSI_DATA,224893,d8:b1:90:db:e8:90,-51,11,1,7,0,0,1,0,0,0,1,-96,0,4,0,-817928389,0,100,0,128,1,"[100,-64,5,0,-16,19,-15,19,-15,19,-14,19,-14,18,-13,18,-13,19,-12,19,-12,19,-11,19,-11,19,-11,19,-11,19,-11,19,-11,19,-11,19,-12,18,-12,18,-11,17,-11,16,-11,16,-12,15,-12,15,-12,14,-13,14,-4,3,0,0,0,0,0,0,0,0,0,0,0,0,0,0,0,0,0,0,-3,3,-11,15,-12,14,-13,13,-13,13,-14,13,-14,13,-15,13,-15,13,-15,13,-16,13,-16,13,-17,13,-17,13,-17,13,-17,14,-17,14,-17,14,-17,15,-16,15,-16,16,-16,16,-16,17,-16,18,-16,18,-16,18,-16,18]"
CSI_DATA,224894,d8:b1:90:db:e8:90,-51,11,1,7,0,0,1,0,0,0,1,-96,0,4,0,-817913893,0,100,0,128,1,"[100,-64,5,0,-28,-1,-27,0,-27,0,-26,0,-25,0,-25,0,-25,1,-25,2,-24,2,-24,3,-24,3,-24,2,-24,2,-24,2,-24,2,-24,2,-23,2,-22,1,-22,1,-22,0,-22,0,-21,0,-21,-1,-20,-2,-20,-3,-5,-1,0,0,0,0,0,0,0,0,0,0,0,0,0,0,0,0,0,0,-5,0,-20,0,-20,-1,-20,-2,-20,-3,-21,-4,-21,-4,-22,-4,-22,-4,-23,-4,-23,-5,-23,-5,-23,-5,-23,-5,-24,-5,-24,-4,-25,-4,-25,-3,-25,-3,-25,-2,-25,-1,-26,-1,-26,-1,-26,-1,-26,-1,-26,-1,-26,-1]"
CSI_DATA,224895,d8:b1:90:db:e8:90,-51,11,1,7,0,0,1,0,0,0,1,-96,0,4,0,-817896480,0,100,0,128,1,"[100,-64,5,0,0,-30,0,-29,0,-29,-1,-29,-1,-28,-2,-28,-3,-28,-3,-27,-3,-27,-4,-27,-4,-27,-5,-26,-5,-26,-4,-26,-4,-26,-4,-26,-4,-25,-3,-25,-3,-25,-2,-25,-1,-24,-1,-24,0,-23,1,-23,2,-23,0,-6,0,0,0,0,0,0,0,0,0,0,0,0,0,0,0,0,0,0,-1,-6,-2,-22,-2,-22,-1,-23,0,-23,0,-23,1,-24,2,-24,2,-24,2,-25,3,-25,3,-26,3,-26,3,-26,3,-27,3,-27,2,-27,2,-27,2,-27,1,-28,0,-28,0,-29,-1,-29,-1,-29,0,-29,0,-29,0,-30]"
CSI_DATA,224896,d8:b1:90:db:e8:90,-51,11,1,7,0,0,1,0,0,0,1,-96,0,4,0,-817865609,0,100,0,128,1,"[100,-64,5,0,-7,-27,-7,-26,-7,-26,-7,-25,-8,-25,-8,-24,-9,-24,-9,-24,-10,-24,-10,-24,-10,-23,-11,-23,-11,-22,-10,-22,-10,-22,-10,-22,-9,-22,-9,-22,-8,-21,-8,-21,-7,-21,-6,-20,-5,-21,-4,-21,-3,-21,-1,-6,0,0,0,0,0,0,0,0,0,0,0,0,0,0,0,0,0,0,-2,-5,-5,-19,-5,-20,-4,-20,-3,-21,-3,-21,-2,-22,-2,-22,-1,-22,-1,-23,-1,-23,-1,-24,-1,-24,-1,-24,-1,-24,-2,-24,-2,-24,-2,-24,-3,-25,-3,-25,-4,-25,-5,-26,-5,-26,-5,-26,-6,-26,-6,-27,-6,-27]"
CSI_DATA,224897,d8:b1:90:db:e8:90,-52,11,1,7,0,0,1,0,0,0,1,-96,0,4,0,-817851910,0,100,0,128,1,"[100,-64,5,0,20,-21,20,-21,19,-20,19,-20,18,-20,17,-20,17,-20,17,-21,16,-21,16,-21,16,-21,16,-20,16,-20,16,-20,16,-20,16,-19,16,-19,16,-18,16,-18,16,-17,16,-17,16,-16,16,-15,17,-15,17,-14,4,-4,0,0,0,0,0,0,0,0,0,0,0,0,0,0,0,0,0,0,3,-5,13,-17,14,-17,15,-16,16,-15,17,-15,18,-15,18,-14,19,-14,20,-14,20,-14,20,-14,20,-14,20,-14,21,-14,21,-15,21,-16,21,-16,21,-17,20,-17,20,-17,20,-18,20,-18,20,-19,20,-20,20,-20,21,-21]"
CSI_DATA,224898,d8:b1:90:db:e8:90,-51,11,1,7,0,0,1,0,0,0,1,-96,0,4,0,-817840460,0,100,0,128,1,"[100,-64,5,0,25,7,25,7,25,7,25,6,24,6,24,5,24,5,23,4,23,4,23,4,23,3,23,3,23,3,23,3,23,3,23,4,22,4,22,4,21,4,21,5,20,5,20,6,19,6,18,7,18,8,4,2,0,0,0,0,0,0,0,0,0,0,0,0,0,0,0,0,0,0,4,0,19,3,19,4,18,5,18,6,19,6,19,7,19,7,19,8,20,8,20,9,20,10,20,10,20,10,20,10,21,10,21,9,22,9,22,9,22,9,23,8,23,7,24,7,24,8,25,8,25,8,25,7]"
CSI_DATA,224899,d8:b1:90:db:e8:90,-52,11,1,7,0,0,1,0,0,0,1,-96,0,4,0,-817828982,0,100,0,128,1,"[100,-64,5,0,21,-22,23,-30,26,-27,21,-21,11,-24,7,-32,11,-35,10,-29,1,-26,-6,-31,-5,-35,-3,-31,-8,-25,-16,-26,-17,-31,-13,-28,-13,-21,-19,-18,-23,-22,-20,-24,-18,-18,-20,-11,-23,-11,-22,-14,-20,-14,-5,-4,0,0,0,0,0,0,0,0,0,0,0,0,0,0,0,0,0,0,0,7,0,30,-5,29,-6,22,1,19,5,26,2,31,-1,26,5,20,13,24,12,29,8,25,12,18,21,19,23,25,18,24,19,15,27,9,32,12,28,15,24,7,28,-3,36,-5,35,0,28,-4,26,-15,32,-23]"
CSI_DATA,224900,d8:b1:90:db:e8:90,-51,11,1,6,0,0,1,0,0,0,1,-96,0,4,0,-817815598,0,100,0,128,1,"[100,-64,5,0,-9,4,-8,10,-6,15,-4,20,-1,24,1,26,4,28,6,29,8,28,9,27,8,26,8,24,6,22,3,20,-1,18,-4,17,-8,15,-12,13,-16,12,-19,11,-21,11,-22,10,-23,9,-23,9,-23,8,-6,2,0,0,0,0,0,0,0,0,0,0,0,0,0,0,0,0,0,0,-5,-1,-21,-1,-23,-1,-24,-2,-26,-2,-26,-3,-26,-3,-25,-3,-23,-4,-21,-6,-17,-8,-13,-10,-9,-12,-5,-15,-1,-18,2,-21,4,-23,5,-26,5,-28,5,-30,3,-31,1,-31,-1,-31,-3,-28,-5,-25,-7,-21,-8,-17]"
CSI_DATA,224901,d8:b1:90:db:e8:90,-51,11,1,6,0,0,1,0,0,0,1,-96,0,4,0,-817765659,0,100,0,128,1,"[100,-64,5,0,6,4,11,0,15,-4,18,-8,19,-12,20,-16,20,-19,19,-21,18,-23,17,-23,16,-23,15,-21,15,-19,15,-16,15,-12,16,-8,17,-4,18,-1,19,3,20,5,21,7,22,8,22,9,22,9,21,9,5,2,0,0,0,0,0,0,0,0,0,0,0,0,0,0,0,0,0,0,1,4,5,18,5,20,4,22,4,23,4,24,4,24,3,24,2,22,0,20,-2,18,-6,15,-9,12,-13,9,-16,7,-20,6,-23,5,-25,5,-28,6,-29,7,-29,9,-28,11,-26,13,-23,14,-19,15,-15,14,-11,13]"
CSI_DATA,224902,d8:b1:90:db:e8:90,-52,11,1,6,0,0,1,0,0,0,1,-96,0,4,0,-817753452,0,100,0,128,1,"[100,-64,5,0,-6,1,-6,6,-5,11,-4,15,-3,18,-1,20,1,22,3,23,5,22,5,22,6,21,5,20,4,18,2,17,0,15,-3,14,-6,13,-9,12,-12,11,-14,11,-16,11,-17,10,-17,10,-17,10,-17,9,-4,2,0,0,0,0,0,0,0,0,0,0,0,0,0,0,0,0,0,0,-4,-3,-13,-10,-14,-11,-15,-12,-16,-13,-16,-14,-16,-14,-15,-13,-14,-13,-12,-13,-9,-13,-5,-13,-2,-13,2,-13,5,-14,8,-15,10,-16,11,-18,12,-20,12,-21,11,-22,10,-23,8,-23,6,-21,3,-19,1,-16,-1,-14]"
CSI_DATA,224903,d8:b1:90:db:e8:90,-52,11,1,6,0,0,1,0,0,0,1,-96,0,4,0,-817742095,0,100,0,128,1,"[100,-64,5,0,-6,-6,-10,-3,-14,0,-17,3,-19,6,-20,9,-20,11,-20,13,-20,14,-19,14,-17,14,-17,13,-16,11,-15,8,-15,5,-14,2,-14,-2,-14,-5,-15,-7,-15,-10,-15,-12,-15,-13,-16,-14,-15,-14,-14,-14,-4,-4,0,0,0,0,0,0,0,0,0,0,0,0,0,0,0,0,0,0,-2,-4,-6,-15,-6,-17,-7,-19,-7,-20,-7,-20,-6,-20,-5,-19,-4,-18,-2,-16,0,-14,3,-12,5,-10,9,-8,12,-6,15,-5,18,-4,20,-4,22,-5,23,-6,23,-7,23,-8,22,-9,19,-11,16,-11,13,-11,10,-11]"
CSI_DATA,224904,d8:b1:90:db:e8:90,-52,11,1,6,0,0,1,0,0,0,1,-96,0,4,0,-817728698,0,100,0,128,1,"[100,-64,5,0,7,-2,7,-7,7,-11,6,-15,5,-19,3,-21,2,-23,0,-24,-1,-24,-2,-23,-3,-23,-2,-22,-1,-20,1,-18,3,-16,5,-14,8,-13,11,-11,13,-10,15,-9,17,-8,18,-8,18,-8,18,-8,18,-7,4,-2,0,0,0,0,0,0,0,0,0,0,0,0,0,0,0,0,0,0,3,1,13,6,14,8,15,9,16,9,16,10,16,10,15,10,14,10,12,11,9,11,5,11,2,11,-1,12,-4,13,-7,15,-9,16,-11,18,-11,19,-11,21,-11,22,-9,22,-7,22,-4,21,-2,19,0,16,2,13]"
CSI_DATA,224905,d8:b1:90:db:e8:90,-51,11,1,6,0,0,1,0,0,0,1,-96,0,4,0,-817714351,0,100,0,128,1,"[100,-64,5,0,0,-10,-6,-11,-11,-13,-16,-13,-21,-12,-25,-11,-27,-9,-29,-8,-29,-6,-29,-5,-28,-4,-27,-4,-24,-5,-21,-7,-19,-9,-16,-11,-13,-14,-11,-17,-9,-20,-8,-22,-6,-23,-5,-24,-5,-25,-4,-25,-4,-24,-1,-6,0,0,0,0,0,0,0,0,0,0,0,0,0,0,0,0,0,0,3,-4,13,-14,15,-15,17,-16,18,-17,18,-18,19,-17,18,-16,18,-14,17,-11,17,-8,16,-4,15,0,15,5,15,9,15,13,16,16,18,18,20,19,22,19,23,18,24,17,25,14,24,11,22,7,20,4,17,1]"
CSI_DATA,224906,d8:b1:90:db:e8:90,-51,11,1,6,0,0,1,0,0,0,1,-96,0,4,0,-817693106,0,100,0,128,1,"[100,-64,5,0,1,-10,-6,-13,-11,-14,-17,-15,-22,-15,-26,-14,-29,-12,-31,-11,-32,-9,-32,-8,-31,-7,-29,-7,-26,-8,-23,-9,-19,-11,-16,-14,-12,-17,-9,-20,-7,-23,-4,-25,-3,-26,-1,-27,-1,-28,-1,-28,0,-27,0,-7,0,0,0,0,0,0,0,0,0,0,0,0,0,0,0,0,0,0,3,-4,15,-16,16,-17,18,-19,20,-19,21,-20,21,-19,21,-18,20,-16,19,-13,19,-9,17,-4,16,1,16,6,16,11,16,15,17,19,19,21,20,23,23,24,24,23,26,21,26,18,26,15,24,11,22,6,19,3]"
CSI_DATA,224907,d8:b1:90:db:e8:90,-52,11,1,6,0,0,1,0,0,0,1,-96,0,4,0,-817682436,0,100,0,128,1,"[100,-64,5,0,-4,8,1,11,6,13,10,15,14,16,18,16,21,15,23,14,24,13,24,11,23,10,22,10,19,10,16,11,13,12,10,14,7,15,4,17,1,19,-1,20,-3,21,-4,22,-4,22,-4,22,-4,22,-1,5,0,0,0,0,0,0,0,0,0,0,0,0,0,0,0,0,0,0,-4,2,-17,8,-18,9,-20,9,-21,10,-22,10,-22,9,-22,8,-21,7,-19,5,-18,2,-16,-2,-14,-6,-13,-9,-12,-13,-11,-17,-12,-20,-13,-22,-14,-24,-15,-24,-16,-24,-18,-23,-19,-21,-19,-18,-19,-14,-17,-10,-16,-7]"
CSI_DATA,224908,d8:b1:90:db:e8:90,-52,11,1,7,0,0,1,0,0,0,1,-96,0,4,0,-817672135,0,100,0,128,1,"[100,-64,5,0,28,3,28,2,28,2,27,1,27,1,26,0,26,0,26,0,26,-1,26,-1,26,-2,25,-2,25,-2,25,-2,24,-2,24,-1,24,0,23,0,23,1,23,1,23,1,22,1,22,2,21,3,21,4,5,1,0,0,0,0,0,0,0,0,0,0,0,0,0,0,0,0,0,0,5,0,22,0,21,1,21,2,21,3,21,4,22,4,23,6,23,7,23,7,23,7,24,7,24,8,24,8,24,8,24,7,24,7,24,6,25,6,26,6,26,5,26,5,27,4,27,4,27,3,28,3,28,3]"
CSI_DATA,224909,d8:b1:90:db:e8:90,-52,11,1,7,0,0,1,0,0,0,1,-96,0,4,0,-817649312,0,100,0,128,1,"[100,-64,5,0,0,-28,-1,-28,-1,-27,-1,-27,-2,-26,-3,-26,-2,-25,-1,-23,0,-22,-1,-22,0,-22,3,-23,5,-24,4,-24,5,-23,6,-23,6,-22,5,-22,6,-22,7,-21,8,-21,7,-20,8,-19,8,-18,9,-17,2,-5,0,0,0,0,0,0,0,0,0,0,0,0,0,0,0,0,0,0,1,-5,7,-19,7,-19,7,-19,7,-19,7,-19,9,-19,11,-19,12,-19,12,-20,12,-21,13,-22,14,-23,13,-23,13,-23,12,-24,11,-24,10,-24,9,-25,8,-26,7,-26,6,-27,5,-27,4,-26,3,-26,3,-27,4,-27]"
CSI_DATA,224910,d8:b1:90:db:e8:90,-51,11,1,7,0,0,1,0,0,0,1,-96,0,4,0,-817636495,0,100,0,128,1,"[100,-64,5,0,26,-13,26,-13,25,-13,25,-13,24,-14,24,-14,23,-14,23,-14,22,-14,22,-15,22,-15,22,-15,22,-15,21,-14,21,-14,21,-14,20,-13,20,-13,21,-13,22,-13,21,-12,21,-10,21,-10,21,-9,21,-8,5,-2,0,0,0,0,0,0,0,0,0,0,0,0,0,0,0,0,0,0,4,-3,19,-11,20,-10,20,-9,21,-9,22,-8,23,-8,23,-8,24,-8,25,-7,25,-7,25,-7,25,-7,25,-7,25,-7,26,-7,26,-8,25,-8,25,-9,25,-9,25,-9,25,-10,26,-11,26,-12,26,-12,26,-13,26,-13]"
CSI_DATA,224911,d8:b1:90:db:e8:90,-52,11,1,7,0,0,1,0,0,0,1,-96,0,4,0,-817623982,0,100,0,128,1,"[100,-64,5,0,0,28,0,28,0,27,1,27,1,27,2,26,2,26,2,26,2,25,3,25,3,25,3,25,4,25,4,25,4,25,3,24,3,24,2,24,2,23,1,23,1,23,0,22,0,22,-2,22,-3,21,-1,5,0,0,0,0,0,0,0,0,0,0,0,0,0,0,0,0,0,0,0,5,0,20,-1,21,-2,21,-3,22,-3,22,-4,23,-5,23,-5,24,-5,24,-6,25,-6,24,-6,24,-6,24,-6,25,-5,25,-5,25,-5,25,-4,25,-4,26,-3,26,-3,26,-2,27,-2,27,-1,27,-1,27,0,28]"
CSI_DATA,224912,d8:b1:90:db:e8:90,-51,11,1,7,0,0,1,0,0,0,1,-96,0,4,0,-817611698,0,100,0,128,1,"[100,-64,5,0,-18,21,-18,21,-17,20,-17,20,-16,20,-15,20,-15,20,-14,20,-13,20,-13,20,-13,20,-13,20,-13,21,-13,21,-13,20,-13,19,-13,19,-13,18,-13,18,-13,17,-14,16,-14,16,-14,15,-14,14,-14,14,-4,3,0,0,0,0,0,0,0,0,0,0,0,0,0,0,0,0,0,0,-4,3,-13,15,-14,15,-14,14,-15,14,-16,14,-16,14,-17,15,-18,15,-18,15,-19,15,-20,15,-20,15,-19,15,-19,15,-19,15,-19,16,-19,16,-19,16,-18,17,-18,18,-17,18,-18,19,-18,18,-19,19,-18,19,-18,20]"
CSI_DATA,224913,d8:b1:90:db:e8:90,-51,11,1,7,0,0,1,0,0,0,1,-96,0,4,0,-817589768,0,100,0,128,1,"[100,-64,5,0,22,-19,22,-19,21,-19,21,-19,20,-20,19,-20,19,-20,18,-20,18,-20,18,-20,17,-20,17,-20,17,-20,17,-20,17,-20,17,-19,17,-19,17,-18,17,-17,17,-17,17,-16,17,-15,17,-14,18,-13,18,-13,4,-3,0,0,0,0,0,0,0,0,0,0,0,0,0,0,0,0,0,0,3,-4,14,-16,14,-16,15,-15,16,-15,16,-15,17,-15,18,-14,19,-14,19,-14,20,-14,21,-15,21,-15,21,-15,21,-15,21,-15,20,-15,20,-16,21,-16,21,-16,21,-16,21,-17,21,-17,21,-18,21,-18,22,-19,22,-19]"
CSI_DATA,224914,d8:b1:90:db:e8:90,-51,11,1,7,0,0,1,0,0,0,1,-96,0,4,0,-817559035,0,100,0,128,1,"[100,-64,5,0,-11,-25,-12,-25,-12,-24,-12,-24,-12,-24,-12,-23,-12,-23,-12,-22,-13,-22,-13,-21,-14,-21,-14,-21,-14,-21,-14,-21,-13,-20,-13,-20,-13,-20,-12,-20,-12,-19,-12,-19,-11,-19,-11,-19,-10,-19,-9,-19,-8,-19,-2,-5,0,0,0,0,0,0,0,0,0,0,0,0,0,0,0,0,0,0,-3,-5,-11,-17,-10,-18,-9,-19,-9,-20,-8,-20,-8,-21,-7,-22,-7,-22,-7,-23,-7,-23,-7,-23,-7,-23,-7,-23,-7,-24,-7,-24,-7,-24,-8,-24,-8,-24,-9,-24,-9,-24,-10,-24,-10,-24,-11,-24,-11,-24,-11,-25,-12,-25]"
CSI_DATA,224915,d8:b1:90:db:e8:90,-51,11,1,7,0,0,1,0,0,0,1,-96,0,4,0,-817548731,0,100,0,128,1,"[100,-64,5,0,22,-13,22,-13,22,-13,22,-12,22,-12,21,-12,21,-12,21,-12,20,-13,20,-13,20,-13,20,-13,20,-13,20,-13,19,-13,19,-12,19,-12,18,-12,18,-11,18,-11,18,-10,18,-10,18,-9,18,-8,18,-8,4,-2,0,0,0,0,0,0,0,0,0,0,0,0,0,0,0,0,0,0,4,-3,16,-11,16,-11,17,-10,17,-10,18,-9,19,-9,19,-9,19,-9,20,-9,20,-9,21,-9,21,-9,21,-9,21,-9,21,-9,21,-9,21,-9,21,-10,22,-10,22,-10,22,-10,22,-11,22,-12,22,-13,22,-13,23,-13]"
CSI_DATA,224916,d8:b1:90:db:e8:90,-51,11,1,7,0,0,1,0,0,0,1,-96,0,4,0,-817537090,0,100,0,128,1,"[100,-64,5,0,-27,6,-26,6,-26,6,-25,7,-25,7,-24,7,-24,8,-23,8,-22,9,-22,9,-22,9,-22,9,-22,9,-22,9,-21,9,-22,9,-22,9,-22,8,-22,8,-21,7,-21,7,-20,6,-20,5,-21,3,-22,2,-6,0,0,0,0,0,0,0,0,0,0,0,0,0,0,0,0,0,0,0,-5,1,-19,6,-20,5,-20,4,-20,3,-21,3,-22,2,-22,2,-23,2,-23,2,-24,1,-24,1,-24,1,-24,1,-24,1,-24,1,-24,2,-24,2,-24,3,-24,3,-24,4,-25,5,-25,5,-25,5,-25,5,-26,5,-27,6]"
CSI_DATA,224917,d8:b1:90:db:e8:90,-52,11,1,7,0,0,1,0,0,0,1,-96,0,4,0,-817526799,0,100,0,128,1,"[100,-64,5,0,-26,13,-26,13,-25,13,-25,13,-25,13,-24,14,-23,14,-22,14,-22,14,-21,14,-21,15,-21,15,-21,15,-20,15,-20,14,-21,14,-21,14,-21,13,-21,13,-21,12,-21,12,-20,12,-20,10,-20,8,-19,8,-5,2,0,0,0,0,0,0,0,0,0,0,0,0,0,0,0,0,0,0,-5,3,-18,13,-19,12,-19,11,-20,10,-21,10,-21,10,-22,10,-23,9,-24,9,-24,9,-25,8,-25,8,-25,8,-25,8,-25,9,-25,9,-25,10,-25,10,-24,10,-24,11,-24,12,-24,12,-25,12,-25,13,-26,13,-26,13]"
CSI_DATA,224918,d8:b1:90:db:e8:90,-52,11,1,7,0,0,1,0,0,0,1,-96,0,4,0,-817516764,0,100,0,128,1,"[100,-64,5,0,-21,-21,-21,-21,-21,-20,-21,-19,-21,-19,-21,-19,-21,-18,-21,-18,-21,-17,-22,-16,-22,-16,-22,-16,-22,-16,-22,-16,-22,-16,-21,-16,-20,-16,-19,-16,-19,-16,-18,-16,-18,-16,-17,-16,-17,-16,-16,-17,-15,-17,-4,-5,0,0,0,0,0,0,0,0,0,0,0,0,0,0,0,0,0,0,-5,-4,-18,-14,-17,-15,-16,-17,-16,-17,-16,-18,-16,-18,-15,-19,-16,-19,-16,-20,-16,-21,-16,-21,-15,-21,-16,-22,-16,-22,-16,-22,-16,-21,-17,-21,-18,-21,-17,-21,-18,-21,-18,-21,-19,-22,-20,-21,-20,-21,-21,-21,-20,-21]"
CSI_DATA,224919,d8:b1:90:db:e8:90,-51,11,1,7,0,0,1,0,0,0,1,-96,0,4,0,-817506137,0,100,0,128,1,"[100,-64,5,0,13,26,13,25,13,24,14,24,14,23,14,23,14,22,14,22,15,22,15,21,15,20,16,20,15,20,15,20,15,20,14,20,14,20,13,20,12,20,12,19,11,19,11,19,10,19,10,20,9,20,2,5,0,0,0,0,0,0,0,0,0,0,0,0,0,0,0,0,0,0,3,4,12,17,11,18,10,19,9,20,9,20,9,21,8,22,8,22,8,23,8,24,8,24,8,24,8,24,8,24,8,24,8,24,9,24,9,24,10,24,10,25,11,25,11,25,12,25,12,25,13,26,13,26]"
CSI_DATA,224920,d8:b1:90:db:e8:90,-51,11,1,7,0,0,1,0,0,0,1,-96,0,4,0,-817487034,0,100,0,128,1,"[100,-64,5,0,-23,-20,-22,-19,-22,-18,-22,-18,-22,-18,-22,-17,-22,-16,-22,-16,-23,-15,-23,-15,-23,-14,-23,-14,-23,-14,-23,-15,-23,-15,-22,-14,-21,-14,-20,-14,-20,-15,-19,-15,-19,-16,-18,-16,-18,-16,-17,-16,-15,-17,-4,-5,0,0,0,0,0,0,0,0,0,0,0,0,0,0,0,0,0,0,-5,-4,-17,-14,-16,-15,-16,-16,-16,-17,-16,-18,-16,-18,-16,-18,-16,-19,-16,-19,-16,-20,-16,-21,-16,-21,-17,-21,-17,-21,-17,-21,-18,-20,-19,-20,-19,-20,-19,-21,-19,-20,-20,-20,-21,-20,-22,-20,-22,-20,-22,-20,-22,-19]"
CSI_DATA,224921,d8:b1:90:db:e8:90,-51,11,1,7,0,0,1,0,0,0,1,-96,0,4,0,-817475715,0,100,0,128,1,"[100,-64,5,0,20,-17,19,-17,19,-17,19,-17,19,-18,18,-18,18,-18,17,-19,17,-19,16,-19,15,-19,15,-19,15,-19,15,-19,15,-19,15,-19,15,-18,15,-18,15,-17,15,-17,15,-16,15,-15,15,-14,15,-13,16,-13,4,-3,0,0,0,0,0,0,0,0,0,0,0,0,0,0,0,0,0,0,3,-4,13,-15,14,-14,15,-14,16,-13,17,-13,17,-13,18,-13,19,-13,19,-13,20,-13,20,-14,21,-14,21,-14,20,-13,20,-13,20,-13,20,-14,20,-14,20,-14,19,-15,20,-16,20,-16,20,-17,20,-17,20,-18,20,-18]"
CSI_DATA,224922,d8:b1:90:db:e8:90,-51,11,1,7,0,0,1,0,0,0,1,-96,0,4,0,-817447971,0,100,0,128,1,"[100,-64,5,0,25,0,25,-1,25,-1,25,-2,25,-2,24,-3,24,-3,24,-3,23,-4,23,-4,23,-5,23,-5,23,-5,23,-5,23,-5,23,-5,22,-5,22,-4,22,-4,21,-3,21,-3,21,-3,20,-2,20,0,20,1,5,0,0,0,0,0,0,0,0,0,0,0,0,0,0,0,0,0,0,0,5,-1,20,-2,20,-2,19,-1,20,0,20,0,21,1,21,2,21,3,22,3,22,3,23,3,23,3,23,3,23,3,23,3,23,3,24,3,24,2,24,1,24,1,25,0,25,0,25,0,25,-1,26,-1,26,-1]"
CSI_DATA,224923,d8:b1:90:db:e8:90,-51,11,1,7,0,0,1,0,0,0,1,-96,0,4,0,-817435494,0,100,0,128,1,"[100,-64,5,0,-29,-1,-29,-1,-28,0,-28,0,-28,0,-28,1,-27,1,-27,2,-27,3,-27,3,-27,4,-26,4,-26,4,-26,3,-26,4,-26,4,-25,3,-25,2,-25,2,-25,2,-25,1,-23,1,-23,0,-23,-3,-23,-4,-6,-1,0,0,0,0,0,0,0,0,0,0,0,0,0,0,0,0,0,0,-6,0,-23,1,-23,0,-23,-1,-23,-1,-23,-2,-24,-3,-24,-4,-25,-5,-25,-5,-26,-5,-26,-5,-26,-5,-26,-5,-26,-5,-27,-5,-27,-5,-27,-4,-27,-4,-27,-3,-28,-3,-28,-2,-28,-2,-29,-1,-29,0,-29,0,-29,0]"
CSI_DATA,224924,d8:b1:90:db:e8:90,-51,11,1,7,0,0,1,0,0,0,1,-96,0,4,0,-817422726,0,100,0,128,1,"[100,-64,5,0,-29,-6,-29,-6,-29,-6,-29,-6,-29,-6,-28,-5,-28,-5,-28,-5,-28,-5,-27,-4,-28,-3,-27,-3,-27,-3,-27,-4,-26,-4,-26,-4,-25,-4,-24,-4,-24,-5,-24,-5,-23,-6,-23,-6,-22,-7,-21,-8,-21,-10,-5,-3,0,0,0,0,0,0,0,0,0,0,0,0,0,0,0,0,0,0,-6,-1,-23,-4,-23,-5,-23,-6,-23,-7,-23,-8,-24,-8,-24,-9,-24,-9,-24,-10,-25,-10,-25,-10,-25,-10,-25,-11,-25,-11,-25,-11,-26,-10,-26,-10,-26,-9,-27,-9,-27,-8,-28,-8,-28,-7,-29,-7,-29,-6,-29,-6,-30,-6]"
CSI_DATA,224925,d8:b1:90:db:e8:90,-51,11,1,7,0,0,1,0,0,0,1,-96,0,4,0,-817411493,0,100,0,128,1,"[100,-64,5,0,20,-20,19,-20,19,-20,19,-20,19,-20,18,-21,18,-21,17,-21,16,-21,16,-21,15,-21,15,-21,14,-21,14,-20,15,-20,15,-20,15,-20,15,-19,15,-19,15,-18,15,-17,14,-17,15,-16,15,-15,15,-14,3,-4,0,0,0,0,0,0,0,0,0,0,0,0,0,0,0,0,0,0,3,-5,12,-18,13,-17,14,-17,14,-16,15,-16,16,-16,17,-17,18,-17,19,-17,19,-17,19,-17,19,-17,19,-17,20,-17,19,-17,19,-17,19,-18,19,-18,19,-18,19,-19,19,-19,19,-20,19,-20,20,-21,20,-21,20,-22]"
CSI_DATA,224926,d8:b1:90:db:e8:90,-51,11,1,7,0,0,1,0,0,0,1,-96,0,4,0,-817401455,0,100,0,128,1,"[100,-64,5,0,16,20,16,19,16,19,17,18,17,18,17,17,18,17,17,17,17,16,17,15,17,15,17,15,17,14,17,14,17,14,17,14,16,14,16,14,15,14,15,14,14,14,14,14,13,14,12,15,11,15,2,3,0,0,0,0,0,0,0,0,0,0,0,0,0,0,0,0,0,0,3,3,14,12,14,13,13,14,12,15,12,15,12,16,12,17,13,18,13,18,12,19,12,19,12,19,12,19,12,19,13,19,13,18,14,18,14,18,14,18,15,18,15,18,16,18,16,19,16,19,17,20,17,20]"
CSI_DATA,224927,d8:b1:90:db:e8:90,-51,11,1,7,0,0,1,0,0,0,1,-96,0,4,0,-817381403,0,100,0,128,1,"[100,-64,5,0,23,16,23,15,23,15,24,14,24,14,24,13,24,12,24,12,24,12,24,11,24,10,23,10,23,9,23,9,23,9,23,10,22,10,22,10,21,10,21,10,20,10,19,10,19,11,18,12,17,12,4,3,0,0,0,0,0,0,0,0,0,0,0,0,0,0,0,0,0,0,4,2,19,9,18,10,18,11,17,12,18,13,18,13,18,14,19,15,19,16,19,16,18,16,18,17,19,17,19,17,20,16,20,16,21,15,21,15,21,15,21,15,22,15,23,15,23,15,24,16,24,16,24,16]"
CSI_DATA,224928,d8:b1:90:db:e8:90,-51,11,1,7,0,0,1,0,0,0,1,-96,0,4,0,-817347863,0,100,0,128,1,"[100,-64,5,0,-25,10,-24,10,-24,10,-24,10,-24,11,-23,11,-22,11,-22,12,-22,12,-21,12,-21,12,-21,13,-21,13,-20,13,-20,13,-20,12,-19,12,-19,11,-19,11,-19,10,-19,10,-19,9,-19,9,-19,8,-20,7,-5,1,0,0,0,0,0,0,0,0,0,0,0,0,0,0,0,0,0,0,-5,2,-18,9,-18,8,-19,8,-19,7,-20,7,-20,6,-21,6,-22,6,-22,6,-23,6,-24,5,-24,5,-24,5,-24,5,-24,5,-24,6,-24,6,-24,7,-24,7,-24,7,-24,8,-24,9,-24,9,-24,9,-24,10,-25,9]"
CSI_DATA,224929,d8:b1:90:db:e8:90,-51,11,1,7,0,0,1,0,0,0,1,-96,0,4,0,-817337445,0,100,0,128,1,"[100,-64,5,0,-5,26,-5,25,-5,25,-4,25,-3,25,-3,25,-2,24,-2,24,-2,24,-1,24,-1,24,-1,24,-1,24,-1,24,-1,23,-1,22,-1,22,-2,22,-3,21,-3,21,-3,21,-3,20,-4,21,-5,20,-5,19,-2,4,0,0,0,0,0,0,0,0,0,0,0,0,0,0,0,0,0,0,0,4,-1,19,-2,20,-3,20,-3,20,-4,20,-4,20,-5,21,-6,21,-6,22,-6,22,-7,23,-8,23,-8,22,-8,23,-8,23,-7,22,-7,23,-7,23,-6,23,-5,24,-5,24,-5,25,-4,25,-4,25,-4,25,-5,26]"
CSI_DATA,224930,d8:b1:90:db:e8:90,-51,11,1,7,0,0,1,0,0,0,1,-96,0,4,0,-817325047,0,100,0,128,1,"[100,-64,5,0,23,-10,23,-10,23,-10,22,-11,22,-11,22,-12,21,-12,21,-11,21,-11,20,-12,20,-12,20,-12,20,-11,20,-11,20,-11,20,-10,20,-10,20,-10,20,-9,19,-8,19,-8,18,-8,18,-7,18,-6,16,-4,4,-1,0,0,0,0,0,0,0,0,0,0,0,0,0,0,0,0,0,0,4,-2,17,-8,18,-7,18,-7,19,-6,19,-6,20,-6,20,-6,21,-6,21,-5,21,-5,22,-5,22,-5,22,-5,22,-5,22,-6,22,-6,22,-7,22,-7,23,-8,23,-8,23,-9,23,-9,23,-9,23,-9,23,-10,23,-10]"
CSI_DATA,224931,d8:b1:90:db:e8:90,-51,11,1,7,0,0,1,0,0,0,1,-96,0,4,0,-817314054,0,100,0,128,1,"[100,-64,5,0,12,-24,11,-24,11,-24,10,-24,10,-24,9,-24,9,-24,9,-24,9,-24,8,-23,8,-23,8,-23,8,-23,8,-22,8,-22,9,-22,9,-22,9,-21,9,-21,10,-20,10,-19,10,-18,10,-17,11,-17,12,-17,3,-4,0,0,0,0,0,0,0,0,0,0,0,0,0,0,0,0,0,0,2,-5,8,-19,8,-19,9,-18,10,-18,10,-18,11,-18,12,-19,12,-19,12,-19,13,-19,13,-19,14,-19,14,-19,13,-20,13,-20,12,-21,12,-21,12,-22,12,-22,12,-23,11,-23,11,-24,11,-23,12,-23,12,-24,12,-24]"
CSI_DATA,224932,d8:b1:90:db:e8:90,-51,11,1,7,0,0,1,0,0,0,1,-96,0,4,0,-817302428,0,100,0,128,1,"[100,-64,5,0,26,2,26,2,26,1,25,1,25,1,25,0,24,0,24,-1,24,-1,23,-2,23,-2,23,-2,23,-2,23,-2,23,-2,22,-2,22,-1,21,-1,21,0,21,0,20,0,20,1,19,1,19,2,19,3,4,0,0,0,0,0,0,0,0,0,0,0,0,0,0,0,0,0,0,0,5,-1,20,-1,20,0,20,1,20,2,20,3,21,3,21,4,21,4,22,4,22,4,22,4,22,5,22,5,22,5,22,5,22,5,22,4,23,4,23,4,24,3,24,3,25,2,25,2,25,1,26,1,26,1]"
CSI_DATA,224933,d8:b1:90:db:e8:90,-51,11,1,7,0,0,1,0,0,0,1,-96,0,4,0,-817281707,0,100,0,128,1,"[100,-64,5,0,19,22,19,22,19,21,19,20,19,20,19,19,19,19,19,19,19,18,19,18,19,17,19,17,19,17,19,17,18,17,18,17,18,17,17,17,16,17,15,17,15,17,14,17,13,17,12,17,11,18,2,4,0,0,0,0,0,0,0,0,0,0,0,0,0,0,0,0,0,0,4,3,17,14,16,15,15,16,15,17,15,17,15,18,15,18,15,19,15,20,15,20,14,20,14,21,14,21,14,21,14,21,14,21,14,21,15,21,16,21,17,21,17,21,18,21,19,21,19,21,19,21,20,21]"
CSI_DATA,224934,d8:b1:90:db:e8:90,-51,11,1,7,0,0,1,0,0,0,1,-96,0,4,0,-817252866,0,100,0,128,1,"[100,-64,5,0,23,18,23,17,23,16,22,16,22,15,22,15,22,14,22,14,22,13,22,12,22,12,22,12,22,12,22,12,21,12,21,12,21,12,20,12,19,12,18,12,17,13,17,13,16,13,15,14,15,15,3,3,0,0,0,0,0,0,0,0,0,0,0,0,0,0,0,0,0,0,4,2,19,9,19,10,18,11,18,12,18,12,18,13,18,14,18,15,19,16,19,16,19,17,19,17,19,17,19,18,19,18,19,18,20,17,20,17,20,17,21,17,21,17,22,17,22,16,22,16,23,16,23,16]"
CSI_DATA,224935,d8:b1:90:db:e8:90,-52,11,1,7,0,0,1,0,0,0,1,-96,0,4,0,-817241361,0,100,0,128,1,"[100,-64,5,0,-28,-7,-28,-7,-28,-7,-27,-6,-27,-5,-27,-5,-26,-5,-26,-5,-26,-4,-26,-4,-26,-3,-26,-3,-26,-3,-26,-3,-26,-3,-25,-3,-25,-3,-24,-3,-24,-4,-23,-5,-23,-5,-23,-5,-22,-6,-22,-7,-21,-8,-6,-2,0,0,0,0,0,0,0,0,0,0,0,0,0,0,0,0,0,0,-6,-1,-23,-5,-22,-6,-21,-7,-21,-8,-21,-8,-22,-9,-23,-9,-23,-10,-24,-10,-24,-11,-24,-11,-23,-11,-23,-11,-24,-11,-24,-11,-24,-11,-24,-10,-25,-10,-25,-10,-25,-9,-26,-9,-26,-8,-27,-8,-27,-8,-27,-8,-28,-8]"
CSI_DATA,224936,d8:b1:90:db:e8:90,-51,11,1,7,0,0,1,0,0,0,1,-96,0,4,0,-817230686,0,100,0,128,1,"[100,-64,5,0,6,24,6,24,6,24,7,23,7,23,7,22,7,22,8,22,8,22,8,22,9,21,9,21,9,21,9,21,9,21,9,20,8,20,8,21,8,21,6,20,5,20,4,20,4,18,3,18,1,19,0,5,0,0,0,0,0,0,0,0,0,0,0,0,0,0,0,0,0,0,1,4,5,19,4,19,3,19,2,19,1,20,1,20,1,21,0,22,0,22,0,23,0,23,0,23,0,23,0,23,0,23,1,23,1,23,2,23,2,23,3,24,4,24,4,24,5,24,5,24,5,25,5,25]"
CSI_DATA,224937,d8:b1:90:db:e8:90,-51,11,1,7,0,0,1,0,0,0,1,-96,0,4,0,-817219646,0,100,0,128,1,"[100,-64,5,0,8,25,8,25,9,25,9,24,10,24,10,24,11,23,11,22,11,22,11,21,12,21,12,20,12,20,12,20,12,20,12,20,12,20,12,19,11,19,10,18,8,17,8,16,8,18,6,20,6,21,1,5,0,0,0,0,0,0,0,0,0,0,0,0,0,0,0,0,0,0,1,4,7,18,6,19,5,20,4,20,3,21,3,21,3,21,4,22,4,22,3,23,2,24,2,24,2,24,2,24,2,24,3,24,3,24,4,24,4,24,5,25,6,25,6,25,7,25,7,26,7,26,8,26]"
CSI_DATA,224938,d8:b1:90:db:e8:90,-52,11,1,7,0,0,1,0,0,0,1,-96,0,4,0,-817208778,0,100,0,128,1,"[100,-64,5,0,0,29,0,28,0,28,1,27,2,27,2,26,2,26,3,26,3,26,3,25,4,25,4,25,4,24,4,24,4,24,4,24,4,23,4,23,3,22,3,22,2,22,2,21,1,21,0,21,-1,21,-1,5,0,0,0,0,0,0,0,0,0,0,0,0,0,0,0,0,0,0,0,5,2,21,1,21,0,22,-1,22,-1,22,-2,23,-3,23,-4,23,-4,24,-4,24,-5,25,-5,25,-5,25,-5,25,-5,25,-4,25,-4,25,-4,25,-3,26,-2,26,-2,27,-1,27,-1,27,-1,28,-1,28,-1,28]"
CSI_DATA,224939,d8:b1:90:db:e8:90,-51,11,1,7,0,0,1,0,0,0,1,-96,0,4,0,-817197970,0,100,0,128,1,"[100,-64,5,0,22,-12,22,-12,22,-12,22,-12,21,-12,20,-13,20,-13,20,-13,19,-13,19,-13,19,-14,18,-13,18,-13,18,-14,18,-14,18,-13,17,-13,17,-12,17,-12,17,-11,17,-11,17,-10,17,-9,17,-9,17,-8,4,-2,0,0,0,0,0,0,0,0,0,0,0,0,0,0,0,0,0,0,4,-3,16,-10,17,-10,17,-9,18,-9,18,-9,19,-8,19,-7,20,-7,20,-7,21,-7,22,-7,22,-6,22,-6,22,-6,22,-6,21,-7,21,-7,22,-8,22,-8,22,-9,22,-10,22,-10,22,-10,23,-10,23,-11,23,-11]"
CSI_DATA,224940,d8:b1:90:db:e8:90,-51,11,1,7,0,0,1,0,0,0,1,-96,0,4,0,-817172955,0,100,0,128,1,"[100,-64,5,0,9,27,9,26,9,26,9,25,10,24,10,24,11,23,11,23,11,22,11,22,12,21,12,21,12,21,12,21,12,21,11,21,11,21,11,20,10,20,9,20,9,19,8,19,7,20,7,20,6,21,1,5,0,0,0,0,0,0,0,0,0,0,0,0,0,0,0,0,0,0,2,4,8,18,8,18,7,19,6,20,6,20,5,21,5,21,5,22,5,23,5,23,5,23,5,24,5,24,5,24,5,24,6,24,6,24,6,24,6,24,7,25,7,25,8,25,8,25,8,25,9,26,9,26]"
CSI_DATA,224941,d8:b1:90:db:e8:90,-51,11,1,7,0,0,1,0,0,0,1,-96,0,4,0,-817149947,0,100,0,128,1,"[100,-64,5,0,21,20,21,19,21,19,22,18,22,18,22,17,22,16,22,15,22,15,22,15,22,14,22,14,21,13,21,13,21,13,21,13,20,13,20,13,19,12,19,12,18,12,18,13,17,13,17,14,16,15,4,3,0,0,0,0,0,0,0,0,0,0,0,0,0,0,0,0,0,0,4,2,17,12,16,13,15,15,14,16,14,17,14,18,14,18,14,19,14,20,14,20,14,20,14,21,14,21,14,21,15,21,15,20,16,20,17,20,18,20,19,20,20,20,20,20,20,20,20,21,20,21,21,21]"
CSI_DATA,224942,d8:b1:90:db:e8:90,-51,11,1,7,0,0,1,0,0,0,1,-96,0,4,0,-817138094,0,100,0,128,1,"[100,-64,5,0,-25,9,-25,9,-24,9,-24,10,-24,10,-23,10,-22,11,-22,11,-21,11,-21,12,-21,12,-20,12,-20,11,-20,11,-20,11,-20,11,-19,11,-19,10,-19,10,-19,9,-18,9,-18,8,-18,8,-18,8,-19,7,-5,1,0,0,0,0,0,0,0,0,0,0,0,0,0,0,0,0,0,0,-5,2,-17,10,-18,9,-19,7,-20,6,-20,5,-21,5,-21,4,-22,4,-22,4,-23,4,-23,4,-23,4,-23,4,-23,4,-23,5,-23,5,-23,5,-23,6,-24,6,-24,7,-24,8,-24,8,-24,8,-24,8,-25,9,-25,9]"
CSI_DATA,224943,d8:b1:90:db:e8:90,-51,11,1,7,0,0,1,0,0,0,1,-96,0,4,0,-817122184,0,100,0,128,1,"[100,-64,5,0,-23,-15,-23,-14,-23,-14,-23,-13,-23,-12,-23,-12,-23,-12,-22,-12,-22,-12,-22,-11,-22,-10,-22,-10,-22,-10,-22,-10,-22,-9,-22,-9,-22,-10,-21,-10,-21,-10,-20,-10,-20,-10,-20,-10,-19,-11,-18,-12,-18,-12,-5,-3,0,0,0,0,0,0,0,0,0,0,0,0,0,0,0,0,0,0,-5,-3,-17,-11,-17,-12,-17,-12,-16,-13,-17,-14,-17,-14,-17,-14,-17,-14,-17,-15,-17,-16,-17,-17,-17,-17,-17,-17,-17,-17,-18,-17,-18,-16,-19,-16,-19,-16,-20,-16,-21,-15,-22,-15,-22,-15,-22,-15,-22,-15,-22,-15,-23,-15]"
CSI_DATA,224944,d8:b1:90:db:e8:90,-51,11,1,7,0,0,1,0,0,0,1,-96,0,4,0,-817110390,0,100,0,128,1,"[100,-64,5,0,-24,-12,-24,-12,-24,-12,-23,-11,-23,-11,-23,-10,-23,-9,-23,-9,-23,-9,-23,-8,-23,-8,-23,-8,-23,-7,-23,-7,-22,-8,-22,-8,-22,-8,-21,-8,-20,-8,-20,-8,-19,-8,-19,-8,-19,-9,-18,-10,-17,-11,-5,-3,0,0,0,0,0,0,0,0,0,0,0,0,0,0,0,0,0,0,-5,-2,-20,-6,-20,-7,-19,-8,-19,-9,-20,-10,-20,-10,-20,-11,-21,-11,-21,-12,-21,-13,-20,-13,-20,-14,-20,-14,-20,-14,-21,-14,-21,-13,-21,-13,-22,-13,-22,-13,-22,-13,-23,-13,-23,-12,-23,-12,-23,-12,-24,-12,-25,-12]"
CSI_DATA,224945,d8:b1:90:db:e8:90,-51,11,1,7,0,0,1,0,0,0,1,-96,0,4,0,-817100188,0,100,0,128,1,"[100,-64,5,0,-27,4,-26,4,-26,4,-25,4,-25,5,-25,5,-24,6,-24,6,-24,7,-24,7,-23,7,-23,7,-22,7,-22,7,-22,7,-22,7,-22,7,-21,7,-21,6,-20,6,-20,5,-20,5,-20,4,-20,3,-20,2,-5,0,0,0,0,0,0,0,0,0,0,0,0,0,0,0,0,0,0,0,-5,1,-20,5,-20,4,-21,3,-21,3,-22,2,-22,2,-23,2,-23,2,-24,2,-24,1,-24,0,-24,0,-24,0,-24,0,-25,0,-25,1,-25,1,-25,1,-25,1,-25,2,-25,2,-26,3,-26,3,-26,3,-26,3,-27,4]"
CSI_DATA,224946,d8:b1:90:db:e8:90,-51,11,1,7,0,0,1,0,0,0,1,-96,0,4,0,-817087252,0,100,0,128,1,"[100,-64,5,0,-3,26,-3,25,-2,25,-2,25,-2,24,-2,24,-1,24,-1,23,0,23,0,23,0,23,0,23,0,23,1,23,0,23,0,22,-1,22,-1,22,-1,21,-2,20,-2,20,-2,19,-3,19,-4,19,-5,18,-2,4,0,0,0,0,0,0,0,0,0,0,0,0,0,0,0,0,0,0,-1,5,-3,20,-3,19,-4,19,-5,19,-5,20,-6,20,-6,20,-7,21,-7,21,-7,22,-8,22,-8,22,-8,22,-7,22,-7,22,-7,23,-7,23,-6,23,-6,23,-5,23,-4,24,-4,24,-4,25,-4,25,-4,26,-3,26]"
CSI_DATA,224947,d8:b1:90:db:e8:90,-51,11,1,7,0,0,1,0,0,0,1,-96,0,4,0,-817073075,0,100,0,128,1,"[100,-64,5,0,11,20,12,19,12,19,12,19,12,18,12,18,12,17,12,17,12,16,12,16,13,16,13,16,13,16,13,16,13,16,12,16,12,16,11,16,11,15,10,15,10,15,9,15,8,15,7,15,7,16,1,4,0,0,0,0,0,0,0,0,0,0,0,0,0,0,0,0,0,0,2,3,8,15,7,16,6,16,6,16,6,17,6,17,6,18,6,18,5,19,5,19,5,19,5,19,6,20,6,20,6,20,6,20,7,20,7,20,8,20,8,20,9,20,10,20,10,20,10,20,11,20,11,21]"
CSI_DATA,224948,d8:b1:90:db:e8:90,-51,11,1,7,0,0,1,0,0,0,1,-96,0,4,0,-817045007,0,100,0,128,1,"[100,-64,5,0,-27,4,-26,4,-26,4,-26,5,-26,5,-25,6,-24,7,-24,7,-24,7,-24,7,-24,7,-23,7,-23,7,-23,7,-23,7,-23,7,-22,7,-22,6,-22,6,-21,5,-21,4,-21,4,-21,3,-21,2,-21,1,-6,0,0,0,0,0,0,0,0,0,0,0,0,0,0,0,0,0,0,0,-5,1,-20,5,-21,4,-21,2,-21,2,-22,1,-22,1,-22,1,-23,1,-23,1,-24,0,-24,0,-24,0,-24,0,-24,0,-25,0,-26,0,-26,1,-26,1,-26,2,-26,2,-26,3,-26,3,-27,3,-27,2,-27,3,-28,3]"
CSI_DATA,224949,d8:b1:90:db:e8:90,-52,11,1,7,0,0,1,0,0,0,1,-96,0,4,0,-817032770,0,100,0,128,1,"[100,-64,5,0,-29,0,-29,0,-29,0,-29,1,-29,1,-28,1,-28,2,-27,3,-27,3,-26,4,-26,4,-26,4,-25,4,-25,4,-25,4,-25,4,-25,4,-24,3,-24,3,-24,2,-24,2,-23,2,-23,1,-22,0,-22,-1,-6,-1,0,0,0,0,0,0,0,0,0,0,0,0,0,0,0,0,0,0,-6,0,-22,2,-22,1,-22,-1,-22,-2,-22,-3,-23,-3,-24,-3,-25,-4,-25,-4,-26,-4,-26,-5,-27,-5,-27,-5,-27,-5,-27,-5,-27,-5,-27,-4,-27,-4,-27,-4,-27,-4,-28,-3,-28,-2,-28,-2,-28,-1,-29,-1,-30,-1]"
CSI_DATA,224950,d8:b1:90:db:e8:90,-51,11,1,7,0,0,1,0,0,0,1,-96,0,4,0,-817021399,0,100,0,128,1,"[100,-64,5,0,13,-24,13,-24,13,-24,12,-24,11,-24,11,-24,10,-24,10,-23,9,-23,9,-23,8,-23,8,-23,8,-23,8,-23,8,-23,8,-23,8,-22,8,-22,8,-22,9,-21,10,-20,10,-19,9,-19,9,-18,11,-17,2,-4,0,0,0,0,0,0,0,0,0,0,0,0,0,0,0,0,0,0,2,-5,8,-19,9,-19,9,-18,10,-18,11,-18,11,-18,12,-19,12,-19,13,-19,13,-19,14,-19,15,-19,15,-20,15,-20,15,-20,15,-20,15,-21,15,-21,14,-21,14,-22,13,-22,13,-23,14,-23,14,-23,14,-24,14,-24]"
CSI_DATA,224951,d8:b1:90:db:e8:90,-51,11,1,7,0,0,1,0,0,0,1,-96,0,4,0,-817010291,0,100,0,128,1,"[100,-64,5,0,-6,28,-5,27,-5,27,-4,27,-4,27,-3,27,-2,27,-2,26,-1,26,0,25,0,25,0,25,0,25,0,25,0,25,0,25,-1,24,-1,24,-2,23,-2,23,-2,22,-3,22,-3,21,-4,21,-5,21,-2,5,0,0,0,0,0,0,0,0,0,0,0,0,0,0,0,0,0,0,-1,5,-2,21,-3,21,-4,21,-5,21,-5,22,-6,22,-6,22,-6,23,-7,24,-7,24,-8,24,-8,25,-8,25,-9,25,-9,25,-9,25,-9,25,-8,26,-8,26,-7,26,-7,27,-6,27,-6,27,-6,28,-5,28,-5,29]"
CSI_DATA,224952,d8:b1:90:db:e8:90,-52,11,1,7,0,0,1,0,0,0,1,-96,0,4,0,-816995733,0,100,0,128,1,"[100,-64,5,0,14,-25,14,-24,14,-24,13,-24,13,-24,12,-24,11,-24,11,-24,11,-24,11,-24,11,-23,10,-23,9,-22,9,-22,9,-23,9,-23,9,-23,9,-23,9,-22,9,-22,9,-21,10,-20,10,-19,11,-18,11,-18,2,-5,0,0,0,0,0,0,0,0,0,0,0,0,0,0,0,0,0,0,1,-6,8,-20,9,-20,10,-20,10,-20,11,-20,12,-20,13,-20,14,-20,14,-20,15,-20,16,-20,16,-20,16,-21,16,-21,16,-20,16,-20,16,-20,15,-21,15,-22,14,-23,14,-23,14,-24,14,-24,14,-25,15,-25,15,-25]"
CSI_DATA,224953,d8:b1:90:db:e8:90,-51,11,1,7,0,0,1,0,0,0,1,-96,0,4,0,-816972553,0,100,0,128,1,"[100,-64,5,0,-28,-10,-28,-10,-27,-10,-27,-9,-27,-8,-27,-7,-27,-7,-27,-7,-26,-7,-26,-7,-26,-6,-25,-5,-25,-5,-25,-5,-25,-5,-25,-5,-25,-4,-24,-5,-24,-5,-24,-5,-24,-5,-23,-5,-22,-6,-21,-7,-20,-8,-5,-2,0,0,0,0,0,0,0,0,0,0,0,0,0,0,0,0,0,0,-6,-1,-22,-5,-22,-6,-22,-7,-22,-8,-22,-9,-22,-9,-22,-10,-23,-11,-23,-11,-23,-12,-23,-12,-24,-13,-24,-13,-24,-13,-23,-13,-23,-13,-23,-13,-24,-12,-25,-12,-26,-11,-26,-11,-27,-10,-28,-10,-28,-10,-28,-10,-29,-10]"
CSI_DATA,224954,d8:b1:90:db:e8:90,-51,11,1,7,0,0,1,0,0,0,1,-96,0,4,0,-816942612,0,100,0,128,1,"[100,-64,5,0,-20,19,-20,19,-19,19,-18,19,-18,18,-17,18,-17,18,-16,18,-15,19,-15,19,-14,19,-14,19,-14,19,-14,19,-14,18,-14,18,-13,18,-14,17,-14,17,-14,16,-14,16,-14,15,-14,14,-15,14,-15,14,-4,3,0,0,0,0,0,0,0,0,0,0,0,0,0,0,0,0,0,0,-3,4,-12,16,-12,16,-14,15,-14,15,-15,15,-16,14,-16,14,-17,14,-17,14,-18,14,-19,14,-19,14,-19,14,-19,14,-19,13,-19,13,-19,14,-19,14,-19,15,-19,15,-19,16,-19,17,-19,17,-19,18,-20,18,-20,18]"
CSI_DATA,224955,d8:b1:90:db:e8:90,-51,11,1,7,0,0,1,0,0,0,1,-96,0,4,0,-816931286,0,100,0,128,1,"[100,-64,5,0,12,-23,12,-23,11,-23,11,-24,10,-24,10,-24,9,-23,8,-23,8,-23,8,-23,7,-23,7,-23,7,-23,7,-23,7,-22,7,-22,6,-22,6,-21,6,-21,6,-20,6,-20,6,-19,7,-19,8,-18,8,-18,2,-5,0,0,0,0,0,0,0,0,0,0,0,0,0,0,0,0,0,0,1,-5,7,-19,7,-18,9,-18,9,-18,10,-19,10,-19,11,-19,11,-19,12,-19,12,-19,13,-19,14,-19,14,-19,14,-19,14,-19,13,-19,13,-20,14,-20,13,-20,13,-21,13,-21,13,-22,12,-22,12,-23,12,-23,13,-24]"
CSI_DATA,224956,d8:b1:90:db:e8:90,-51,11,1,7,0,0,1,0,0,0,1,-96,0,4,0,-816917070,0,100,0,128,1,"[100,-64,5,0,-19,-20,-18,-19,-19,-19,-19,-19,-19,-19,-19,-18,-19,-17,-19,-16,-19,-16,-19,-16,-19,-15,-20,-15,-20,-15,-19,-15,-19,-15,-19,-15,-18,-15,-18,-15,-17,-14,-17,-14,-16,-13,-15,-14,-15,-14,-14,-15,-14,-17,-4,-5,0,0,0,0,0,0,0,0,0,0,0,0,0,0,0,0,0,0,-4,-3,-16,-12,-16,-13,-16,-14,-15,-15,-15,-16,-15,-16,-15,-16,-15,-17,-15,-17,-15,-18,-14,-20,-14,-20,-14,-20,-14,-20,-14,-20,-15,-20,-15,-20,-15,-20,-16,-20,-16,-20,-17,-20,-17,-20,-18,-20,-18,-20,-18,-20,-18,-21]"
CSI_DATA,224957,d8:b1:90:db:e8:90,-51,11,1,7,0,0,1,0,0,0,1,-96,0,4,0,-816905201,0,100,0,128,1,"[100,-64,5,0,-18,20,-17,20,-16,20,-16,20,-15,20,-15,20,-14,20,-14,20,-14,20,-14,20,-13,20,-13,19,-13,20,-12,20,-12,20,-12,19,-12,19,-12,19,-12,18,-12,18,-13,17,-13,16,-13,16,-13,15,-14,14,-4,3,0,0,0,0,0,0,0,0,0,0,0,0,0,0,0,0,0,0,-3,4,-12,16,-13,15,-14,15,-14,15,-15,14,-16,14,-16,15,-17,15,-17,15,-17,15,-18,14,-18,14,-18,14,-18,15,-19,15,-19,15,-19,16,-18,17,-18,17,-18,18,-17,18,-17,19,-18,19,-18,19,-18,20,-18,20]"
CSI_DATA,224958,d8:b1:90:db:e8:90,-52,11,1,7,0,0,1,0,0,0,1,-96,0,4,0,-816893998,0,100,0,128,1,"[100,-64,5,0,28,-2,28,-2,28,-2,28,-3,28,-3,27,-4,27,-4,26,-5,26,-5,26,-5,25,-6,24,-6,24,-6,24,-6,24,-6,24,-5,24,-5,24,-5,23,-4,23,-4,22,-3,22,-2,22,-2,21,-1,21,0,5,0,0,0,0,0,0,0,0,0,0,0,0,0,0,0,0,0,0,0,5,-2,20,-5,21,-4,21,-3,22,-3,22,-2,23,-2,23,-1,23,-1,24,0,24,0,24,1,24,1,24,1,24,2,25,1,25,1,25,1,26,0,26,0,27,-1,27,-2,27,-2,28,-1,28,-1,29,-2,29,-2]"
CSI_DATA,224959,d8:b1:90:db:e8:90,-52,11,1,7,0,0,1,0,0,0,1,-96,0,4,0,-816883300,0,100,0,128,1,"[100,-64,5,0,8,27,8,26,9,26,9,25,9,25,10,24,10,24,11,24,11,23,12,22,12,22,12,21,12,21,12,21,12,21,11,21,11,21,10,21,10,20,9,20,9,20,8,20,7,20,6,20,5,20,1,5,0,0,0,0,0,0,0,0,0,0,0,0,0,0,0,0,0,0,2,4,8,19,8,19,7,20,6,21,6,21,6,22,5,22,5,22,5,23,5,23,4,24,4,24,4,24,4,24,4,25,4,25,5,25,5,25,6,25,7,25,7,26,8,26,8,26,8,27,8,27,8,27]"
CSI_DATA,224960,d8:b1:90:db:e8:90,-51,11,1,5,0,0,1,0,1,0,0,-96,0,4,0,-816865219,0,100,0,128,1,"[100,-64,5,0,10,0,11,-6,12,-12,11,-18,10,-22,9,-26,7,-28,5,-30,4,-30,3,-30,2,-29,2,-28,3,-26,5,-23,7,-20,10,-18,13,-16,15,-13,18,-11,21,-10,23,-9,24,-8,25,-7,24,-7,24,-6,5,-2,0,0,0,0,0,0,0,0,0,0,0,0,0,0,0,0,0,0,3,3,15,12,17,14,18,16,18,17,19,18,19,18,18,18,16,18,13,18,9,17,4,17,-1,17,-5,17,-10,17,-13,18,-16,20,-18,21,-19,23,-19,25,-18,26,-16,27,-14,27,-10,26,-7,24,-3,21,0,18]"
CSI_DATA,224961,d8:b1:90:db:e8:90,-51,11,1,7,0,0,1,0,0,0,1,-96,0,4,0,-816842089,0,100,0,128,1,"[100,-64,5,0,-6,26,-6,25,-6,25,-5,25,-5,24,-4,24,-4,24,-3,24,-3,24,-3,24,-2,23,-2,23,-2,23,-2,23,-2,23,-2,23,-2,23,-3,23,-3,22,-3,21,-3,20,-4,19,-5,19,-6,19,-6,19,-2,4,0,0,0,0,0,0,0,0,0,0,0,0,0,0,0,0,0,0,-1,4,-1,19,-2,19,-3,19,-4,19,-4,19,-5,19,-6,20,-6,20,-7,21,-7,21,-7,22,-7,22,-7,22,-8,22,-8,23,-8,23,-8,23,-7,23,-7,23,-7,24,-6,24,-6,25,-6,25,-6,25,-6,26,-6,26]"
CSI_DATA,224962,d8:b1:90:db:e8:90,-51,11,1,7,0,0,1,0,0,0,1,-96,0,4,0,-816823492,0,100,0,128,1,"[100,-64,5,0,-13,24,-13,23,-12,23,-12,23,-11,23,-11,22,-10,22,-10,22,-9,22,-9,22,-9,22,-8,22,-8,22,-8,22,-8,22,-8,22,-9,21,-9,21,-9,20,-9,20,-9,19,-10,18,-10,18,-10,17,-11,17,-3,4,0,0,0,0,0,0,0,0,0,0,0,0,0,0,0,0,0,0,-2,4,-7,18,-8,17,-8,17,-9,17,-9,17,-10,17,-11,18,-11,18,-12,19,-12,19,-13,19,-13,19,-13,19,-13,20,-13,20,-13,20,-13,21,-13,21,-12,21,-12,21,-12,22,-12,22,-12,23,-12,23,-12,23,-13,24]"
CSI_DATA,224963,d8:b1:90:db:e8:90,-51,11,1,7,0,0,1,0,1,0,1,-96,0,4,0,-816807954,0,100,0,128,1,"[100,-64,5,0,-10,-3,-13,2,-16,7,-17,12,-18,16,-17,20,-17,23,-15,25,-14,26,-12,26,-11,25,-10,23,-11,21,-12,18,-13,14,-15,11,-17,8,-19,4,-21,2,-22,0,-24,-1,-25,-2,-25,-2,-26,-3,-25,-4,-6,-2,0,0,0,0,0,0,0,0,0,0,0,0,0,0,0,0,0,0,-4,-4,-13,-16,-14,-18,-14,-20,-15,-21,-15,-22,-15,-22,-13,-22,-11,-21,-9,-20,-5,-19,-1,-17,3,-16,8,-15,12,-14,15,-14,18,-14,21,-15,23,-17,24,-19,23,-20,22,-21,19,-22,16,-23,12,-22,7,-20,4,-18]"
CSI_DATA,224964,d8:b1:90:db:e8:90,-51,11,1,7,0,0,1,0,1,0,1,-96,0,4,0,-816796476,0,100,0,128,1,"[100,-64,5,0,-11,5,-10,12,-7,18,-5,23,-1,27,2,29,5,31,7,32,9,32,9,30,9,29,9,27,7,25,4,23,0,21,-4,19,-9,17,-13,15,-17,13,-20,12,-23,12,-25,11,-26,10,-26,10,-26,10,-7,2,0,0,0,0,0,0,0,0,0,0,0,0,0,0,0,0,0,0,-6,0,-24,2,-26,2,-28,2,-29,2,-30,1,-30,1,-29,0,-26,-1,-23,-3,-19,-6,-15,-9,-11,-12,-6,-16,-2,-19,0,-23,2,-27,3,-30,4,-33,3,-34,1,-35,-1,-35,-3,-34,-6,-31,-8,-28,-10,-23,-11,-19]"
CSI_DATA,224965,d8:b1:90:db:e8:90,-51,11,1,7,0,0,1,0,1,0,1,-96,0,4,0,-816784469,0,100,0,128,1,"[100,-64,5,0,-1,7,4,10,10,12,15,12,20,12,24,11,26,9,28,7,29,6,28,4,27,3,25,3,23,4,20,5,17,7,14,10,12,13,9,16,7,18,5,20,4,22,3,23,3,24,3,24,2,23,0,5,0,0,0,0,0,0,0,0,0,0,0,0,0,0,0,0,0,0,-4,2,-17,12,-18,12,-20,13,-22,14,-22,14,-23,14,-22,12,-21,10,-20,8,-19,4,-18,0,-16,-4,-15,-9,-14,-13,-14,-17,-14,-20,-16,-23,-17,-24,-19,-25,-21,-24,-22,-23,-23,-20,-23,-17,-22,-13,-19,-9,-17,-5]"
CSI_DATA,224966,d8:b1:90:db:e8:90,-52,11,1,6,0,0,1,0,1,0,1,-96,0,4,0,-816770240,0,100,0,128,1,"[100,-64,5,0,-7,4,-6,9,-3,13,-1,17,2,19,5,21,7,22,9,22,10,22,11,21,11,20,10,19,8,18,6,16,3,16,-1,15,-4,14,-7,13,-10,13,-13,13,-15,13,-16,13,-17,13,-17,12,-17,12,-4,3,0,0,0,0,0,0,0,0,0,0,0,0,0,0,0,0,0,0,-5,0,-17,1,-19,1,-20,1,-21,1,-22,0,-22,0,-21,-1,-20,-2,-18,-3,-15,-5,-12,-7,-9,-10,-6,-12,-3,-15,-1,-18,0,-20,0,-23,0,-25,0,-26,-2,-26,-3,-26,-5,-25,-7,-23,-8,-20,-9,-16,-9,-13]"
CSI_DATA,224967,d8:b1:90:db:e8:90,-51,11,1,6,0,0,1,0,1,0,1,-96,0,4,0,-816737977,0,100,0,128,1,"[100,-64,5,0,5,-9,1,-14,-3,-17,-8,-20,-12,-22,-16,-23,-19,-23,-21,-22,-22,-20,-23,-19,-22,-18,-21,-17,-18,-16,-15,-17,-11,-17,-8,-18,-4,-19,0,-20,3,-21,5,-22,8,-22,9,-23,10,-23,10,-23,10,-22,2,-6,0,0,0,0,0,0,0,0,0,0,0,0,0,0,0,0,0,0,4,-3,17,-9,19,-9,21,-9,22,-9,23,-9,24,-9,23,-8,22,-6,20,-4,18,0,16,3,13,7,11,10,10,14,8,18,8,22,8,24,9,26,11,27,12,27,14,26,15,24,16,21,17,17,16,12,15,8]"
CSI_DATA,224968,d8:b1:90:db:e8:90,-52,11,1,6,0,0,1,0,1,0,1,-96,0,4,0,-816725742,0,100,0,128,1,"[100,-64,5,0,0,-8,-4,-10,-8,-11,-12,-12,-15,-12,-18,-11,-21,-11,-22,-10,-23,-9,-22,-7,-22,-7,-20,-6,-18,-7,-16,-8,-13,-9,-11,-11,-8,-13,-6,-14,-4,-16,-2,-18,-1,-19,0,-20,0,-20,1,-20,1,-20,0,-5,0,0,0,0,0,0,0,0,0,0,0,0,0,0,0,0,0,0,2,-3,10,-12,12,-12,13,-13,14,-14,14,-14,15,-13,15,-12,14,-11,14,-9,13,-6,12,-3,11,1,11,4,11,8,11,11,11,14,12,16,14,17,15,17,16,16,17,16,18,14,18,11,17,8,15,5,13,2]"
CSI_DATA,224969,d8:b1:90:db:e8:90,-51,11,1,6,0,0,1,0,0,0,1,-96,0,4,0,-816709450,0,100,0,128,1,"[100,-64,5,0,6,25,6,25,7,25,7,24,8,24,8,23,8,23,8,23,7,23,8,22,8,22,8,22,7,22,7,21,7,21,7,22,8,22,7,21,5,20,4,20,4,20,4,19,3,17,2,18,1,18,0,4,0,0,0,0,0,0,0,0,0,0,0,0,0,0,0,0,0,0,1,4,7,19,6,19,5,20,5,20,4,21,4,21,3,22,2,22,2,23,1,23,1,23,0,24,1,24,1,24,1,24,1,24,2,24,2,24,3,24,3,25,4,25,5,25,5,25,5,26,6,26,6,26]"
CSI_DATA,224970,d8:b1:90:db:e8:90,-52,11,1,7,0,0,1,0,0,0,1,-96,0,4,0,-816696454,0,100,0,128,1,"[100,-64,5,0,-24,17,-23,17,-23,17,-22,17,-21,17,-21,17,-21,17,-21,17,-20,17,-20,17,-20,17,-20,16,-20,16,-19,16,-19,16,-19,16,-19,16,-19,15,-19,14,-19,13,-19,13,-19,12,-19,12,-19,11,-19,10,-5,2,0,0,0,0,0,0,0,0,0,0,0,0,0,0,0,0,0,0,-5,3,-17,15,-18,14,-18,13,-19,13,-20,13,-20,12,-21,12,-22,12,-22,12,-23,11,-24,11,-24,10,-24,10,-24,11,-24,11,-24,11,-24,12,-24,12,-24,13,-24,13,-24,14,-24,15,-24,15,-24,16,-24,16,-24,16]"
CSI_DATA,224971,d8:b1:90:db:e8:90,-51,11,1,7,0,0,1,0,0,0,1,-96,0,4,0,-816683403,0,100,0,128,1,"[100,-64,5,0,10,-22,10,-22,10,-22,10,-22,9,-21,8,-21,8,-22,8,-22,7,-22,7,-22,7,-22,6,-21,6,-21,6,-21,6,-21,6,-21,6,-21,6,-20,6,-20,6,-19,6,-18,6,-17,7,-17,8,-17,9,-17,2,-4,0,0,0,0,0,0,0,0,0,0,0,0,0,0,0,0,0,0,1,-5,5,-17,6,-17,7,-17,8,-17,8,-17,8,-17,9,-18,9,-18,10,-18,10,-18,11,-18,12,-18,12,-18,12,-18,12,-18,12,-19,12,-19,12,-19,11,-20,10,-20,10,-21,10,-21,11,-21,11,-21,11,-22,11,-22]"
CSI_DATA,224972,d8:b1:90:db:e8:90,-51,11,1,6,0,0,1,0,0,0,1,-96,0,4,0,-816662376,0,100,0,128,1,"[100,-64,5,0,-12,5,-11,10,-9,16,-6,20,-4,24,-1,27,1,28,3,29,5,29,6,28,6,26,5,25,3,23,0,20,-3,18,-6,16,-10,14,-13,12,-17,10,-19,9,-22,8,-24,7,-25,6,-25,5,-24,5,-6,1,0,0,0,0,0,0,0,0,0,0,0,0,0,0,0,0,0,0,-5,1,-20,6,-21,6,-23,6,-25,6,-25,5,-25,5,-24,4,-23,3,-20,0,-18,-3,-14,-6,-11,-10,-8,-13,-5,-17,-2,-20,-1,-23,0,-26,0,-29,-1,-30,-3,-31,-4,-31,-6,-30,-8,-27,-10,-24,-11,-19,-12,-16]"
CSI_DATA,224973,d8:b1:90:db:e8:90,-51,11,1,6,0,0,1,0,0,0,1,-96,0,4,0,-816631404,0,100,0,128,1,"[100,-64,5,0,-7,-7,-10,-4,-15,-1,-19,2,-20,4,-20,8,-21,11,-22,13,-21,13,-19,14,-18,15,-18,14,-17,11,-15,8,-15,6,-16,3,-16,-1,-15,-5,-15,-6,-17,-9,-18,-11,-17,-13,-17,-12,-18,-13,-18,-14,-5,-4,0,0,0,0,0,0,0,0,0,0,0,0,0,0,0,0,0,0,-1,-5,-2,-17,-2,-18,-2,-20,-2,-22,-1,-22,-1,-21,-1,-21,0,-20,2,-18,4,-15,5,-12,8,-10,11,-7,14,-4,16,-2,19,-2,22,-1,24,-1,25,-2,25,-4,25,-6,24,-7,21,-8,17,-10,14,-11,12,-11]"
CSI_DATA,224974,d8:b1:90:db:e8:90,-52,11,1,6,0,0,1,0,0,0,1,-96,0,4,0,-816619517,0,100,0,128,1,"[100,-64,5,0,-1,-8,-6,-9,-11,-9,-15,-9,-18,-8,-21,-6,-23,-5,-24,-3,-25,-2,-24,-1,-23,0,-22,0,-20,-1,-19,-3,-17,-5,-15,-7,-13,-10,-11,-12,-10,-14,-9,-16,-9,-18,-9,-19,-8,-19,-7,-20,-8,-20,-2,-5,0,0,0,0,0,0,0,0,0,0,0,0,0,0,0,0,0,0,2,-3,10,-13,11,-14,12,-15,13,-16,14,-16,14,-15,14,-14,14,-13,14,-11,13,-8,13,-4,13,-1,13,3,13,6,14,9,15,12,16,13,18,14,19,14,20,13,21,12,21,10,20,7,19,4,16,1,14,-1]"
CSI_DATA,224975,d8:b1:90:db:e8:90,-51,11,1,6,0,0,1,0,0,0,1,-96,0,4,0,-816600822,0,100,0,128,1,"[100,-64,5,0,13,3,16,-3,18,-9,20,-15,20,-20,19,-24,18,-27,17,-29,15,-30,14,-30,13,-29,12,-26,12,-23,13,-20,15,-15,16,-11,18,-6,19,-2,21,2,22,5,24,7,25,9,25,10,25,11,24,11,6,3,0,0,0,0,0,0,0,0,0,0,0,0,0,0,0,0,0,0,5,1,20,8,22,9,24,11,25,12,25,13,25,13,23,13,20,14,17,14,12,14,7,14,2,15,-4,15,-9,17,-13,18,-17,19,-20,21,-21,24,-22,26,-21,27,-20,28,-17,29,-13,28,-9,27,-5,24,-1,21]"
CSI_DATA,224976,d8:b1:90:db:e8:90,-51,11,1,6,0,0,1,0,0,0,1,-96,0,4,0,-816587001,0,100,0,128,1,"[100,-64,5,0,9,-4,9,-10,7,-16,5,-21,3,-25,0,-28,-2,-30,-4,-30,-6,-30,-7,-29,-7,-28,-6,-26,-5,-24,-2,-22,1,-19,5,-17,8,-15,12,-13,15,-11,18,-10,21,-9,22,-9,23,-8,23,-7,23,-7,5,-2,0,0,0,0,0,0,0,0,0,0,0,0,0,0,0,0,0,0,4,-1,20,-1,22,0,23,0,25,1,26,1,26,2,25,2,22,3,19,5,16,7,12,9,7,11,3,14,-1,17,-4,19,-6,22,-7,25,-7,27,-7,29,-6,31,-4,31,-2,30,1,28,4,25,6,20,7,16]"
CSI_DATA,224977,d8:b1:90:db:e8:90,-52,11,1,6,0,0,1,0,0,0,1,-96,0,4,0,-816565310,0,100,0,128,1,"[100,-64,5,0,7,1,10,-4,11,-8,12,-12,12,-16,12,-19,11,-22,10,-23,8,-24,7,-24,6,-23,6,-21,6,-19,7,-17,9,-14,10,-11,12,-8,14,-5,16,-3,18,-1,19,1,20,2,20,2,20,3,20,3,4,0,0,0,0,0,0,0,0,0,0,0,0,0,0,0,0,0,0,0,3,2,13,9,14,11,15,12,15,13,15,14,15,14,14,14,12,14,10,13,6,13,3,12,-1,12,-5,12,-9,12,-12,12,-15,13,-17,14,-18,16,-18,17,-18,19,-17,20,-15,20,-12,20,-9,18,-5,16,-3,14]"
CSI_DATA,224978,d8:b1:90:db:e8:90,-51,11,1,6,0,0,1,0,0,0,1,-96,0,4,0,-816536069,0,100,0,128,1,"[100,-64,5,0,8,4,12,-1,15,-6,17,-11,18,-16,18,-20,18,-23,17,-25,15,-27,14,-27,13,-26,12,-24,12,-22,12,-19,13,-16,15,-12,17,-9,19,-6,21,-3,23,-1,24,1,25,2,25,3,25,3,24,3,6,0,0,0,0,0,0,0,0,0,0,0,0,0,0,0,0,0,0,0,1,4,6,18,6,21,6,23,6,24,6,25,6,25,5,25,4,23,1,22,-2,19,-5,16,-9,14,-13,12,-17,10,-20,9,-23,8,-26,9,-28,10,-29,12,-29,14,-28,16,-25,17,-22,18,-18,18,-13,17,-9,15]"
CSI_DATA,224979,d8:b1:90:db:e8:90,-52,11,1,6,0,0,1,0,0,0,1,-96,0,4,0,-816523310,0,100,0,128,1,"[100,-64,5,0,6,-5,4,-9,3,-13,0,-17,-2,-19,-4,-21,-7,-22,-9,-22,-10,-22,-11,-21,-11,-20,-10,-19,-8,-18,-6,-17,-3,-15,0,-15,3,-14,6,-14,9,-13,11,-13,13,-13,14,-13,15,-13,15,-12,14,-12,3,-3,0,0,0,0,0,0,0,0,0,0,0,0,0,0,0,0,0,0,3,-1,15,-1,17,0,18,0,19,0,19,1,19,1,19,2,17,2,15,4,12,5,10,7,7,9,4,11,1,13,-1,16,-2,18,-3,20,-3,22,-2,23,-1,24,1,24,2,23,4,21,5,18,7,14,7,11]"
CSI_DATA,224980,d8:b1:90:db:e8:90,-51,11,1,6,0,0,1,0,0,0,1,-96,0,4,0,-816510702,0,100,0,128,1,"[100,-64,5,0,-8,9,-4,13,0,17,5,20,9,22,12,24,15,24,18,24,19,23,19,22,18,20,17,19,15,18,12,18,8,17,4,17,-1,17,-4,18,-8,18,-12,18,-14,18,-16,18,-17,18,-17,18,-17,18,-5,4,0,0,0,0,0,0,0,0,0,0,0,0,0,0,0,0,0,0,-5,2,-18,11,-20,11,-21,12,-23,13,-23,13,-24,12,-23,11,-22,9,-21,6,-19,2,-16,-2,-14,-7,-12,-11,-10,-15,-9,-19,-9,-23,-10,-26,-11,-28,-12,-29,-14,-29,-15,-28,-17,-26,-18,-23,-18,-19,-17,-15,-16,-11]"
CSI_DATA,224981,d8:b1:90:db:e8:90,-51,11,1,6,0,0,1,0,0,0,1,-96,0,4,0,-816500052,0,100,0,128,1,"[100,-64,5,0,-13,2,-13,9,-13,15,-11,21,-9,26,-7,30,-5,32,-2,34,-1,34,1,33,1,31,1,29,-1,27,-3,24,-6,21,-10,18,-14,15,-17,12,-21,9,-24,8,-26,6,-28,5,-29,4,-28,3,-28,3,-7,0,0,0,0,0,0,0,0,0,0,0,0,0,0,0,0,0,0,0,-6,-1,-24,-3,-26,-4,-28,-5,-29,-5,-30,-6,-30,-7,-29,-7,-26,-8,-23,-9,-18,-11,-13,-13,-8,-15,-3,-17,1,-20,5,-23,8,-26,10,-29,11,-32,11,-34,9,-35,7,-35,4,-35,1,-33,-3,-30,-5,-25,-7,-21]"
CSI_DATA,224982,d8:b1:90:db:e8:90,-51,11,1,6,0,0,1,0,0,0,1,-96,0,4,0,-816489896,0,100,0,128,1,"[100,-64,5,0,-7,7,-4,12,1,16,4,19,8,21,12,22,15,23,17,23,18,22,19,20,18,19,17,18,14,17,12,17,8,17,4,17,0,17,-3,18,-7,18,-10,19,-12,19,-14,20,-15,20,-15,19,-15,19,-4,4,0,0,0,0,0,0,0,0,0,0,0,0,0,0,0,0,0,0,-5,1,-20,6,-22,6,-24,6,-25,6,-25,6,-25,5,-25,4,-23,3,-21,0,-19,-2,-16,-6,-13,-10,-10,-13,-8,-16,-6,-20,-5,-23,-5,-26,-6,-28,-7,-29,-9,-30,-10,-29,-12,-27,-13,-25,-14,-21,-14,-16,-14,-12]"
CSI_DATA,224983,d8:b1:90:db:e8:90,-51,11,1,6,0,0,1,0,0,0,1,-96,0,4,0,-816475842,0,100,0,128,1,"[100,-64,5,0,-11,-3,-14,3,-16,9,-17,15,-17,20,-17,24,-15,27,-14,29,-12,30,-11,30,-9,29,-9,27,-10,24,-11,21,-13,17,-15,14,-18,10,-20,7,-22,4,-24,1,-26,-1,-27,-2,-28,-3,-28,-3,-27,-3,-7,-1,0,0,0,0,0,0,0,0,0,0,0,0,0,0,0,0,0,0,-4,-4,-17,-17,-17,-18,-18,-21,-19,-22,-19,-23,-19,-23,-17,-22,-15,-21,-12,-21,-8,-19,-3,-18,2,-17,7,-16,12,-16,16,-16,20,-17,23,-18,25,-20,25,-22,25,-24,23,-25,20,-26,16,-26,12,-24,7,-22,4,-20]"
CSI_DATA,224984,d8:b1:90:db:e8:90,-52,11,1,6,0,0,1,0,0,0,1,-96,0,4,0,-816462796,0,100,0,128,1,"[100,-64,5,0,5,-8,3,-11,0,-15,-4,-18,-7,-19,-11,-21,-12,-21,-15,-20,-16,-19,-16,-18,-16,-18,-15,-17,-13,-15,-10,-15,-8,-15,-4,-15,-1,-14,2,-16,5,-16,8,-16,10,-16,11,-16,11,-16,13,-16,13,-15,3,-4,0,0,0,0,0,0,0,0,0,0,0,0,0,0,0,0,0,0,3,-2,13,-8,15,-9,16,-9,17,-10,18,-10,19,-9,18,-8,17,-7,15,-5,13,-2,11,1,10,4,8,8,7,11,6,14,6,18,6,20,7,21,8,22,9,22,11,22,12,20,13,17,14,14,13,11,12,7]"
CSI_DATA,224985,d8:b1:90:db:e8:90,-51,11,1,6,0,0,1,0,0,0,1,-96,0,4,0,-816420322,0,100,0,128,1,"[100,-64,5,0,-8,7,-4,12,-1,16,3,20,7,23,11,24,14,24,16,24,17,24,18,22,17,21,15,20,13,19,10,18,6,17,2,17,-2,16,-7,16,-10,16,-13,16,-16,16,-18,16,-19,16,-19,15,-19,15,-5,3,0,0,0,0,0,0,0,0,0,0,0,0,0,0,0,0,0,0,-5,2,-18,10,-20,10,-22,11,-23,11,-24,11,-24,11,-23,10,-22,8,-20,5,-18,1,-16,-3,-13,-7,-11,-11,-9,-16,-7,-19,-7,-23,-7,-26,-8,-29,-9,-30,-11,-30,-12,-29,-13,-27,-15,-24,-15,-21,-15,-16,-14,-12]"
CSI_DATA,224986,d8:b1:90:db:e8:90,-51,11,1,6,0,0,1,0,0,0,1,-96,0,4,0,-816410116,0,100,0,128,1,"[100,-64,5,0,-11,3,-10,9,-8,15,-6,20,-4,23,-1,26,1,28,3,29,5,29,6,28,6,27,5,25,3,23,1,21,-2,18,-6,16,-9,14,-13,12,-16,10,-20,9,-22,9,-24,8,-24,7,-24,6,-25,6,-7,1,0,0,0,0,0,0,0,0,0,0,0,0,0,0,0,0,0,0,-6,0,-21,0,-23,0,-25,-1,-26,-1,-27,-2,-26,-2,-25,-3,-23,-4,-21,-5,-17,-7,-13,-10,-9,-12,-5,-15,-1,-18,2,-20,4,-23,6,-26,6,-29,6,-30,4,-31,3,-31,1,-31,-2,-28,-5,-25,-7,-21,-8,-18]"
CSI_DATA,224987,d8:b1:90:db:e8:90,-51,11,1,6,0,0,1,0,0,0,1,-96,0,4,0,-816399113,0,100,0,128,1,"[100,-64,5,0,-10,-5,-14,0,-17,5,-19,10,-20,14,-20,18,-19,21,-19,23,-18,24,-16,24,-15,23,-14,22,-14,19,-14,15,-15,12,-16,7,-17,3,-18,-1,-19,-4,-20,-7,-21,-9,-22,-11,-22,-12,-22,-13,-21,-13,-6,-4,0,0,0,0,0,0,0,0,0,0,0,0,0,0,0,0,0,0,-4,-4,-16,-14,-17,-15,-18,-17,-19,-19,-19,-19,-18,-19,-17,-19,-15,-18,-12,-18,-8,-17,-3,-15,2,-14,7,-13,11,-13,15,-13,19,-13,22,-14,23,-16,24,-18,24,-19,23,-20,21,-21,18,-22,14,-21,9,-19,6,-18]"
CSI_DATA,224988,d8:b1:90:db:e8:90,-51,11,1,6,0,0,1,0,0,0,1,-96,0,4,0,-816388424,0,100,0,128,1,"[100,-64,5,0,-10,-3,-13,2,-15,7,-16,12,-16,17,-16,21,-15,23,-13,25,-12,26,-10,26,-10,26,-9,24,-9,22,-11,19,-12,16,-14,12,-16,9,-19,6,-21,3,-23,1,-24,0,-25,-1,-25,-1,-25,-2,-25,-3,-6,-1,0,0,0,0,0,0,0,0,0,0,0,0,0,0,0,0,0,0,-4,-4,-13,-16,-14,-17,-15,-19,-15,-21,-16,-21,-15,-21,-14,-21,-12,-20,-9,-19,-6,-18,-2,-17,3,-16,7,-15,11,-14,15,-15,18,-15,20,-16,22,-18,23,-20,22,-21,21,-22,18,-23,15,-23,11,-22,7,-20,4,-18]"
CSI_DATA,224989,d8:b1:90:db:e8:90,-52,11,1,6,0,0,1,0,0,0,1,-96,0,4,0,-816376975,0,100,0,128,1,"[100,-64,5,0,-2,-9,-7,-9,-11,-9,-16,-8,-19,-7,-22,-5,-23,-3,-24,-2,-24,-1,-24,0,-23,0,-21,0,-19,-1,-17,-2,-15,-5,-13,-7,-10,-10,-9,-12,-7,-15,-6,-17,-5,-18,-4,-19,-3,-20,-3,-20,-2,-20,-1,-5,0,0,0,0,0,0,0,0,0,0,0,0,0,0,0,0,0,0,0,-4,2,-16,3,-18,4,-19,4,-20,5,-20,5,-20,5,-19,6,-17,6,-15,7,-12,8,-8,9,-5,11,-1,13,2,14,5,16,7,18,9,20,9,22,9,23,8,23,6,23,5,22,2,19,0,17,-2,14,-3]"
CSI_DATA,224990,d8:b1:90:db:e8:90,-51,11,1,6,0,0,1,0,0,0,1,-96,0,4,0,-816355702,0,100,0,128,1,"[100,-64,5,0,-2,11,4,13,9,14,14,15,19,15,22,14,25,13,27,11,28,9,28,8,27,7,25,7,22,7,19,9,16,10,12,13,9,15,5,17,2,19,0,21,-2,23,-4,24,-4,24,-4,24,-5,24,-2,6,0,0,0,0,0,0,0,0,0,0,0,0,0,0,0,0,0,0,-3,4,-11,17,-12,19,-13,20,-14,21,-15,22,-15,21,-15,20,-15,17,-15,14,-15,10,-15,6,-15,1,-15,-4,-16,-9,-17,-13,-19,-16,-21,-18,-23,-20,-24,-20,-26,-19,-27,-18,-27,-15,-26,-12,-25,-8,-22,-4,-19,-2]"
CSI_DATA,224991,d8:b1:90:db:e8:90,-51,11,1,6,0,0,1,0,0,0,1,-96,0,4,0,-816324552,0,100,0,128,1,"[100,-64,5,0,-8,5,-6,11,-2,16,1,20,4,23,7,24,10,25,12,25,14,25,15,24,15,23,13,21,11,20,8,19,5,18,1,18,-3,17,-7,17,-10,17,-13,17,-16,17,-17,17,-18,17,-18,17,-18,16,-5,4,0,0,0,0,0,0,0,0,0,0,0,0,0,0,0,0,0,0,-5,0,-21,1,-22,1,-24,1,-26,1,-26,0,-26,0,-25,-1,-23,-2,-21,-4,-18,-6,-14,-9,-11,-12,-7,-15,-4,-18,-2,-21,-1,-24,0,-27,0,-29,-1,-31,-3,-31,-5,-31,-7,-29,-8,-27,-10,-23,-11,-18,-11,-15]"
CSI_DATA,224992,d8:b1:90:db:e8:90,-51,11,1,6,0,0,1,0,0,0,1,-96,0,4,0,-816311218,0,100,0,128,1,"[100,-64,5,0,3,8,9,7,15,6,20,4,24,1,26,-2,28,-4,29,-7,29,-9,27,-10,26,-11,24,-10,23,-8,22,-5,21,-2,19,2,19,5,18,9,17,13,17,15,17,17,17,19,16,20,15,21,15,22,3,5,0,0,0,0,0,0,0,0,0,0,0,0,0,0,0,0,0,0,-2,4,-8,18,-10,20,-11,21,-12,23,-13,23,-14,23,-14,22,-14,20,-14,17,-15,13,-16,9,-17,4,-18,0,-20,-4,-22,-7,-24,-10,-26,-11,-28,-12,-30,-11,-31,-10,-31,-8,-30,-5,-28,-2,-25,1,-21,4,-18,5]"
CSI_DATA,224993,d8:b1:90:db:e8:90,-51,11,1,6,0,0,1,0,0,0,1,-96,0,4,0,-816296233,0,100,0,128,1,"[100,-64,5,0,-8,6,-5,11,-1,15,2,19,5,22,9,24,12,24,14,24,16,23,16,22,16,21,15,20,13,19,10,18,7,18,3,17,-1,17,-5,17,-8,17,-11,18,-14,18,-15,18,-16,18,-16,18,-16,17,-4,4,0,0,0,0,0,0,0,0,0,0,0,0,0,0,0,0,0,0,-5,0,-20,2,-22,2,-24,1,-25,1,-26,1,-26,0,-25,0,-23,-2,-21,-3,-18,-6,-15,-8,-11,-11,-8,-14,-5,-17,-3,-21,-2,-24,-1,-27,-2,-29,-2,-30,-4,-31,-6,-30,-8,-29,-10,-26,-11,-22,-12,-17,-12,-14]"
CSI_DATA,224994,d8:b1:90:db:e8:90,-51,11,1,6,0,0,1,0,0,0,1,-96,0,4,0,-816284113,0,100,0,128,1,"[100,-64,5,0,-2,-10,-7,-11,-13,-11,-18,-10,-22,-9,-25,-7,-28,-6,-29,-4,-30,-2,-29,-1,-28,0,-26,0,-24,-1,-22,-4,-19,-6,-16,-9,-14,-12,-12,-15,-10,-18,-9,-20,-7,-22,-7,-23,-6,-24,-6,-24,-6,-23,-2,-6,0,0,0,0,0,0,0,0,0,0,0,0,0,0,0,0,0,0,2,-5,9,-18,11,-19,12,-21,13,-22,14,-22,14,-21,14,-20,14,-18,14,-15,14,-11,14,-7,14,-3,15,2,16,6,17,10,19,13,20,15,22,16,24,16,26,15,26,13,26,11,25,7,23,4,20,0,17,-2]"
CSI_DATA,224995,d8:b1:90:db:e8:90,-51,11,1,6,0,0,1,0,0,0,1,-96,0,4,0,-816273023,0,100,0,128,1,"[100,-64,5,0,0,-11,-5,-13,-11,-14,-16,-15,-20,-14,-24,-13,-27,-12,-29,-10,-29,-9,-29,-8,-28,-7,-26,-6,-23,-7,-20,-8,-17,-10,-13,-13,-10,-15,-6,-18,-3,-20,-1,-22,1,-23,2,-24,3,-25,3,-25,4,-25,1,-6,0,0,0,0,0,0,0,0,0,0,0,0,0,0,0,0,0,0,2,-5,9,-19,10,-20,12,-22,12,-23,13,-23,14,-23,14,-21,13,-19,13,-16,13,-12,13,-7,13,-2,14,3,15,7,16,11,17,15,19,17,21,19,23,19,25,18,26,17,26,14,25,11,24,7,21,3,18,0]"
CSI_DATA,224996,d8:b1:90:db:e8:90,-51,11,1,6,0,0,1,0,0,0,1,-96,0,4,0,-816253551,0,100,0,128,1,"[100,-64,5,0,-14,0,-15,6,-15,12,-14,18,-13,22,-12,26,-10,29,-9,30,-7,30,-6,30,-5,29,-5,27,-7,24,-8,21,-11,18,-13,14,-16,10,-18,7,-21,4,-23,1,-25,0,-26,-2,-27,-3,-27,-3,-26,-4,-7,-1,0,0,0,0,0,0,0,0,0,0,0,0,0,0,0,0,0,0,-6,-1,-22,-2,-24,-3,-26,-3,-27,-4,-28,-4,-27,-5,-26,-6,-24,-7,-21,-8,-17,-10,-12,-12,-8,-14,-3,-16,1,-18,5,-21,7,-24,9,-26,10,-29,10,-31,9,-32,7,-32,5,-32,2,-30,-2,-27,-5,-24,-7,-20]"
CSI_DATA,224997,d8:b1:90:db:e8:90,-51,11,1,6,0,0,1,0,0,0,1,-96,0,4,0,-816224865,0,100,0,128,1,"[100,-64,5,0,8,-6,6,-12,3,-17,0,-21,-3,-24,-6,-26,-9,-27,-11,-28,-13,-27,-14,-26,-14,-25,-13,-23,-11,-22,-8,-21,-5,-20,-1,-19,3,-19,7,-18,10,-18,13,-18,15,-18,17,-18,18,-18,18,-17,18,-17,4,-5,0,0,0,0,0,0,0,0,0,0,0,0,0,0,0,0,0,0,4,-1,19,-2,21,-1,23,-1,24,-1,25,0,25,0,24,1,23,2,20,4,17,6,13,8,10,11,6,14,3,17,1,20,-1,23,-1,26,-1,28,0,30,1,30,3,30,5,28,7,26,9,22,10,18,11,14]"
CSI_DATA,224998,d8:b1:90:db:e8:90,-51,11,1,6,0,0,1,0,0,0,1,-96,0,4,0,-816212889,0,100,0,128,1,"[100,-64,5,0,8,0,10,-6,11,-12,11,-17,10,-22,8,-25,7,-28,5,-30,3,-30,2,-30,1,-29,1,-27,1,-25,3,-23,6,-20,9,-17,12,-15,15,-13,18,-11,20,-10,22,-9,23,-9,24,-8,24,-7,23,-7,5,-2,0,0,0,0,0,0,0,0,0,0,0,0,0,0,0,0,0,0,3,3,12,15,13,17,13,20,14,21,14,22,14,21,13,21,11,20,9,19,5,18,1,17,-3,15,-8,14,-12,14,-16,14,-19,15,-22,16,-23,18,-23,20,-23,22,-21,23,-18,24,-15,23,-11,22,-7,19,-3,17]"
CSI_DATA,224999,d8:b1:90:db:e8:90,-51,11,1,6,0,0,1,0,0,0,1,-96,0,4,0,-816198993,0,100,0,128,1,"[100,-64,5,0,-10,-7,-14,-2,-18,3,-20,7,-22,11,-23,14,-23,17,-23,19,-21,20,-20,20,-19,19,-18,17,-17,15,-16,11,-15,7,-15,3,-15,-2,-15,-7,-14,-11,-15,-14,-16,-17,-15,-18,-15,-19,-14,-20,-14,-19,-4,-5,0,0,0,0,0,0,0,0,0,0,0,0,0,0,0,0,0,0,-5,-3,-18,-10,-20,-11,-21,-13,-22,-14,-22,-15,-21,-15,-20,-15,-18,-15,-14,-14,-10,-14,-5,-13,0,-12,5,-12,10,-12,14,-12,18,-12,21,-14,23,-15,25,-17,25,-19,24,-20,22,-21,18,-21,15,-21,10,-19,7,-18]"
CSI_DATA,225000,d8:b1:90:db:e8:90,-51,11,1,6,0,0,1,0,0,0,1,-96,0,4,0,-816187194,0,100,0,128,1,"[100,-64,5,0,-7,-9,-12,-6,-17,-4,-21,0,-24,3,-26,6,-27,9,-27,11,-27,13,-26,13,-25,13,-23,12,-22,10,-21,8,-20,4,-19,0,-19,-4,-19,-8,-18,-11,-18,-14,-18,-16,-18,-17,-18,-18,-17,-18,-17,-18,-5,-5,0,0,0,0,0,0,0,0,0,0,0,0,0,0,0,0,0,0,-1,-5,-2,-20,-1,-22,-1,-24,-1,-26,0,-26,0,-26,1,-25,2,-23,4,-21,6,-18,9,-14,11,-11,14,-8,17,-5,20,-2,23,0,26,0,28,0,29,-1,30,-3,30,-5,29,-7,26,-9,22,-10,17,-11,14,-12]"
CSI_DATA,225001,d8:b1:90:db:e8:90,-52,11,1,6,0,0,1,0,0,0,1,-96,0,4,0,-816173915,0,100,0,128,1,"[100,-64,5,0,2,8,6,8,11,7,15,6,19,4,21,2,23,0,23,-2,24,-3,23,-4,22,-4,20,-3,19,-2,17,0,15,2,13,5,11,8,10,10,8,13,7,15,6,17,6,18,5,19,5,19,5,19,1,4,0,0,0,0,0,0,0,0,0,0,0,0,0,0,0,0,0,0,-1,3,-2,15,-3,17,-3,18,-4,19,-4,20,-4,20,-5,19,-5,17,-6,15,-8,12,-9,9,-11,5,-12,2,-14,-1,-17,-4,-19,-6,-20,-7,-22,-7,-24,-7,-25,-6,-25,-4,-25,-2,-23,0,-20,2,-17,4,-15,5]"
CSI_DATA,225002,d8:b1:90:db:e8:90,-51,11,1,6,0,0,1,0,0,0,1,-96,0,4,0,-816153363,0,100,0,128,1,"[100,-64,5,0,-11,0,-12,6,-12,12,-12,17,-10,22,-9,25,-7,28,-6,29,-4,29,-3,28,-2,27,-3,25,-3,23,-5,20,-8,17,-11,14,-13,11,-16,8,-19,5,-21,3,-23,1,-25,0,-25,-1,-25,-1,-25,-1,-6,-1,0,0,0,0,0,0,0,0,0,0,0,0,0,0,0,0,0,0,-5,-2,-21,-5,-22,-6,-24,-8,-25,-8,-25,-9,-25,-9,-24,-9,-21,-10,-18,-11,-14,-11,-10,-12,-5,-14,0,-15,4,-17,8,-19,11,-21,13,-23,14,-25,14,-27,13,-29,11,-29,9,-29,6,-28,3,-25,0,-22,-2,-19]"
CSI_DATA,225003,d8:b1:90:db:e8:90,-51,11,1,6,0,0,1,0,0,0,1,-96,0,4,0,-816123967,0,100,0,128,1,"[100,-64,5,0,11,-3,11,-9,11,-14,9,-19,7,-24,6,-27,4,-29,2,-30,0,-30,-1,-29,-1,-28,-1,-26,1,-24,3,-21,6,-18,9,-15,12,-12,15,-10,17,-8,20,-6,22,-4,23,-3,24,-2,24,-2,24,-1,6,-1,0,0,0,0,0,0,0,0,0,0,0,0,0,0,0,0,0,0,4,-1,19,-2,21,-1,23,-1,24,0,25,0,25,1,24,1,22,2,19,4,16,6,11,8,7,11,3,13,-1,16,-4,19,-6,22,-7,24,-8,27,-7,29,-6,30,-4,30,-2,29,1,28,3,25,5,21,7,17]"
CSI_DATA,225004,d8:b1:90:db:e8:90,-51,11,1,6,0,0,1,0,0,0,1,-96,0,4,0,-816111285,0,100,0,128,1,"[100,-64,5,0,10,4,13,-1,16,-7,18,-11,19,-16,19,-20,18,-23,18,-25,16,-26,15,-26,14,-25,13,-23,13,-20,14,-17,15,-13,16,-9,16,-5,18,-1,19,3,20,6,22,7,22,8,23,10,22,11,22,10,5,2,0,0,0,0,0,0,0,0,0,0,0,0,0,0,0,0,0,0,3,2,15,12,17,13,18,15,18,17,19,17,18,18,17,18,15,17,12,17,8,16,3,15,-2,14,-7,13,-12,13,-16,14,-19,14,-22,15,-24,17,-25,19,-24,21,-23,22,-20,23,-17,23,-13,22,-9,20,-6,18]"
CSI_DATA,225005,d8:b1:90:db:e8:90,-51,11,1,6,0,0,1,0,0,0,1,-96,0,4,0,-816098085,0,100,0,128,1,"[100,-64,5,0,7,-9,4,-14,0,-18,-4,-22,-7,-24,-11,-25,-14,-26,-17,-26,-18,-25,-19,-24,-19,-22,-17,-21,-15,-20,-11,-20,-7,-19,-3,-18,1,-18,5,-18,8,-18,11,-18,14,-18,16,-18,17,-19,18,-18,19,-17,4,-4,0,0,0,0,0,0,0,0,0,0,0,0,0,0,0,0,0,0,4,-3,18,-10,19,-11,21,-11,23,-11,23,-11,24,-11,23,-9,22,-7,20,-5,18,-2,15,2,13,6,10,10,8,15,7,19,6,23,6,26,7,28,8,29,10,29,12,29,13,27,15,23,16,19,16,15,15,11]"
CSI_DATA,225006,d8:b1:90:db:e8:90,-51,11,1,6,0,0,1,0,0,0,1,-96,0,4,0,-816087886,0,100,0,128,1,"[100,-64,5,0,1,-12,-4,-15,-10,-16,-15,-17,-19,-17,-22,-16,-25,-15,-27,-14,-28,-13,-27,-12,-26,-11,-24,-10,-21,-10,-17,-11,-13,-12,-9,-14,-5,-15,-1,-17,3,-19,6,-20,8,-21,10,-21,11,-22,11,-22,12,-21,3,-6,0,0,0,0,0,0,0,0,0,0,0,0,0,0,0,0,0,0,0,-5,2,-21,2,-23,3,-24,4,-26,4,-26,5,-26,6,-24,6,-22,7,-18,8,-14,9,-10,11,-5,12,0,14,4,16,9,18,12,21,14,23,15,25,16,26,15,27,14,27,12,26,8,24,5,21,1,19,-1]"
CSI_DATA,225007,d8:b1:90:db:e8:90,-51,11,1,6,0,0,1,0,0,0,1,-96,0,4,0,-816075770,0,100,0,128,1,"[100,-64,5,0,7,2,11,-3,13,-9,15,-14,15,-19,15,-22,14,-25,13,-27,11,-28,10,-28,8,-27,8,-26,8,-24,9,-21,11,-17,13,-14,15,-10,18,-8,20,-5,22,-3,23,-2,24,-1,24,0,24,1,24,1,6,0,0,0,0,0,0,0,0,0,0,0,0,0,0,0,0,0,0,0,2,4,9,17,9,19,10,22,10,23,10,24,10,24,9,23,7,22,4,21,1,19,-3,16,-7,14,-11,12,-15,11,-19,10,-22,10,-25,11,-26,13,-27,14,-27,16,-26,18,-23,19,-20,19,-16,19,-11,17,-8,16]"
CSI_DATA,225008,d8:b1:90:db:e8:90,-51,11,1,6,0,0,1,0,0,0,1,-96,0,4,0,-816051031,0,100,0,128,1,"[100,-64,5,0,6,9,11,6,16,3,21,1,24,-3,26,-6,28,-9,28,-11,27,-13,26,-14,25,-13,23,-12,22,-10,20,-7,19,-3,18,1,17,5,16,9,15,13,14,16,14,18,13,20,13,21,12,21,12,21,3,5,0,0,0,0,0,0,0,0,0,0,0,0,0,0,0,0,0,0,1,4,6,18,6,20,6,23,6,24,6,25,5,25,4,24,2,23,0,20,-3,17,-6,14,-10,11,-13,8,-17,5,-21,3,-24,2,-27,1,-30,2,-31,3,-32,4,-31,6,-30,8,-27,10,-23,11,-18,12,-15,12]"
CSI_DATA,225009,d8:b1:90:db:e8:90,-51,11,1,6,0,0,1,0,0,0,1,-96,0,4,0,-816020989,0,100,0,128,1,"[100,-64,5,0,1,7,6,8,12,8,18,8,22,6,25,4,28,2,29,0,29,-2,29,-3,27,-4,26,-4,24,-2,22,0,20,2,18,5,17,9,15,12,14,15,13,17,13,19,12,21,12,21,12,21,11,21,2,5,0,0,0,0,0,0,0,0,0,0,0,0,0,0,0,0,0,0,-4,3,-16,12,-18,13,-20,14,-21,15,-21,15,-22,15,-21,14,-21,12,-20,9,-19,6,-18,2,-17,-2,-17,-6,-17,-11,-17,-14,-18,-18,-19,-20,-21,-21,-23,-21,-25,-19,-26,-18,-26,-15,-25,-12,-23,-8,-20,-4,-17,-2]"
CSI_DATA,225010,d8:b1:90:db:e8:90,-51,11,1,6,0,0,1,0,0,0,1,-96,0,4,0,-816007428,0,100,0,128,1,"[100,-64,5,0,1,9,7,10,13,9,18,8,22,7,25,5,27,3,29,1,29,-1,28,-3,27,-3,25,-3,23,-1,21,1,19,4,17,7,15,10,12,14,10,17,10,19,9,21,9,22,9,22,8,22,7,23,1,5,0,0,0,0,0,0,0,0,0,0,0,0,0,0,0,0,0,0,-2,4,-8,17,-9,19,-11,21,-12,22,-12,22,-13,22,-13,21,-13,19,-14,16,-14,12,-15,8,-16,3,-17,-1,-18,-5,-20,-8,-22,-11,-24,-13,-26,-14,-28,-13,-29,-12,-29,-10,-29,-8,-28,-5,-25,-1,-21,2,-18,3]"
CSI_DATA,225011,d8:b1:90:db:e8:90,-51,11,1,6,0,0,1,0,0,0,1,-96,0,4,0,-815993443,0,100,0,128,1,"[100,-64,5,0,2,-11,-4,-13,-9,-15,-14,-16,-18,-16,-22,-16,-25,-15,-27,-14,-28,-12,-28,-11,-27,-10,-25,-9,-23,-10,-20,-11,-16,-13,-13,-15,-10,-17,-8,-19,-5,-21,-3,-23,0,-24,1,-25,1,-25,1,-25,2,-25,0,-6,0,0,0,0,0,0,0,0,0,0,0,0,0,0,0,0,0,0,3,-4,14,-14,15,-15,17,-16,18,-17,19,-17,19,-17,19,-15,19,-13,18,-10,17,-7,16,-3,15,2,14,6,14,11,14,15,15,18,16,20,18,22,19,22,21,21,22,20,23,17,22,14,21,10,19,6,17,3]"
CSI_DATA,225012,d8:b1:90:db:e8:90,-51,11,1,6,0,0,1,0,0,0,1,-96,0,4,0,-815982557,0,100,0,128,1,"[100,-64,5,0,2,9,8,9,13,8,19,7,23,5,26,3,28,1,29,-1,29,-3,28,-5,27,-5,25,-5,23,-3,21,0,19,3,17,6,15,10,14,13,12,16,11,18,10,20,9,21,9,22,9,23,8,22,2,5,0,0,0,0,0,0,0,0,0,0,0,0,0,0,0,0,0,0,-2,4,-5,18,-6,20,-8,22,-8,23,-9,24,-9,24,-10,22,-11,20,-11,17,-12,14,-13,9,-15,5,-17,1,-19,-2,-21,-6,-23,-9,-25,-10,-27,-11,-29,-10,-30,-9,-30,-7,-30,-5,-28,-2,-25,1,-21,4,-17,5]"
CSI_DATA,225013,d8:b1:90:db:e8:90,-52,11,1,6,0,0,1,0,0,0,1,-96,0,4,0,-815965862,0,100,0,128,1,"[100,-64,5,0,5,6,9,4,13,1,16,-1,19,-4,20,-7,21,-9,21,-11,21,-12,20,-13,19,-12,17,-11,16,-10,16,-7,15,-4,14,0,14,3,13,6,13,9,12,12,12,13,12,15,12,16,11,16,11,16,2,4,0,0,0,0,0,0,0,0,0,0,0,0,0,0,0,0,0,0,1,3,6,14,6,16,6,17,6,18,6,19,6,19,5,18,4,17,2,16,-1,14,-4,11,-7,9,-10,7,-13,5,-16,4,-19,3,-21,2,-23,3,-24,4,-25,6,-24,7,-23,8,-21,10,-18,11,-14,11,-11,10]"
CSI_DATA,225014,d8:b1:90:db:e8:90,-52,11,1,6,0,0,1,0,0,0,1,-96,0,4,0,-815951669,0,100,0,128,1,"[100,-64,5,0,-9,1,-9,5,-9,9,-9,14,-7,17,-6,20,-4,22,-3,23,-2,23,0,22,0,21,0,20,-1,19,-3,17,-5,15,-7,13,-10,11,-12,10,-15,8,-16,7,-18,6,-19,6,-20,6,-19,5,-19,5,-5,1,0,0,0,0,0,0,0,0,0,0,0,0,0,0,0,0,0,0,-4,-2,-15,-7,-16,-9,-17,-10,-17,-11,-18,-11,-18,-11,-17,-11,-15,-11,-12,-12,-10,-12,-7,-12,-3,-12,0,-13,4,-14,7,-16,9,-17,10,-19,11,-20,11,-21,10,-22,9,-23,7,-23,4,-22,1,-20,-1,-17,-2,-14]"
CSI_DATA,225015,d8:b1:90:db:e8:90,-51,11,1,6,0,0,1,0,0,0,1,-96,0,4,0,-815920723,0,100,0,128,1,"[100,-64,5,0,9,2,13,-3,15,-8,17,-13,17,-18,17,-21,16,-24,15,-26,13,-27,12,-27,11,-26,10,-24,10,-22,11,-18,12,-15,14,-11,15,-7,17,-3,19,0,20,3,22,5,23,6,23,7,23,8,23,8,5,2,0,0,0,0,0,0,0,0,0,0,0,0,0,0,0,0,0,0,3,3,16,12,16,14,18,16,18,17,19,18,18,18,17,18,15,17,12,17,7,16,3,14,-2,13,-7,13,-12,13,-16,13,-19,14,-22,15,-24,17,-24,18,-24,20,-23,22,-20,22,-17,22,-13,21,-9,19,-5,17]"
CSI_DATA,225016,d8:b1:90:db:e8:90,-52,11,1,6,0,0,1,0,0,0,1,-96,0,4,0,-815904493,0,100,0,128,1,"[100,-64,5,0,-7,4,-5,8,-3,13,-1,16,2,19,4,20,7,21,9,21,10,20,10,20,10,19,9,18,8,17,6,16,3,15,0,14,-3,14,-6,14,-9,14,-12,14,-13,14,-14,14,-15,14,-14,13,-13,13,-4,3,0,0,0,0,0,0,0,0,0,0,0,0,0,0,0,0,0,0,-4,0,-16,0,-18,-1,-19,-1,-20,-1,-21,-1,-21,-2,-20,-2,-18,-3,-16,-5,-14,-6,-11,-8,-8,-10,-6,-12,-3,-15,-1,-17,0,-19,0,-22,0,-23,0,-24,-2,-25,-3,-24,-5,-23,-6,-21,-8,-18,-8,-15,-9,-12]"
CSI_DATA,225017,d8:b1:90:db:e8:90,-51,11,1,6,0,0,1,0,0,0,1,-96,0,4,0,-815892497,0,100,0,128,1,"[100,-64,5,0,10,-1,11,-8,12,-14,11,-20,10,-25,8,-29,7,-32,4,-33,2,-33,0,-33,0,-32,0,-29,1,-27,4,-24,7,-21,10,-18,13,-16,16,-13,19,-10,22,-8,24,-7,26,-6,27,-5,26,-4,25,-4,6,-1,0,0,0,0,0,0,0,0,0,0,0,0,0,0,0,0,0,0,4,2,19,10,21,12,22,13,23,14,24,15,23,16,22,16,20,16,16,16,12,16,7,16,2,16,-3,17,-8,18,-12,19,-16,21,-18,23,-19,25,-19,27,-18,29,-16,30,-14,30,-10,29,-6,26,-2,23,1,19]"
CSI_DATA,225018,d8:b1:90:db:e8:90,-51,11,1,6,0,0,1,0,0,0,1,-96,0,4,0,-815880921,0,100,0,128,1,"[100,-64,5,0,9,-1,10,-7,11,-13,10,-18,9,-22,8,-26,6,-28,4,-29,3,-30,1,-29,1,-28,1,-26,2,-24,4,-21,6,-18,9,-16,12,-13,14,-11,17,-9,20,-7,22,-6,23,-5,23,-5,23,-4,23,-4,5,-1,0,0,0,0,0,0,0,0,0,0,0,0,0,0,0,0,0,0,4,2,16,10,17,11,19,12,19,14,20,14,20,15,19,15,17,15,14,15,10,15,5,14,0,15,-4,15,-8,16,-12,17,-15,18,-17,20,-18,22,-18,24,-17,25,-15,26,-13,26,-10,25,-6,23,-3,20,0,17]"
CSI_DATA,225019,d8:b1:90:db:e8:90,-51,11,1,6,0,0,1,0,0,0,1,-96,0,4,0,-815867304,0,100,0,128,1,"[100,-64,5,0,2,9,8,9,14,8,19,6,23,4,26,1,28,-1,29,-3,29,-5,28,-6,26,-6,25,-6,23,-4,21,-2,19,1,18,5,16,8,15,12,14,15,13,17,12,19,11,21,11,21,11,21,10,21,2,5,0,0,0,0,0,0,0,0,0,0,0,0,0,0,0,0,0,0,-2,4,-6,18,-7,20,-8,21,-9,23,-10,23,-10,23,-10,22,-11,20,-12,17,-13,14,-14,9,-15,5,-16,1,-18,-3,-21,-6,-23,-9,-25,-10,-27,-11,-29,-10,-30,-8,-30,-7,-29,-4,-28,-1,-25,2,-21,4,-17,5]"
CSI_DATA,225020,d8:b1:90:db:e8:90,-51,11,1,6,0,0,1,0,0,0,1,-96,0,4,0,-815849080,0,100,0,128,1,"[100,-64,5,0,-1,-11,-7,-12,-13,-13,-18,-12,-22,-11,-26,-10,-28,-8,-30,-6,-30,-5,-30,-3,-29,-3,-27,-3,-24,-4,-21,-5,-18,-8,-15,-11,-12,-14,-9,-17,-6,-19,-4,-22,-2,-24,-1,-25,-1,-25,0,-25,0,-25,0,-7,0,0,0,0,0,0,0,0,0,0,0,0,0,0,0,0,0,0,1,-5,6,-20,7,-22,8,-23,9,-24,9,-25,10,-24,10,-23,10,-21,11,-18,12,-14,12,-9,13,-4,14,0,16,5,18,9,19,12,21,14,24,15,26,15,27,14,28,12,28,10,27,7,24,3,21,0,18,-2]"
CSI_DATA,225021,d8:b1:90:db:e8:90,-52,11,1,6,0,0,1,0,0,0,1,-96,0,4,0,-815838585,0,100,0,128,1,"[100,-64,5,0,-2,8,3,10,8,11,12,11,15,11,18,10,21,9,22,8,22,7,22,6,21,5,20,5,18,5,15,6,12,8,9,10,6,11,4,13,1,15,-1,17,-2,18,-4,18,-4,19,-4,19,-4,19,-1,4,0,0,0,0,0,0,0,0,0,0,0,0,0,0,0,0,0,0,-2,3,-7,14,-9,15,-10,16,-10,17,-11,18,-11,17,-11,16,-11,14,-11,12,-11,8,-11,5,-12,1,-12,-3,-13,-7,-14,-10,-15,-13,-16,-15,-18,-16,-19,-16,-20,-15,-21,-14,-21,-12,-21,-10,-19,-7,-17,-4,-15,-2]"
CSI_DATA,225022,d8:b1:90:db:e8:90,-51,11,1,7,0,0,1,0,0,0,1,-96,0,4,0,-815816862,0,100,0,128,1,"[100,-64,5,0,-22,-17,-22,-16,-21,-16,-21,-16,-21,-15,-21,-15,-21,-14,-21,-14,-21,-13,-21,-13,-22,-12,-22,-12,-21,-12,-21,-12,-21,-12,-21,-12,-20,-12,-20,-12,-19,-12,-19,-12,-19,-12,-18,-12,-17,-12,-16,-13,-15,-13,-4,-4,0,0,0,0,0,0,0,0,0,0,0,0,0,0,0,0,0,0,-4,-3,-15,-9,-16,-10,-16,-12,-16,-13,-16,-13,-17,-14,-17,-15,-17,-15,-17,-15,-17,-16,-17,-17,-17,-17,-18,-17,-17,-17,-17,-17,-17,-17,-18,-17,-18,-17,-18,-17,-19,-16,-20,-16,-20,-16,-21,-16,-21,-17,-21,-16,-22,-16]"
CSI_DATA,225023,d8:b1:90:db:e8:90,-51,11,1,7,0,0,1,0,0,0,1,-96,0,4,0,-815792181,0,100,0,128,1,"[100,-64,5,0,3,25,3,25,3,25,4,25,4,24,4,24,4,23,4,23,5,23,5,23,6,22,6,22,5,23,6,23,6,23,5,23,5,23,4,22,3,22,3,21,3,20,3,20,2,20,1,20,0,20,-1,5,0,0,0,0,0,0,0,0,0,0,0,0,0,0,0,0,0,0,1,4,5,18,3,19,2,20,1,20,1,21,0,21,0,21,-1,21,-1,22,-1,22,-2,23,-2,23,-2,23,-2,23,-2,24,-2,24,-1,24,-1,24,0,24,1,24,1,24,2,25,2,26,2,26,2,26,3,26]"
CSI_DATA,225024,d8:b1:90:db:e8:90,-51,11,1,7,0,0,1,0,0,0,1,-96,0,4,0,-815780255,0,100,0,128,1,"[100,-64,5,0,8,21,8,21,8,21,8,20,8,20,8,20,9,19,9,19,9,18,9,18,9,18,10,18,10,18,10,18,10,18,9,18,9,17,8,17,8,17,8,17,8,17,7,16,6,16,5,17,5,17,1,4,0,0,0,0,0,0,0,0,0,0,0,0,0,0,0,0,0,0,1,4,6,16,5,16,4,17,3,18,3,18,3,18,2,18,2,19,2,19,2,19,1,20,1,20,1,21,1,21,2,21,2,21,2,21,3,21,4,21,5,21,5,21,6,21,6,22,6,22,6,22,7,22]"
CSI_DATA,225025,d8:b1:90:db:e8:90,-51,11,1,7,0,0,1,0,0,0,1,-96,0,4,0,-815768528,0,100,0,128,1,"[100,-64,5,0,-14,-24,-14,-24,-14,-23,-15,-22,-15,-22,-15,-22,-15,-21,-16,-21,-16,-20,-17,-19,-17,-19,-17,-18,-17,-18,-17,-18,-17,-18,-17,-18,-16,-18,-15,-18,-15,-18,-14,-18,-14,-18,-13,-17,-13,-17,-12,-18,-11,-19,-3,-5,0,0,0,0,0,0,0,0,0,0,0,0,0,0,0,0,0,0,-3,-4,-12,-16,-12,-17,-11,-18,-11,-19,-11,-19,-10,-20,-10,-20,-10,-21,-10,-22,-10,-22,-10,-22,-10,-23,-10,-23,-10,-23,-9,-24,-9,-24,-10,-23,-11,-24,-11,-24,-12,-23,-12,-24,-13,-24,-13,-23,-14,-23,-14,-24,-14,-24]"
CSI_DATA,225026,d8:b1:90:db:e8:90,-51,11,1,7,0,0,1,0,0,0,1,-96,0,4,0,-815756388,0,100,0,128,1,"[100,-64,5,0,-28,1,-27,2,-27,2,-26,3,-26,3,-25,3,-25,4,-25,4,-25,4,-24,5,-24,6,-24,6,-24,6,-24,6,-24,6,-24,5,-23,4,-23,4,-22,3,-22,2,-22,2,-22,1,-22,1,-21,-1,-21,-2,-6,-1,0,0,0,0,0,0,0,0,0,0,0,0,0,0,0,0,0,0,-6,0,-21,2,-21,1,-21,-1,-22,-2,-22,-2,-23,-3,-23,-3,-24,-3,-24,-4,-25,-4,-25,-4,-26,-4,-26,-4,-26,-4,-26,-3,-26,-3,-26,-2,-26,-2,-26,-1,-26,-1,-27,0,-27,0,-27,1,-27,1,-28,2,-28,1]"
CSI_DATA,225027,d8:b1:90:db:e8:90,-51,11,1,7,0,0,1,0,0,0,1,-96,0,4,0,-815743519,0,100,0,128,1,"[100,-64,5,0,-2,-30,-2,-29,-2,-29,-3,-28,-4,-27,-4,-27,-4,-27,-5,-27,-5,-27,-6,-26,-6,-26,-7,-26,-7,-26,-6,-26,-6,-26,-5,-26,-5,-25,-4,-25,-3,-25,-2,-25,-2,-24,-1,-23,0,-23,1,-23,2,-23,0,-6,0,0,0,0,0,0,0,0,0,0,0,0,0,0,0,0,0,0,-1,-6,-3,-22,-2,-23,-1,-23,0,-23,1,-24,2,-24,2,-24,2,-25,3,-25,3,-26,3,-26,3,-27,3,-27,3,-28,3,-28,2,-28,2,-28,1,-28,1,-28,0,-28,-1,-28,-1,-29,-2,-29,-2,-29,-2,-30,-2,-31]"
CSI_DATA,225028,d8:b1:90:db:e8:90,-51,11,1,7,0,0,1,0,0,0,1,-96,0,4,0,-815715084,0,100,0,128,1,"[100,-64,5,0,-5,26,-4,26,-4,26,-3,25,-3,25,-2,25,-2,24,-1,24,-1,24,0,24,0,23,-1,23,-1,23,-1,23,-1,23,-2,23,-3,22,-3,22,-3,21,-3,21,-4,20,-4,20,-5,19,-6,19,-6,19,-2,4,0,0,0,0,0,0,0,0,0,0,0,0,0,0,0,0,0,0,-1,4,-2,19,-3,19,-5,19,-6,19,-7,19,-7,20,-7,21,-7,21,-7,21,-8,22,-9,22,-10,22,-10,22,-9,22,-8,22,-8,22,-8,22,-7,23,-7,23,-7,24,-6,24,-6,24,-6,24,-6,25,-5,25,-5,26]"
CSI_DATA,225029,d8:b1:90:db:e8:90,-52,11,1,7,0,0,1,0,0,0,1,-96,0,4,0,-815700799,0,100,0,128,1,"[100,-64,5,0,-16,-25,-16,-24,-16,-24,-17,-23,-17,-23,-17,-22,-17,-21,-17,-21,-17,-21,-17,-21,-18,-20,-18,-19,-17,-19,-17,-19,-17,-19,-16,-19,-16,-20,-15,-20,-15,-20,-14,-20,-14,-19,-13,-19,-12,-19,-11,-19,-10,-20,-3,-5,0,0,0,0,0,0,0,0,0,0,0,0,0,0,0,0,0,0,-4,-5,-13,-18,-13,-19,-12,-19,-12,-20,-12,-21,-11,-21,-10,-22,-10,-23,-10,-24,-10,-24,-10,-24,-10,-25,-10,-25,-11,-25,-11,-25,-11,-25,-11,-24,-12,-25,-12,-25,-13,-25,-14,-25,-15,-25,-16,-25,-17,-25,-17,-25,-16,-26]"
CSI_DATA,225030,d8:b1:90:db:e8:90,-52,11,1,7,0,0,1,0,0,0,1,-96,0,4,0,-815685676,0,100,0,128,1,"[100,-64,5,0,26,-10,26,-9,26,-9,25,-10,24,-10,24,-10,23,-10,23,-11,23,-11,23,-11,22,-11,21,-11,21,-11,21,-11,20,-11,19,-11,19,-10,19,-9,19,-9,18,-11,16,-11,16,-11,17,-11,17,-9,17,-9,4,-3,0,0,0,0,0,0,0,0,0,0,0,0,0,0,0,0,0,0,4,-4,16,-12,16,-12,17,-11,18,-10,19,-10,20,-9,21,-10,22,-10,23,-9,24,-8,25,-8,25,-8,25,-7,25,-7,25,-6,25,-6,26,-6,26,-6,26,-7,26,-7,26,-7,27,-7,27,-8,27,-8,26,-8,24,-10]"
CSI_DATA,225031,d8:b1:90:db:e8:90,-52,11,1,7,0,0,1,0,0,0,1,-96,0,4,0,-815674828,0,100,0,128,1,"[100,-64,5,0,-28,-2,-28,-3,-27,-2,-27,-1,-26,-1,-26,-1,-25,0,-25,1,-25,1,-25,0,-25,1,-24,2,-24,2,-24,1,-24,1,-23,2,-23,2,-22,1,-21,1,-21,2,-21,2,-21,1,-21,1,-21,1,-21,0,-6,-1,0,0,0,0,0,0,0,0,0,0,0,0,0,0,0,0,0,0,-5,2,-19,7,-20,6,-20,5,-21,4,-22,3,-23,3,-24,3,-24,2,-25,1,-25,0,-26,0,-26,-1,-26,-2,-26,-2,-26,-3,-26,-3,-26,-3,-27,-4,-27,-3,-27,-3,-27,-3,-27,-3,-28,-2,-28,-2,-28,-1,-27,2]"
CSI_DATA,225032,d8:b1:90:db:e8:90,-52,11,1,6,0,0,1,0,0,0,1,-96,0,4,0,-815663525,0,100,0,128,1,"[100,-64,5,0,13,-7,11,-12,9,-17,7,-22,4,-26,2,-28,0,-30,-2,-30,-4,-30,-5,-29,-5,-28,-4,-26,-2,-23,1,-21,4,-18,7,-15,11,-13,14,-10,17,-7,20,-5,22,-4,23,-2,24,-2,24,-1,24,0,6,0,0,0,0,0,0,0,0,0,0,0,0,0,0,0,0,0,0,0,3,-4,15,-13,16,-14,18,-15,19,-15,20,-15,20,-14,20,-13,19,-11,18,-8,16,-4,13,0,11,5,9,9,7,13,5,18,4,21,4,24,5,27,6,28,7,29,9,29,11,27,13,25,14,21,14,17,15,13]"
CSI_DATA,225033,d8:b1:90:db:e8:90,-51,11,1,6,0,0,1,0,0,0,1,-96,0,4,0,-815645856,0,100,0,128,1,"[100,-64,5,0,6,-8,2,-13,-1,-17,-5,-20,-9,-23,-12,-24,-15,-24,-18,-24,-20,-23,-20,-22,-20,-20,-19,-19,-16,-19,-13,-18,-10,-18,-6,-18,-2,-19,1,-20,5,-20,8,-21,10,-22,10,-23,11,-23,12,-23,13,-22,3,-6,0,0,0,0,0,0,0,0,0,0,0,0,0,0,0,0,0,0,4,-2,19,-5,21,-5,22,-5,24,-5,24,-4,25,-4,24,-3,23,-1,20,1,18,3,15,6,12,9,9,13,7,16,5,19,4,23,4,25,5,27,6,28,7,29,9,28,11,27,12,23,14,19,14,14,13,11]"
CSI_DATA,225034,d8:b1:90:db:e8:90,-51,11,1,6,0,0,1,0,0,0,1,-96,0,4,0,-815635444,0,100,0,128,1,"[100,-64,5,0,-11,-5,-14,0,-17,6,-19,11,-20,15,-19,19,-19,22,-18,24,-17,25,-15,25,-14,24,-13,23,-13,20,-14,16,-15,12,-16,9,-17,5,-19,1,-21,-2,-22,-4,-23,-6,-24,-8,-24,-9,-24,-10,-23,-10,-6,-3,0,0,0,0,0,0,0,0,0,0,0,0,0,0,0,0,0,0,-4,-4,-15,-14,-16,-16,-17,-18,-18,-20,-18,-20,-17,-20,-16,-20,-14,-19,-11,-18,-7,-17,-3,-16,2,-15,7,-14,11,-14,15,-14,19,-14,21,-15,23,-17,24,-19,24,-20,22,-22,20,-23,17,-23,12,-22,8,-20,5,-18]"
CSI_DATA,225035,d8:b1:90:db:e8:90,-52,11,1,6,0,0,1,0,0,0,1,-96,0,4,0,-815612846,0,100,0,128,1,"[100,-64,5,0,6,6,10,3,14,1,16,-2,18,-6,20,-8,21,-11,21,-13,20,-14,19,-14,18,-14,17,-13,16,-11,15,-8,14,-5,14,-2,14,1,14,4,13,8,13,10,14,12,14,13,13,13,12,14,12,14,3,3,0,0,0,0,0,0,0,0,0,0,0,0,0,0,0,0,0,0,1,3,5,14,5,16,5,17,6,19,6,19,5,19,5,18,3,17,1,16,-1,14,-4,11,-7,9,-10,7,-13,5,-16,4,-19,3,-21,3,-23,3,-24,5,-25,6,-24,8,-23,9,-21,10,-17,11,-14,11,-11,10]"
CSI_DATA,225036,d8:b1:90:db:e8:90,-51,11,1,6,0,0,1,0,0,0,1,-96,0,4,0,-815601712,0,100,0,128,1,"[100,-64,5,0,4,10,10,8,15,6,19,4,23,3,27,-1,29,-4,29,-6,28,-7,28,-8,27,-8,25,-8,22,-6,19,-3,18,1,17,4,15,7,13,10,10,15,10,19,10,21,10,21,9,21,7,22,7,23,1,5,0,0,0,0,0,0,0,0,0,0,0,0,0,0,0,0,0,0,0,4,0,20,-1,21,-1,24,-2,25,-2,26,-3,25,-3,24,-4,22,-6,19,-8,16,-10,12,-12,8,-15,3,-17,-1,-21,-4,-24,-6,-26,-7,-28,-6,-30,-6,-31,-5,-32,-4,-31,-1,-28,3,-25,5,-20,6,-17,6]"
CSI_DATA,225037,d8:b1:90:db:e8:90,-51,11,1,6,0,0,1,0,0,0,1,-96,0,4,0,-815590460,0,100,0,128,1,"[100,-64,5,0,6,-8,2,-13,-2,-17,-6,-20,-10,-22,-13,-24,-17,-24,-19,-23,-21,-22,-21,-21,-21,-20,-19,-19,-17,-18,-14,-18,-11,-18,-7,-19,-3,-20,0,-20,4,-21,7,-21,8,-22,9,-23,10,-23,12,-23,12,-22,3,-6,0,0,0,0,0,0,0,0,0,0,0,0,0,0,0,0,0,0,4,-2,19,-5,21,-5,23,-5,24,-5,25,-5,25,-4,24,-3,23,-2,21,0,18,3,15,6,12,9,9,12,7,16,5,19,4,23,4,25,5,27,6,29,8,29,10,28,12,26,13,23,14,19,14,14,14,10]"
CSI_DATA,225038,d8:b1:90:db:e8:90,-51,11,1,6,0,0,1,0,0,0,1,-96,0,4,0,-815576645,0,100,0,128,1,"[100,-64,5,0,-9,-6,-14,-2,-17,2,-20,7,-22,11,-23,14,-23,17,-23,20,-22,21,-20,21,-19,21,-17,19,-17,17,-16,13,-17,9,-17,5,-18,0,-19,-4,-20,-8,-20,-11,-20,-13,-20,-14,-21,-14,-22,-14,-21,-14,-5,-4,0,0,0,0,0,0,0,0,0,0,0,0,0,0,0,0,0,0,-3,-4,-12,-17,-13,-19,-13,-21,-14,-23,-14,-23,-13,-23,-12,-23,-10,-22,-7,-20,-4,-18,0,-16,5,-14,9,-12,14,-10,18,-9,22,-9,24,-9,26,-10,28,-12,28,-13,27,-15,25,-16,22,-17,18,-18,13,-17,9,-16]"
CSI_DATA,225039,d8:b1:90:db:e8:90,-51,11,1,6,0,0,1,0,0,0,1,-96,0,4,0,-815565842,0,100,0,128,1,"[100,-64,5,0,7,9,13,6,19,2,23,-1,27,-5,29,-9,30,-12,30,-15,29,-17,28,-18,26,-17,25,-16,23,-13,22,-10,20,-6,19,-1,18,4,18,9,17,13,17,16,17,18,16,21,17,21,17,21,16,22,3,5,0,0,0,0,0,0,0,0,0,0,0,0,0,0,0,0,0,0,1,5,6,21,6,24,6,26,6,28,6,28,5,28,4,27,2,25,0,23,-3,19,-7,15,-11,11,-15,8,-19,5,-23,2,-27,1,-30,0,-33,1,-35,2,-36,4,-35,6,-33,8,-30,11,-26,12,-20,13,-16,13]"
CSI_DATA,225040,d8:b1:90:db:e8:90,-51,11,1,6,0,0,1,0,0,0,1,-96,0,4,0,-815553747,0,100,0,128,1,"[100,-64,5,0,8,-6,6,-13,4,-18,1,-23,-2,-27,-5,-30,-8,-31,-11,-32,-13,-31,-14,-30,-14,-29,-13,-27,-11,-25,-7,-23,-4,-22,0,-20,5,-20,9,-19,13,-18,16,-18,19,-18,20,-18,21,-18,21,-17,21,-17,5,-4,0,0,0,0,0,0,0,0,0,0,0,0,0,0,0,0,0,0,5,0,22,0,24,1,26,2,27,2,28,3,28,3,27,4,25,5,22,7,18,9,14,11,9,13,5,16,1,19,-2,23,-5,26,-5,29,-5,31,-4,33,-3,34,-1,34,2,32,4,29,7,26,9,21,9,17]"
CSI_DATA,225041,d8:b1:90:db:e8:90,-52,11,1,6,0,0,1,0,0,0,1,-96,0,4,0,-815541126,0,100,0,128,1,"[100,-64,5,0,-9,-5,-12,-2,-15,1,-17,5,-18,8,-19,11,-19,13,-18,15,-18,16,-17,16,-16,15,-15,14,-14,12,-14,9,-14,6,-14,3,-14,-1,-14,-4,-15,-7,-15,-9,-15,-11,-16,-12,-16,-13,-15,-14,-15,-14,-4,-4,0,0,0,0,0,0,0,0,0,0,0,0,0,0,0,0,0,0,-3,-3,-12,-10,-13,-12,-14,-13,-14,-14,-14,-15,-14,-15,-13,-15,-11,-14,-9,-14,-6,-13,-2,-12,1,-11,5,-10,9,-10,12,-10,15,-10,17,-11,19,-12,19,-13,19,-14,18,-16,17,-17,14,-17,11,-17,7,-16,5,-14]"
CSI_DATA,225042,d8:b1:90:db:e8:90,-52,11,1,6,0,0,1,0,0,0,1,-96,0,4,0,-815530082,0,100,0,128,1,"[100,-64,5,0,-7,-1,-9,4,-10,8,-11,12,-11,16,-10,19,-9,21,-7,22,-6,23,-5,22,-4,22,-4,21,-4,19,-5,17,-7,15,-9,12,-11,10,-13,8,-16,6,-17,5,-19,4,-20,4,-20,3,-20,3,-20,3,-5,0,0,0,0,0,0,0,0,0,0,0,0,0,0,0,0,0,0,0,-3,-4,-10,-14,-10,-15,-10,-17,-11,-18,-11,-19,-11,-19,-10,-18,-8,-17,-6,-16,-4,-15,0,-14,3,-13,7,-12,10,-11,13,-11,15,-12,17,-12,19,-14,19,-15,19,-16,17,-18,15,-18,13,-18,9,-17,6,-15,3,-14]"
CSI_DATA,225043,d8:b1:90:db:e8:90,-51,11,1,6,0,0,1,0,0,0,1,-96,0,4,0,-815501365,0,100,0,128,1,"[100,-64,5,0,-7,-7,-13,-4,-17,-1,-20,3,-23,7,-24,10,-25,13,-25,15,-24,17,-23,17,-22,17,-20,16,-19,14,-18,11,-18,7,-18,3,-18,-1,-19,-4,-19,-8,-20,-11,-20,-13,-20,-14,-20,-15,-20,-15,-19,-15,-5,-4,0,0,0,0,0,0,0,0,0,0,0,0,0,0,0,0,0,0,-1,-5,-4,-20,-3,-22,-3,-24,-3,-25,-3,-26,-2,-26,-1,-25,0,-23,2,-21,4,-18,7,-15,10,-11,13,-8,16,-6,20,-3,23,-2,25,-2,27,-2,29,-4,30,-5,29,-7,27,-9,25,-11,21,-12,16,-12,12,-12]"
CSI_DATA,225044,d8:b1:90:db:e8:90,-51,11,1,6,0,0,1,0,0,0,1,-96,0,4,0,-815484127,0,100,0,128,1,"[100,-64,5,0,5,-9,1,-14,-3,-18,-7,-21,-11,-23,-15,-24,-18,-24,-20,-23,-22,-22,-22,-21,-21,-19,-20,-18,-17,-17,-14,-17,-10,-17,-6,-17,-1,-18,2,-19,6,-19,9,-20,11,-19,14,-19,14,-19,14,-19,15,-20,4,-5,0,0,0,0,0,0,0,0,0,0,0,0,0,0,0,0,0,0,4,-3,16,-11,18,-12,20,-13,21,-13,22,-13,23,-13,22,-11,21,-10,19,-7,17,-3,15,1,13,5,10,9,9,14,8,18,7,22,8,25,9,27,10,28,12,28,14,27,15,25,16,22,17,18,16,13,15,9]"
CSI_DATA,225045,d8:b1:90:db:e8:90,-51,11,1,6,0,0,1,0,0,0,1,-96,0,4,0,-815472865,0,100,0,128,1,"[100,-64,5,0,-5,-10,-11,-9,-16,-7,-21,-5,-24,-2,-27,1,-28,3,-29,6,-29,7,-28,8,-27,8,-25,8,-24,6,-22,3,-21,0,-19,-3,-18,-7,-17,-11,-16,-14,-15,-17,-15,-19,-15,-20,-14,-21,-14,-21,-14,-21,-4,-6,0,0,0,0,0,0,0,0,0,0,0,0,0,0,0,0,0,0,0,-5,2,-20,3,-22,4,-24,4,-25,5,-26,5,-25,6,-24,7,-22,8,-19,10,-16,11,-12,13,-8,15,-4,18,-1,20,2,23,4,25,5,27,6,29,5,30,3,30,1,29,-1,27,-3,23,-6,19,-7,16,-9]"
CSI_DATA,225046,d8:b1:90:db:e8:90,-51,11,1,6,0,0,1,0,0,0,1,-96,0,4,0,-815461065,0,100,0,128,1,"[100,-64,5,0,-1,-9,-7,-11,-12,-11,-17,-11,-22,-10,-25,-9,-27,-7,-29,-6,-29,-4,-29,-3,-28,-2,-26,-2,-24,-3,-21,-4,-18,-7,-15,-10,-13,-13,-10,-16,-8,-18,-7,-21,-5,-22,-4,-23,-4,-24,-4,-24,-4,-24,-1,-6,0,0,0,0,0,0,0,0,0,0,0,0,0,0,0,0,0,0,2,-4,11,-16,13,-17,14,-19,15,-20,16,-20,16,-20,16,-18,16,-16,15,-13,15,-10,14,-5,14,-1,14,4,15,8,16,12,17,15,18,17,20,19,22,19,23,18,24,16,25,14,24,11,22,7,19,3,17,1]"
CSI_DATA,225047,d8:b1:90:db:e8:90,-51,11,1,6,0,0,1,0,0,0,1,-96,0,4,0,-815450922,0,100,0,128,1,"[100,-64,5,0,-5,8,-1,12,4,16,8,18,12,20,16,21,19,21,21,20,23,18,24,16,23,15,22,15,19,15,16,15,13,16,9,17,5,18,2,20,-1,21,-4,22,-6,23,-7,24,-8,24,-8,24,-8,23,-2,5,0,0,0,0,0,0,0,0,0,0,0,0,0,0,0,0,0,0,-5,1,-20,5,-22,5,-24,5,-25,6,-26,5,-27,5,-26,4,-25,2,-22,0,-20,-3,-17,-6,-15,-10,-12,-13,-10,-17,-8,-21,-8,-24,-8,-27,-9,-29,-10,-30,-12,-30,-13,-29,-15,-27,-16,-23,-17,-19,-16,-14,-15,-10]"
CSI_DATA,225048,d8:b1:90:db:e8:90,-51,11,1,6,0,0,1,0,0,0,1,-96,0,4,0,-815431212,0,100,0,128,1,"[100,-64,5,0,-10,3,-9,9,-8,15,-6,20,-4,23,-1,26,1,28,4,28,6,28,7,27,7,26,6,25,5,23,2,21,-1,20,-4,18,-8,17,-11,15,-15,14,-18,13,-20,13,-21,13,-22,13,-22,12,-21,12,-6,2,0,0,0,0,0,0,0,0,0,0,0,0,0,0,0,0,0,0,-5,-1,-20,-4,-22,-6,-23,-7,-25,-7,-25,-8,-25,-8,-24,-9,-22,-9,-19,-10,-15,-12,-11,-13,-7,-15,-3,-17,1,-19,4,-21,6,-23,7,-26,7,-28,7,-29,6,-30,4,-31,1,-30,-1,-28,-4,-25,-6,-20,-8,-17]"
CSI_DATA,225049,d8:b1:90:db:e8:90,-52,11,1,6,0,0,1,0,0,0,1,-96,0,4,0,-815409127,0,100,0,128,1,"[100,-64,5,0,-4,7,0,10,3,12,7,14,10,15,13,15,16,15,18,14,19,13,19,12,18,12,17,11,15,11,12,11,10,12,7,12,4,13,1,14,-2,15,-4,16,-6,17,-7,18,-7,18,-8,18,-7,17,-2,4,0,0,0,0,0,0,0,0,0,0,0,0,0,0,0,0,0,0,-4,1,-14,7,-16,7,-17,8,-18,8,-19,8,-19,8,-19,7,-18,5,-16,3,-15,1,-13,-2,-11,-5,-10,-9,-9,-12,-8,-15,-8,-18,-8,-20,-9,-22,-11,-22,-12,-22,-13,-21,-14,-19,-15,-17,-15,-14,-14,-10,-13,-7]"
CSI_DATA,225050,d8:b1:90:db:e8:90,-51,11,1,6,0,0,1,0,0,0,1,-96,0,4,0,-815397327,0,100,0,128,1,"[100,-64,5,0,-10,6,-7,12,-4,18,-1,22,3,26,6,28,9,30,12,30,14,29,15,28,15,26,13,25,11,23,8,22,4,21,0,20,-5,19,-9,19,-12,18,-16,18,-18,18,-20,18,-21,18,-21,18,-20,17,-5,4,0,0,0,0,0,0,0,0,0,0,0,0,0,0,0,0,0,0,-6,0,-23,0,-25,-1,-27,-1,-29,-2,-29,-2,-29,-3,-28,-3,-26,-4,-23,-6,-19,-9,-15,-11,-11,-14,-7,-17,-3,-20,0,-24,2,-27,2,-30,2,-32,1,-34,0,-35,-2,-34,-5,-33,-7,-30,-9,-26,-11,-21,-11,-17]"
CSI_DATA,225051,d8:b1:90:db:e8:90,-51,11,1,6,0,0,1,0,0,0,1,-96,0,4,0,-815382782,0,100,0,128,1,"[100,-64,5,0,-11,-7,-16,-6,-17,-1,-18,8,-21,16,-24,18,-21,19,-14,23,-11,29,-12,30,-11,26,-6,22,-1,22,-4,24,-11,20,-12,13,-9,10,-10,13,-17,15,-23,11,-21,8,-18,11,-19,17,-23,17,-24,14,-6,3,0,0,0,0,0,0,0,0,0,0,0,0,0,0,0,0,0,0,3,-4,15,-14,23,-13,26,-8,21,-7,19,-13,22,-18,25,-15,21,-10,15,-9,13,-11,17,-8,17,0,14,6,13,7,16,7,21,10,25,13,26,13,27,9,29,5,32,1,31,-1,27,-4,21,-9,16,-13,14,-15]"
CSI_DATA,225052,d8:b1:90:db:e8:90,-52,11,1,6,0,0,1,0,0,0,1,-96,0,4,0,-815372503,0,100,0,128,1,"[100,-64,5,0,1,8,4,9,10,6,16,6,18,5,19,0,23,-3,23,-4,21,-8,22,-10,21,-9,17,-10,17,-12,17,-8,13,-4,14,-5,17,-2,15,3,14,2,18,3,18,6,17,5,20,4,20,6,15,5,3,1,0,0,0,0,0,0,0,0,0,0,0,0,0,0,0,0,0,0,-4,-3,-14,-7,-15,-3,-20,-4,-20,-6,-19,-3,-22,-1,-21,-4,-17,-3,-17,-2,-16,-5,-11,-6,-10,-7,-10,-11,-7,-14,-6,-15,-9,-18,-9,-21,-10,-21,-14,-20,-16,-20,-17,-18,-18,-15,-20,-11,-19,-8,-16,-4,-14,1]"
CSI_DATA,225053,d8:b1:90:db:e8:90,-51,11,1,6,0,0,1,0,0,0,1,-96,0,4,0,-815360786,0,100,0,128,1,"[100,-64,5,0,-11,2,-11,8,-10,14,-8,19,-6,23,-4,26,-2,28,0,29,2,29,3,28,4,27,3,26,2,24,-1,21,-4,19,-7,17,-10,15,-14,14,-17,12,-19,11,-21,11,-23,10,-23,10,-23,9,-23,9,-6,2,0,0,0,0,0,0,0,0,0,0,0,0,0,0,0,0,0,0,-5,-2,-20,-7,-21,-8,-22,-9,-23,-10,-24,-11,-24,-11,-23,-11,-21,-12,-18,-12,-14,-13,-10,-14,-5,-15,-1,-17,3,-18,6,-21,9,-23,10,-25,11,-26,10,-28,9,-29,7,-30,5,-29,2,-28,-1,-25,-4,-21,-6,-17]"
CSI_DATA,225054,d8:b1:90:db:e8:90,-52,11,1,6,0,0,1,0,0,0,1,-96,0,4,0,-815348547,0,100,0,128,1,"[100,-64,5,0,-9,2,-8,7,-8,11,-6,15,-5,18,-3,20,-1,22,0,23,1,23,2,22,2,22,2,20,1,19,-1,17,-3,15,-6,14,-8,12,-11,11,-13,9,-16,9,-17,8,-18,7,-19,7,-19,6,-19,6,-5,1,0,0,0,0,0,0,0,0,0,0,0,0,0,0,0,0,0,0,-4,-1,-16,-4,-17,-5,-18,-6,-19,-7,-19,-7,-19,-7,-18,-8,-17,-8,-14,-9,-12,-10,-9,-11,-5,-12,-2,-13,1,-15,4,-17,6,-18,7,-20,7,-22,7,-23,6,-24,5,-24,3,-23,1,-22,-1,-20,-3,-17,-5,-14]"
CSI_DATA,225055,d8:b1:90:db:e8:90,-52,11,1,6,0,0,1,0,0,0,1,-96,0,4,0,-815336054,0,100,0,128,1,"[100,-64,5,0,-1,8,3,10,7,10,12,11,15,10,18,9,20,8,22,7,22,5,22,4,21,4,19,4,18,4,16,6,14,7,11,9,9,11,7,13,5,15,3,17,2,18,1,19,1,19,1,19,1,19,0,4,0,0,0,0,0,0,0,0,0,0,0,0,0,0,0,0,0,0,-3,2,-10,11,-11,12,-13,13,-14,14,-14,14,-15,14,-14,13,-14,11,-14,9,-14,6,-13,3,-13,-1,-13,-5,-13,-8,-14,-11,-14,-13,-16,-15,-17,-16,-18,-16,-20,-15,-20,-14,-20,-12,-20,-10,-19,-6,-17,-4,-14,-2]"
CSI_DATA,225056,d8:b1:90:db:e8:90,-52,11,1,6,0,0,1,0,0,0,1,-96,0,4,0,-815324064,0,100,0,128,1,"[100,-64,5,0,-5,-7,-9,-6,-13,-4,-17,-2,-19,0,-21,3,-22,5,-23,6,-23,8,-22,9,-20,9,-19,8,-18,7,-17,4,-16,2,-15,-1,-14,-4,-14,-7,-13,-10,-13,-12,-13,-14,-13,-15,-13,-15,-13,-16,-12,-16,-3,-4,0,0,0,0,0,0,0,0,0,0,0,0,0,0,0,0,0,0,0,-4,2,-16,2,-17,3,-19,3,-20,4,-20,4,-20,4,-19,5,-17,6,-15,7,-13,8,-10,10,-6,12,-3,14,-1,15,2,17,3,19,4,21,4,23,4,23,2,23,1,23,-1,21,-3,18,-5,15,-6,12,-7]"
CSI_DATA,225057,d8:b1:90:db:e8:90,-51,11,1,6,0,0,1,0,0,0,1,-96,0,4,0,-815298721,0,100,0,128,1,"[100,-64,5,0,-6,8,-2,12,2,16,7,19,11,21,14,21,18,21,20,20,21,19,22,18,21,16,20,15,17,15,14,15,11,15,7,16,3,17,-1,18,-4,19,-7,20,-9,21,-11,21,-11,22,-11,21,-11,21,-3,5,0,0,0,0,0,0,0,0,0,0,0,0,0,0,0,0,0,0,-5,1,-19,7,-21,7,-23,7,-24,7,-25,7,-25,7,-25,6,-23,4,-21,2,-19,-1,-16,-5,-14,-8,-11,-12,-9,-16,-8,-20,-7,-23,-8,-26,-9,-28,-10,-29,-11,-29,-13,-28,-15,-26,-16,-23,-16,-19,-16,-14,-15,-10]"
CSI_DATA,225058,d8:b1:90:db:e8:90,-52,11,1,6,0,0,1,0,0,0,1,-96,0,4,0,-815285344,0,100,0,128,1,"[100,-64,5,0,7,4,10,1,13,-2,16,-6,17,-9,18,-12,18,-14,18,-16,17,-17,16,-18,15,-17,14,-16,13,-14,13,-11,13,-8,13,-4,13,-1,14,2,14,5,15,8,15,11,16,11,16,11,16,12,15,14,3,3,0,0,0,0,0,0,0,0,0,0,0,0,0,0,0,0,0,0,2,3,8,13,9,14,9,16,9,17,9,18,9,18,8,17,6,16,4,15,2,13,-2,11,-5,9,-9,8,-12,7,-15,6,-18,6,-20,6,-22,7,-23,8,-23,10,-23,11,-21,12,-19,13,-15,13,-11,12,-9,12]"
CSI_DATA,225059,d8:b1:90:db:e8:90,-51,11,1,6,0,0,1,0,0,0,1,-96,0,4,0,-815274299,0,100,0,128,1,"[100,-64,5,0,7,8,12,6,17,3,21,-1,24,-4,26,-8,27,-11,27,-13,27,-14,26,-15,24,-15,22,-14,21,-11,20,-8,19,-5,18,0,17,4,16,8,16,12,16,15,15,17,15,18,15,20,14,20,14,20,3,5,0,0,0,0,0,0,0,0,0,0,0,0,0,0,0,0,0,0,1,4,6,18,6,21,6,23,6,24,6,25,6,25,5,24,3,23,1,20,-3,17,-6,14,-10,11,-13,8,-17,5,-21,3,-24,2,-27,2,-30,2,-31,4,-32,5,-31,7,-29,9,-26,11,-23,12,-18,13,-14,12]"
CSI_DATA,225060,d8:b1:90:db:e8:90,-51,11,1,6,0,0,1,0,0,0,1,-96,0,4,0,-815263763,0,100,0,128,1,"[100,-64,5,0,-7,-10,-12,-9,-17,-6,-22,-4,-26,0,-28,2,-29,5,-30,7,-30,9,-29,9,-27,9,-25,9,-23,7,-22,4,-20,0,-18,-4,-17,-7,-16,-11,-15,-15,-14,-18,-13,-20,-12,-22,-12,-23,-11,-23,-11,-23,-3,-6,0,0,0,0,0,0,0,0,0,0,0,0,0,0,0,0,0,0,-2,-5,-5,-20,-5,-22,-4,-25,-4,-26,-4,-27,-3,-27,-3,-26,-1,-24,1,-21,4,-18,7,-15,10,-11,13,-7,17,-4,20,-2,23,0,26,1,28,1,30,0,31,-2,31,-4,29,-6,27,-8,23,-10,19,-11,15,-12]"
CSI_DATA,225061,d8:b1:90:db:e8:90,-51,11,1,6,0,0,1,0,0,0,1,-96,0,4,0,-815252807,0,100,0,128,1,"[100,-64,5,0,-5,-13,-12,-12,-18,-11,-23,-9,-28,-7,-31,-4,-33,-2,-35,0,-35,2,-34,4,-32,4,-30,3,-28,2,-25,-1,-22,-5,-19,-8,-17,-12,-15,-16,-12,-20,-10,-23,-9,-25,-8,-27,-8,-28,-7,-28,-6,-28,-2,-7,0,0,0,0,0,0,0,0,0,0,0,0,0,0,0,0,0,0,0,-6,0,-23,0,-26,1,-28,2,-30,2,-30,3,-30,4,-28,5,-26,7,-23,9,-19,11,-14,13,-9,16,-5,19,0,23,3,25,6,28,8,31,8,33,7,34,6,35,4,34,1,31,-2,28,-5,23,-7,19,-9]"
CSI_DATA,225062,d8:b1:90:db:e8:90,-52,11,1,6,0,0,1,0,0,0,1,-96,0,4,0,-815236153,0,100,0,128,1,"[100,-64,5,0,-4,-8,-9,-7,-13,-5,-17,-4,-20,-2,-22,1,-23,3,-24,4,-24,5,-23,6,-22,6,-20,6,-19,4,-17,2,-16,-1,-14,-4,-13,-7,-11,-10,-10,-13,-9,-15,-9,-17,-8,-18,-8,-19,-8,-19,-7,-19,-2,-5,0,0,0,0,0,0,0,0,0,0,0,0,0,0,0,0,0,0,-1,-4,-2,-16,-2,-18,-1,-20,-1,-21,-1,-21,-1,-21,0,-20,1,-18,2,-16,4,-14,6,-10,8,-7,11,-4,13,-2,15,1,18,2,20,3,22,3,23,3,24,2,24,0,23,-2,21,-4,19,-5,15,-7,12,-7]"
CSI_DATA,225063,d8:b1:90:db:e8:90,-51,11,1,6,0,0,1,0,0,0,1,-96,0,4,0,-815224322,0,100,0,128,1,"[100,-64,5,0,-11,0,-13,6,-13,12,-13,17,-12,21,-10,25,-9,27,-7,29,-5,29,-4,29,-4,27,-4,26,-4,23,-6,20,-8,17,-11,13,-14,10,-16,7,-19,4,-22,2,-24,1,-25,0,-25,-1,-25,-2,-24,-2,-6,-1,0,0,0,0,0,0,0,0,0,0,0,0,0,0,0,0,0,0,-5,-2,-20,-6,-22,-8,-23,-9,-24,-10,-25,-11,-24,-11,-23,-11,-21,-11,-17,-12,-13,-13,-9,-13,-4,-14,1,-15,5,-17,9,-18,12,-20,14,-22,15,-24,16,-26,15,-28,13,-28,10,-28,7,-27,4,-25,0,-22,-2,-19]"
CSI_DATA,225064,d8:b1:90:db:e8:90,-51,11,1,6,0,0,1,0,0,0,1,-96,0,4,0,-815205238,0,100,0,128,1,"[100,-64,5,0,-13,3,-13,9,-12,14,-11,20,-9,24,-7,27,-5,29,-3,29,-1,29,0,29,0,27,-1,25,-2,23,-4,20,-7,17,-10,13,-13,10,-16,7,-19,4,-21,2,-23,0,-24,-1,-25,-2,-25,-3,-25,-4,-7,-1,0,0,0,0,0,0,0,0,0,0,0,0,0,0,0,0,0,0,-5,1,-20,6,-22,6,-24,6,-25,6,-26,6,-26,5,-25,4,-23,2,-20,0,-17,-3,-13,-6,-10,-10,-6,-13,-2,-17,0,-20,2,-24,3,-26,4,-29,3,-31,2,-32,0,-32,-2,-31,-5,-29,-7,-25,-9,-21,-10,-18]"
CSI_DATA,225065,d8:b1:90:db:e8:90,-51,11,1,6,0,0,1,0,0,0,1,-96,0,4,0,-815193285,0,100,0,128,1,"[100,-64,5,0,12,4,15,-1,18,-6,19,-11,20,-16,20,-19,20,-22,19,-24,18,-25,16,-25,15,-24,14,-22,14,-19,14,-15,14,-11,15,-6,16,-2,17,2,17,6,18,9,18,12,19,14,19,15,18,16,18,16,4,4,0,0,0,0,0,0,0,0,0,0,0,0,0,0,0,0,0,0,4,1,19,5,20,6,22,7,23,9,24,9,23,9,22,10,19,10,16,11,12,11,7,12,1,12,-3,13,-8,14,-12,15,-16,17,-19,18,-20,20,-21,22,-20,24,-19,25,-17,25,-13,25,-9,24,-5,21,-2,19]"
CSI_DATA,225066,d8:b1:90:db:e8:90,-51,11,1,6,0,0,1,0,0,0,1,-96,0,4,0,-815180712,0,100,0,128,1,"[100,-64,5,0,-6,-10,-12,-8,-17,-6,-22,-3,-25,0,-27,3,-29,6,-29,8,-29,9,-28,10,-26,10,-25,9,-23,8,-21,5,-19,1,-18,-3,-17,-7,-15,-11,-14,-15,-13,-19,-13,-20,-13,-22,-13,-24,-12,-23,-11,-22,-3,-6,0,0,0,0,0,0,0,0,0,0,0,0,0,0,0,0,0,0,-1,-5,-4,-20,-4,-23,-3,-25,-3,-26,-3,-27,-2,-27,-1,-25,0,-23,2,-21,4,-18,7,-14,10,-10,13,-6,17,-3,20,0,23,1,26,2,28,2,30,2,31,0,30,-2,29,-4,27,-6,23,-8,19,-10,15,-10]"
CSI_DATA,225067,d8:b1:90:db:e8:90,-51,11,1,6,0,0,1,0,0,0,1,-96,0,4,0,-815168305,0,100,0,128,1,"[100,-64,5,0,-11,0,-13,6,-13,12,-13,17,-11,21,-10,25,-8,28,-7,29,-5,29,-4,29,-3,28,-3,25,-4,23,-6,20,-8,17,-11,14,-14,10,-16,7,-19,4,-21,2,-24,1,-25,0,-25,-1,-25,-2,-24,-2,-6,-1,0,0,0,0,0,0,0,0,0,0,0,0,0,0,0,0,0,0,-5,-2,-21,-6,-22,-7,-24,-8,-25,-9,-25,-9,-25,-10,-23,-10,-21,-10,-18,-11,-14,-12,-9,-13,-5,-14,0,-15,5,-17,8,-19,11,-21,13,-23,15,-25,15,-27,14,-28,12,-29,9,-29,6,-28,3,-25,0,-22,-2,-18]"
CSI_DATA,225068,d8:b1:90:db:e8:90,-51,11,1,6,0,0,1,0,0,0,1,-96,0,4,0,-815154709,0,100,0,128,1,"[100,-64,5,0,-1,10,5,12,11,12,16,12,20,12,24,10,26,9,28,7,28,5,28,4,27,3,25,4,23,5,20,6,17,8,14,11,12,14,9,16,7,19,5,21,3,23,2,24,2,24,1,24,1,24,0,6,0,0,0,0,0,0,0,0,0,0,0,0,0,0,0,0,0,0,-3,4,-10,16,-12,18,-13,19,-14,20,-15,21,-16,20,-16,19,-16,17,-16,14,-16,10,-16,6,-16,1,-17,-3,-17,-8,-18,-11,-20,-15,-21,-17,-23,-18,-25,-18,-26,-17,-27,-15,-27,-13,-26,-9,-24,-6,-21,-2,-18,0]"
CSI_DATA,225069,d8:b1:90:db:e8:90,-52,11,1,6,0,0,1,0,0,0,1,-96,0,4,0,-815143126,0,100,0,128,1,"[100,-64,5,0,-7,5,-5,9,-3,13,0,17,2,19,5,21,7,21,9,21,10,21,11,20,11,19,10,18,8,16,6,15,3,14,-1,13,-4,13,-8,12,-11,11,-13,11,-15,11,-16,11,-17,10,-17,10,-17,10,-5,2,0,0,0,0,0,0,0,0,0,0,0,0,0,0,0,0,0,0,-4,1,-16,5,-17,5,-19,5,-20,5,-21,4,-21,4,-20,3,-18,2,-17,0,-14,-2,-12,-5,-9,-7,-7,-10,-5,-13,-3,-16,-2,-19,-2,-22,-2,-23,-3,-25,-4,-25,-5,-25,-7,-23,-8,-21,-10,-18,-10,-14,-10,-12]"
CSI_DATA,225070,d8:b1:90:db:e8:90,-52,11,1,6,0,0,1,0,0,0,1,-96,0,4,0,-815126477,0,100,0,128,1,"[100,-64,5,0,2,8,6,8,11,7,15,6,19,4,21,3,23,1,24,-1,24,-2,23,-3,22,-3,20,-3,18,-2,17,0,14,3,12,5,10,8,8,11,7,13,6,16,5,17,4,18,3,19,3,19,2,19,0,4,0,0,0,0,0,0,0,0,0,0,0,0,0,0,0,0,0,0,-1,3,-1,15,-2,17,-3,18,-3,19,-3,20,-4,20,-4,19,-5,17,-6,15,-7,12,-9,8,-10,5,-12,1,-14,-2,-16,-4,-18,-6,-20,-8,-22,-8,-23,-8,-24,-7,-25,-5,-24,-3,-23,-1,-20,1,-17,3,-14,4]"
CSI_DATA,225071,d8:b1:90:db:e8:90,-52,11,1,6,0,0,1,0,0,0,1,-96,0,4,0,-815103065,0,100,0,128,1,"[100,-64,5,0,4,7,9,5,13,3,16,1,19,-2,21,-4,22,-6,23,-8,22,-9,21,-10,20,-10,19,-9,17,-7,16,-5,15,-2,13,2,12,5,11,8,10,11,10,13,9,15,9,16,8,17,8,17,8,17,1,4,0,0,0,0,0,0,0,0,0,0,0,0,0,0,0,0,0,0,0,3,3,15,3,16,3,18,3,19,2,20,2,19,2,19,1,18,-1,16,-3,13,-6,10,-8,7,-11,5,-14,2,-16,0,-19,-1,-21,-2,-23,-2,-25,-1,-25,0,-25,2,-24,3,-22,5,-19,6,-15,7,-13,8]"
CSI_DATA,225072,d8:b1:90:db:e8:90,-51,11,1,6,0,0,1,0,0,0,1,-96,0,4,0,-815091343,0,100,0,128,1,"[100,-64,5,0,-9,-4,-13,1,-16,6,-18,11,-19,16,-18,20,-18,23,-17,25,-15,26,-14,26,-13,26,-12,24,-12,22,-13,19,-14,16,-16,12,-18,9,-20,6,-21,3,-23,0,-25,-1,-25,-2,-26,-3,-26,-3,-25,-3,-7,-1,0,0,0,0,0,0,0,0,0,0,0,0,0,0,0,0,0,0,-3,-5,-9,-19,-9,-21,-9,-24,-9,-25,-9,-26,-9,-26,-8,-25,-6,-24,-3,-22,0,-20,3,-18,7,-15,11,-14,15,-12,19,-11,22,-11,24,-11,26,-13,27,-14,27,-16,26,-18,23,-19,20,-19,15,-19,11,-18,7,-17]"
CSI_DATA,225073,d8:b1:90:db:e8:90,-51,11,1,6,0,0,1,0,0,0,1,-96,0,4,0,-815077288,0,100,0,128,1,"[100,-64,5,0,-2,-11,-8,-12,-14,-12,-19,-11,-23,-10,-27,-8,-29,-6,-30,-5,-31,-3,-30,-2,-29,-1,-26,-1,-24,-2,-21,-4,-18,-7,-15,-10,-12,-13,-9,-17,-7,-19,-4,-21,-3,-23,-2,-24,-1,-26,-2,-27,-2,-27,-1,-7,0,0,0,0,0,0,0,0,0,0,0,0,0,0,0,0,0,0,0,-5,3,-20,4,-22,5,-24,5,-26,6,-26,7,-26,7,-24,8,-22,9,-19,10,-15,11,-10,13,-5,14,-1,16,3,18,7,21,10,23,12,25,13,27,12,28,11,29,9,29,7,27,4,24,1,21,-1,18,-3]"
CSI_DATA,225074,d8:b1:90:db:e8:90,-52,11,1,6,0,0,1,0,0,0,1,-96,0,4,0,-815066051,0,100,0,128,1,"[100,-64,5,0,7,1,10,-3,11,-7,12,-11,12,-15,12,-18,11,-20,10,-21,9,-22,8,-22,7,-21,7,-20,7,-18,8,-16,9,-13,11,-10,12,-8,14,-6,16,-4,17,-2,18,-1,19,0,19,1,19,1,19,2,4,0,0,0,0,0,0,0,0,0,0,0,0,0,0,0,0,0,0,0,2,2,10,11,10,12,11,14,11,15,12,15,12,15,11,15,9,15,7,14,4,13,1,12,-3,12,-6,11,-10,10,-13,11,-15,11,-17,12,-18,13,-19,15,-18,16,-17,17,-15,18,-12,18,-9,17,-6,15,-3,13]"
CSI_DATA,225075,d8:b1:90:db:e8:90,-51,11,1,6,0,0,1,0,0,0,1,-96,0,4,0,-815054283,0,100,0,128,1,"[100,-64,5,0,-11,2,-11,8,-10,14,-9,19,-7,23,-4,26,-2,28,0,29,2,29,3,28,4,27,3,25,2,23,-1,21,-3,19,-7,17,-10,16,-13,14,-16,12,-19,11,-21,11,-22,10,-23,10,-23,10,-22,9,-6,2,0,0,0,0,0,0,0,0,0,0,0,0,0,0,0,0,0,0,-5,-2,-19,-7,-21,-9,-22,-10,-23,-11,-24,-11,-24,-12,-23,-12,-20,-12,-17,-13,-13,-14,-9,-15,-5,-15,-1,-17,3,-18,7,-20,9,-22,11,-25,11,-27,11,-28,10,-29,8,-30,5,-29,2,-27,-1,-25,-4,-21,-5,-18]"
CSI_DATA,225076,d8:b1:90:db:e8:90,-52,11,1,6,0,0,1,0,0,0,1,-96,0,4,0,-815041955,0,100,0,128,1,"[100,-64,5,0,-9,-1,-11,3,-12,8,-12,12,-12,16,-11,18,-10,21,-9,22,-8,22,-7,22,-6,21,-6,20,-6,17,-7,15,-9,12,-10,9,-12,6,-14,3,-16,1,-18,-1,-19,-2,-20,-3,-20,-4,-20,-5,-19,-5,-5,-2,0,0,0,0,0,0,0,0,0,0,0,0,0,0,0,0,0,0,-4,-2,-15,-7,-16,-8,-17,-9,-18,-10,-18,-11,-18,-11,-17,-11,-15,-11,-13,-11,-10,-11,-6,-11,-2,-12,2,-12,6,-13,9,-13,11,-15,13,-16,14,-18,15,-19,14,-21,13,-21,11,-22,8,-21,5,-20,2,-17,0,-15]"
CSI_DATA,225077,d8:b1:90:db:e8:90,-52,11,1,6,0,0,1,0,0,0,1,-96,0,4,0,-815028367,0,100,0,128,1,"[100,-64,5,0,6,5,10,2,14,-1,17,-5,19,-8,19,-11,20,-13,19,-15,18,-17,17,-17,16,-17,15,-16,15,-14,14,-11,14,-8,14,-5,15,-1,15,2,16,5,16,7,16,9,17,10,17,11,17,11,16,11,4,2,0,0,0,0,0,0,0,0,0,0,0,0,0,0,0,0,0,0,1,3,4,15,4,17,4,19,4,20,4,20,3,21,2,20,1,18,0,17,-3,14,-5,12,-8,9,-11,7,-14,5,-17,3,-20,3,-22,3,-24,3,-25,4,-26,6,-25,7,-23,9,-21,10,-17,11,-14,11,-11,10]"
CSI_DATA,225078,d8:b1:90:db:e8:90,-51,11,1,6,0,0,1,0,0,0,1,-96,0,4,0,-815001773,0,100,0,128,1,"[100,-64,5,0,4,8,10,6,15,4,20,1,23,-2,25,-4,27,-7,27,-9,27,-11,26,-12,24,-12,23,-11,21,-9,20,-7,19,-3,18,1,17,4,16,8,15,12,15,14,15,16,15,18,14,19,14,19,13,19,3,4,0,0,0,0,0,0,0,0,0,0,0,0,0,0,0,0,0,0,-1,4,-1,19,-2,21,-3,23,-3,24,-4,25,-4,25,-5,24,-6,22,-7,19,-9,15,-11,12,-13,8,-15,4,-18,1,-21,-2,-23,-4,-26,-5,-28,-5,-30,-4,-31,-3,-30,-1,-29,1,-27,3,-23,6,-19,7,-16,8]"
CSI_DATA,225079,d8:b1:90:db:e8:90,-51,11,1,6,0,0,1,0,0,0,1,-96,0,4,0,-814991006,0,100,0,128,1,"[100,-64,5,0,8,-5,6,-11,4,-16,2,-21,-1,-25,-4,-27,-7,-28,-9,-28,-10,-28,-11,-27,-11,-26,-11,-24,-9,-23,-6,-21,-3,-19,1,-18,5,-17,8,-17,12,-16,15,-16,17,-16,19,-15,19,-15,19,-14,19,-14,4,-4,0,0,0,0,0,0,0,0,0,0,0,0,0,0,0,0,0,0,4,0,19,1,21,2,23,3,24,3,25,4,24,4,24,5,22,5,19,7,15,8,11,10,7,12,3,14,0,17,-3,20,-5,22,-6,25,-6,27,-6,29,-4,30,-2,30,0,28,3,26,5,23,6,19,7,15]"
CSI_DATA,225080,d8:b1:90:db:e8:90,-52,11,1,6,0,0,1,0,0,0,1,-96,0,4,0,-814978345,0,100,0,128,1,"[100,-64,5,0,-9,-2,-11,2,-12,6,-13,10,-13,13,-13,16,-12,19,-11,20,-10,21,-9,21,-8,20,-8,19,-8,17,-9,15,-11,12,-12,10,-14,7,-16,3,-17,1,-18,-1,-18,-2,-19,-3,-20,-4,-19,-4,-19,-2,-5,-1,0,0,0,0,0,0,0,0,0,0,0,0,0,0,0,0,0,0,-3,-3,-13,-10,-13,-12,-14,-13,-14,-14,-15,-15,-14,-15,-13,-15,-12,-15,-9,-15,-6,-14,-3,-13,0,-13,4,-12,7,-12,10,-13,13,-13,15,-14,16,-16,17,-17,16,-18,15,-19,13,-19,10,-19,7,-18,4,-16,2,-14]"
CSI_DATA,225081,d8:b1:90:db:e8:90,-51,11,1,6,0,0,1,0,0,0,1,-96,0,4,0,-814964674,0,100,0,128,1,"[100,-64,5,0,9,3,13,-2,15,-7,17,-12,17,-17,17,-21,16,-24,15,-25,14,-26,12,-27,11,-26,11,-24,11,-22,12,-19,13,-15,15,-12,16,-8,18,-5,20,-2,22,0,23,2,24,3,24,4,24,5,23,5,5,1,0,0,0,0,0,0,0,0,0,0,0,0,0,0,0,0,0,0,3,3,12,14,13,16,14,18,14,20,14,20,14,21,13,21,11,20,8,19,4,18,0,16,-4,15,-9,14,-13,13,-17,13,-20,13,-22,14,-24,16,-25,17,-24,19,-23,20,-20,21,-17,21,-13,20,-9,19,-5,17]"
CSI_DATA,225082,d8:b1:90:db:e8:90,-51,11,1,6,0,0,1,0,0,0,1,-96,0,4,0,-814950669,0,100,0,128,1,"[100,-64,5,0,9,3,13,-2,15,-6,17,-11,18,-16,18,-20,18,-23,16,-25,15,-26,13,-26,12,-25,12,-24,12,-21,12,-18,14,-15,15,-11,17,-7,18,-4,20,-2,21,1,23,2,24,4,24,4,23,5,23,5,5,1,0,0,0,0,0,0,0,0,0,0,0,0,0,0,0,0,0,0,2,3,11,16,11,18,11,20,12,21,12,22,12,22,10,22,8,21,6,19,2,18,-1,16,-6,14,-10,13,-14,12,-18,11,-21,11,-24,12,-25,14,-26,15,-26,17,-25,18,-22,19,-19,20,-14,19,-10,18,-7,16]"
CSI_DATA,225083,d8:b1:90:db:e8:90,-51,11,1,6,0,0,1,0,0,0,1,-96,0,4,0,-814937396,0,100,0,128,1,"[100,-64,5,0,-11,1,-11,7,-11,13,-10,18,-9,22,-6,25,-4,27,-3,29,-1,29,0,28,1,27,0,25,-1,24,-2,21,-5,19,-8,17,-11,15,-14,12,-17,11,-20,10,-22,9,-23,8,-24,8,-24,7,-23,7,-6,1,0,0,0,0,0,0,0,0,0,0,0,0,0,0,0,0,0,0,-5,-3,-19,-9,-20,-11,-21,-12,-22,-13,-23,-13,-23,-14,-21,-14,-19,-14,-16,-14,-12,-15,-8,-15,-4,-16,1,-16,5,-18,8,-19,11,-21,13,-23,13,-25,13,-27,12,-28,10,-29,8,-29,5,-27,2,-25,-2,-21,-4,-18]"
CSI_DATA,225084,d8:b1:90:db:e8:90,-51,11,1,6,0,0,1,0,0,0,1,-96,0,4,0,-814926181,0,100,0,128,1,"[100,-64,5,0,-7,9,-3,13,2,17,6,20,10,22,14,23,17,23,20,22,21,21,21,20,20,18,19,17,16,17,13,17,9,17,5,17,1,17,-3,18,-7,18,-10,19,-13,19,-15,20,-16,20,-16,20,-16,19,-4,4,0,0,0,0,0,0,0,0,0,0,0,0,0,0,0,0,0,0,-4,3,-17,12,-19,13,-20,14,-22,14,-22,14,-23,14,-22,13,-21,10,-20,7,-18,4,-16,-1,-15,-5,-13,-10,-11,-14,-11,-18,-11,-22,-12,-25,-13,-27,-14,-28,-16,-28,-18,-27,-19,-25,-19,-21,-19,-18,-19,-13,-17,-9]"
CSI_DATA,225085,d8:b1:90:db:e8:90,-51,11,1,6,0,0,1,0,0,0,1,-96,0,4,0,-814898600,0,100,0,128,1,"[100,-64,5,0,-10,-5,-14,1,-18,6,-20,12,-21,17,-21,22,-20,25,-19,28,-17,29,-16,29,-14,28,-13,26,-13,23,-14,19,-16,15,-18,11,-21,8,-23,5,-24,2,-26,0,-28,-2,-29,-3,-29,-5,-28,-5,-28,-5,-8,-2,0,0,0,0,0,0,0,0,0,0,0,0,0,0,0,0,0,0,-3,-5,-12,-19,-13,-21,-13,-23,-14,-24,-14,-25,-14,-26,-12,-26,-10,-25,-8,-23,-4,-21,0,-19,5,-17,10,-16,15,-14,19,-13,23,-14,26,-15,28,-17,29,-19,28,-21,26,-22,23,-24,20,-23,15,-22,10,-21,6,-18]"
CSI_DATA,225086,d8:b1:90:db:e8:90,-51,11,1,6,0,0,1,0,0,0,1,-96,0,4,0,-814883757,0,100,0,128,1,"[100,-64,5,0,-12,1,-13,7,-13,13,-12,18,-10,23,-8,26,-6,28,-4,29,-3,29,-2,29,-1,28,-1,26,-2,24,-4,21,-7,18,-10,15,-13,12,-16,10,-19,7,-22,5,-24,4,-25,3,-26,2,-26,2,-25,1,-7,0,0,0,0,0,0,0,0,0,0,0,0,0,0,0,0,0,0,0,-5,-2,-21,-5,-22,-6,-24,-7,-25,-8,-26,-9,-26,-9,-24,-9,-22,-10,-19,-11,-15,-12,-11,-13,-6,-14,-1,-16,3,-18,7,-20,10,-22,11,-25,12,-27,12,-29,11,-30,9,-30,6,-30,3,-28,0,-26,-3,-22,-5,-19]"
CSI_DATA,225087,d8:b1:90:db:e8:90,-51,11,1,6,0,0,1,0,0,0,1,-96,0,4,0,-814869539,0,100,0,128,1,"[100,-64,5,0,-3,11,3,13,9,15,14,16,18,16,22,15,25,14,27,13,28,11,27,10,26,9,24,9,22,9,18,10,15,12,11,14,7,16,4,18,1,20,-2,21,-4,23,-6,23,-6,24,-7,24,-7,24,-2,6,0,0,0,0,0,0,0,0,0,0,0,0,0,0,0,0,0,0,-3,4,-11,17,-12,19,-13,20,-14,21,-15,22,-15,21,-16,20,-16,18,-16,14,-15,10,-15,5,-15,0,-15,-4,-16,-9,-17,-13,-18,-17,-20,-19,-22,-20,-24,-21,-25,-20,-26,-18,-27,-16,-26,-13,-24,-9,-22,-5,-19,-2]"
CSI_DATA,225088,d8:b1:90:db:e8:90,-52,11,1,6,0,0,1,0,0,0,1,-96,0,4,0,-814858963,0,100,0,128,1,"[100,-64,5,0,-5,-7,-10,-6,-14,-4,-17,-1,-20,1,-22,4,-23,6,-23,8,-23,9,-22,10,-21,10,-20,9,-18,7,-16,4,-15,2,-14,-2,-13,-5,-13,-8,-12,-11,-11,-14,-11,-15,-11,-17,-11,-18,-10,-18,-10,-18,-3,-5,0,0,0,0,0,0,0,0,0,0,0,0,0,0,0,0,0,0,-2,-4,-5,-16,-5,-17,-5,-19,-5,-20,-5,-21,-4,-21,-3,-20,-2,-19,0,-17,2,-14,4,-12,7,-9,10,-6,13,-4,16,-2,18,-1,20,0,22,-1,24,-1,24,-2,24,-4,23,-6,21,-7,18,-8,14,-9,11,-9]"
CSI_DATA,225089,d8:b1:90:db:e8:90,-51,11,1,6,0,0,1,0,0,0,1,-96,0,4,0,-814848003,0,100,0,128,1,"[100,-64,5,0,0,-10,-6,-12,-11,-13,-17,-13,-21,-12,-24,-11,-27,-9,-28,-8,-29,-6,-29,-5,-28,-4,-26,-4,-24,-5,-21,-6,-18,-8,-15,-11,-12,-14,-10,-16,-8,-19,-6,-21,-4,-23,-3,-24,-3,-24,-3,-25,-2,-25,-1,-7,0,0,0,0,0,0,0,0,0,0,0,0,0,0,0,0,0,0,2,-4,11,-17,12,-18,14,-19,15,-20,16,-20,16,-20,16,-19,16,-17,16,-14,15,-10,15,-6,14,-1,15,3,15,8,16,12,17,15,18,17,20,18,22,18,24,17,25,16,25,13,24,10,22,6,20,3,17,0]"
CSI_DATA,225090,d8:b1:90:db:e8:90,-51,11,1,6,0,0,1,0,0,0,1,-96,0,4,0,-814837551,0,100,0,128,1,"[100,-64,5,0,-7,10,-2,14,3,17,8,19,12,21,15,22,18,21,21,21,22,19,23,18,22,17,20,16,17,16,14,15,10,16,6,16,2,17,-2,18,-6,19,-9,20,-11,20,-13,21,-14,21,-14,21,-14,20,-4,5,0,0,0,0,0,0,0,0,0,0,0,0,0,0,0,0,0,0,-4,3,-16,13,-18,13,-20,14,-21,15,-22,15,-22,15,-22,13,-21,11,-20,8,-18,4,-16,0,-15,-5,-13,-9,-12,-14,-12,-18,-12,-22,-13,-25,-14,-27,-16,-27,-17,-27,-18,-26,-20,-24,-20,-20,-20,-16,-19,-11,-18,-8]"
CSI_DATA,225091,d8:b1:90:db:e8:90,-52,11,1,6,0,0,1,0,0,0,1,-96,0,4,0,-814824638,0,100,0,128,1,"[100,-64,5,0,-9,-6,-12,-2,-15,1,-17,5,-18,8,-19,11,-19,13,-18,15,-18,16,-17,16,-16,15,-15,14,-14,12,-14,9,-14,6,-14,3,-14,-1,-14,-4,-15,-7,-15,-10,-15,-11,-15,-13,-15,-13,-15,-14,-14,-14,-4,-4,0,0,0,0,0,0,0,0,0,0,0,0,0,0,0,0,0,0,-4,-3,-13,-10,-14,-11,-15,-13,-15,-14,-15,-14,-15,-14,-14,-14,-12,-14,-10,-13,-7,-13,-3,-12,1,-11,5,-11,8,-11,11,-11,14,-11,17,-11,18,-13,19,-14,19,-15,18,-16,16,-17,13,-18,10,-17,7,-16,4,-15]"
CSI_DATA,225092,d8:b1:90:db:e8:90,-50,11,1,7,0,0,1,0,0,0,1,-96,0,4,0,-814814069,0,100,0,128,1,"[100,-64,5,0,-30,25,-27,24,-24,23,-22,22,-20,23,-19,24,-19,24,-18,25,-18,25,-18,23,-17,23,-16,23,-16,22,-17,20,-17,20,-17,20,-17,21,-17,21,-16,21,-16,20,-16,19,-16,18,-16,18,-17,18,-16,16,-4,4,0,0,0,0,0,0,0,0,0,0,0,0,0,0,0,0,0,0,-6,5,-20,18,-20,16,-21,15,-22,13,-22,13,-23,15,-24,17,-24,17,-24,16,-22,17,-22,16,-22,14,-24,14,-26,15,-23,17,-20,17,-20,16,-21,18,-22,17,-23,17,-23,19,-25,20,-26,21,-25,22,-24,22,-27,19]"
CSI_DATA,225093,d8:b1:90:db:e8:90,-51,11,1,7,0,0,1,0,0,0,1,-96,0,4,0,-814786426,0,100,0,128,1,"[100,-64,5,0,25,6,25,6,25,5,24,5,24,5,24,4,24,4,24,3,23,3,23,2,23,2,23,1,22,1,22,1,22,1,22,1,21,2,21,2,21,2,20,2,20,3,20,3,19,3,19,4,18,5,4,1,0,0,0,0,0,0,0,0,0,0,0,0,0,0,0,0,0,0,5,0,20,3,20,4,19,5,19,5,19,6,20,6,20,7,20,8,21,9,21,9,21,9,21,9,21,9,21,9,22,9,23,9,23,9,23,8,23,8,23,8,23,7,24,7,24,6,25,6,25,6,25,6]"
CSI_DATA,225094,d8:b1:90:db:e8:90,-52,11,1,7,0,0,1,0,0,0,1,-96,0,4,0,-814769544,0,100,0,128,1,"[100,-64,5,0,14,21,14,20,14,20,14,20,14,20,15,19,15,18,15,18,15,17,15,17,15,16,15,16,15,16,15,16,15,16,15,16,15,16,15,16,14,16,13,16,12,16,11,16,9,16,8,17,8,17,1,4,0,0,0,0,0,0,0,0,0,0,0,0,0,0,0,0,0,0,3,3,12,14,11,15,11,16,10,17,10,17,10,18,9,19,9,19,9,20,9,20,9,21,9,21,9,21,9,21,9,21,9,21,10,20,10,20,11,21,11,21,12,21,13,21,13,20,13,21,14,21,14,22]"
CSI_DATA,225095,d8:b1:90:db:e8:90,-51,11,1,7,0,0,1,0,0,0,1,-96,0,4,0,-814757944,0,100,0,128,1,"[100,-64,5,0,-2,-28,-2,-27,-2,-27,-2,-26,-3,-25,-3,-25,-3,-25,-3,-25,-3,-25,-3,-25,-4,-24,-4,-24,-4,-23,-5,-23,-4,-23,-4,-23,-4,-23,-4,-22,-3,-22,-2,-22,-2,-22,-1,-21,0,-21,1,-21,2,-21,0,-5,0,0,0,0,0,0,0,0,0,0,0,0,0,0,0,0,0,0,-1,-5,-2,-20,-2,-20,-1,-21,0,-21,0,-22,0,-22,1,-22,1,-22,1,-23,2,-24,2,-24,2,-24,2,-24,3,-24,3,-25,3,-25,3,-25,2,-25,2,-25,1,-25,0,-26,0,-27,0,-27,0,-27,0,-27,-1,-27]"
CSI_DATA,225096,d8:b1:90:db:e8:90,-51,11,1,7,0,0,1,0,0,0,1,-96,0,4,0,-814740664,0,100,0,128,1,"[100,-64,5,0,19,-23,18,-23,18,-23,17,-22,17,-22,16,-22,16,-22,16,-22,15,-22,15,-22,14,-22,14,-22,14,-22,14,-22,14,-22,14,-22,14,-21,14,-21,14,-20,14,-19,15,-19,15,-18,15,-17,16,-16,17,-15,4,-4,0,0,0,0,0,0,0,0,0,0,0,0,0,0,0,0,0,0,3,-5,13,-18,13,-18,15,-18,15,-17,16,-17,17,-17,17,-17,17,-17,18,-17,18,-17,19,-18,19,-18,19,-18,20,-18,20,-17,21,-17,21,-18,20,-19,20,-19,20,-20,20,-20,20,-21,20,-21,19,-22,20,-22,20,-23]"
CSI_DATA,225097,d8:b1:90:db:e8:90,-51,11,1,7,0,0,1,0,0,0,1,-96,0,4,0,-814727855,0,100,0,128,1,"[100,-64,5,0,10,-28,10,-28,9,-28,9,-27,8,-27,7,-27,7,-27,7,-27,7,-27,6,-27,6,-27,5,-26,5,-26,5,-26,5,-26,5,-25,6,-25,6,-25,6,-24,6,-23,7,-23,7,-22,8,-22,8,-21,9,-21,2,-5,0,0,0,0,0,0,0,0,0,0,0,0,0,0,0,0,0,0,1,-6,5,-22,6,-22,6,-22,7,-22,8,-22,8,-22,9,-23,10,-23,11,-24,11,-24,11,-24,11,-24,11,-24,12,-24,12,-25,11,-25,11,-26,11,-26,10,-27,10,-27,10,-28,10,-28,10,-28,10,-28,10,-28,10,-29]"
CSI_DATA,225098,d8:b1:90:db:e8:90,-51,11,1,7,0,0,1,0,0,0,1,-96,0,4,0,-814713986,0,100,0,128,1,"[100,-64,5,0,-1,-28,-2,-27,-2,-27,-2,-27,-3,-26,-3,-26,-3,-26,-3,-26,-3,-26,-4,-25,-4,-25,-4,-24,-5,-24,-5,-24,-4,-24,-4,-24,-4,-24,-4,-23,-3,-23,-3,-22,-3,-22,-2,-22,-1,-21,0,-21,0,-21,0,-6,0,0,0,0,0,0,0,0,0,0,0,0,0,0,0,0,0,0,-1,-5,-2,-20,-1,-20,0,-21,0,-21,1,-21,2,-22,2,-22,2,-23,3,-24,3,-24,3,-24,4,-25,3,-25,3,-25,3,-25,3,-25,2,-25,2,-26,2,-26,1,-26,1,-27,0,-27,0,-27,-1,-27,-1,-27,-1,-28]"
CSI_DATA,225099,d8:b1:90:db:e8:90,-51,11,1,7,0,0,1,0,0,0,1,-96,0,4,0,-814692876,0,100,0,128,1,"[100,-64,5,0,-15,-26,-15,-26,-15,-25,-16,-25,-16,-24,-16,-23,-17,-23,-16,-23,-16,-22,-17,-22,-17,-21,-17,-21,-17,-21,-17,-21,-17,-21,-17,-21,-16,-21,-16,-21,-15,-20,-15,-20,-14,-20,-13,-19,-12,-20,-11,-20,-11,-20,-3,-6,0,0,0,0,0,0,0,0,0,0,0,0,0,0,0,0,0,0,-4,-5,-13,-18,-12,-19,-11,-20,-11,-20,-10,-21,-10,-21,-11,-22,-11,-23,-11,-23,-10,-24,-10,-24,-10,-24,-10,-24,-10,-24,-10,-24,-10,-24,-11,-24,-12,-24,-11,-25,-12,-25,-13,-25,-13,-26,-13,-26,-14,-27,-14,-27,-14,-27]"
CSI_DATA,225100,d8:b1:90:db:e8:90,-51,11,1,7,0,0,1,0,0,0,1,-96,0,4,0,-814681840,0,100,0,128,1,"[100,-64,5,0,-30,-4,-30,-4,-30,-3,-29,-2,-29,-2,-29,-1,-28,-1,-27,-1,-27,-1,-27,0,-27,0,-27,0,-27,1,-26,1,-26,1,-26,0,-26,0,-26,0,-25,-1,-24,-2,-23,-2,-23,-2,-23,-3,-22,-4,-22,-5,-6,-2,0,0,0,0,0,0,0,0,0,0,0,0,0,0,0,0,0,0,-6,0,-23,0,-23,-1,-22,-2,-22,-3,-23,-3,-24,-4,-24,-4,-25,-5,-25,-5,-25,-6,-25,-6,-25,-6,-25,-6,-25,-6,-26,-6,-26,-6,-26,-5,-27,-5,-27,-5,-27,-5,-27,-5,-28,-5,-29,-5,-29,-5,-30,-5,-30,-5]"
CSI_DATA,225101,d8:b1:90:db:e8:90,-51,11,1,7,0,0,1,0,0,0,1,-96,0,4,0,-814667748,0,100,0,128,1,"[100,-64,5,0,-26,6,-25,7,-25,6,-25,6,-25,6,-24,6,-24,7,-24,8,-23,8,-23,8,-23,9,-22,9,-22,9,-22,9,-22,10,-22,10,-22,9,-21,8,-20,8,-19,8,-20,8,-20,8,-19,7,-20,4,-22,2,-6,0,0,0,0,0,0,0,0,0,0,0,0,0,0,0,0,0,0,0,-5,1,-19,5,-20,4,-20,4,-20,3,-21,3,-22,2,-22,2,-23,1,-23,1,-23,1,-24,1,-24,0,-24,0,-24,1,-24,1,-24,2,-24,3,-24,3,-24,4,-25,4,-25,5,-25,5,-26,5,-26,5,-26,5,-26,5]"
CSI_DATA,225102,d8:b1:90:db:e8:90,-51,11,1,7,0,0,1,0,0,0,1,-96,0,4,0,-814654515,0,100,0,128,1,"[100,-64,5,0,24,-8,24,-8,23,-8,24,-8,24,-9,23,-9,23,-9,22,-9,22,-9,22,-9,21,-10,21,-10,22,-10,22,-10,22,-10,21,-9,21,-9,20,-8,20,-8,19,-7,19,-7,19,-6,19,-6,19,-5,19,-4,4,-1,0,0,0,0,0,0,0,0,0,0,0,0,0,0,0,0,0,0,4,-2,18,-8,18,-7,18,-6,19,-5,19,-5,20,-5,21,-5,22,-4,22,-4,23,-4,23,-4,23,-4,23,-4,23,-4,23,-4,23,-4,23,-5,23,-5,24,-5,24,-6,24,-6,24,-7,24,-7,24,-8,25,-8,25,-8]"
CSI_DATA,225103,d8:b1:90:db:e8:90,-69,11,1,7,0,0,1,0,0,0,1,-96,0,4,0,-814640624,0,100,0,128,1,"[100,-64,5,0,25,13,24,14,24,15,24,15,24,15,24,14,24,14,23,14,22,14,22,14,22,14,22,14,21,14,20,14,20,14,19,13,18,13,18,12,18,11,18,10,18,10,18,10,18,10,18,10,18,11,4,2,0,0,0,0,0,0,0,0,0,0,0,0,0,0,0,0,0,0,2,1,10,7,10,8,9,9,10,10,10,10,9,10,9,10,9,10,9,10,9,10,10,10,11,10,12,10,12,10,13,10,13,9,14,9,15,9,16,10,17,9,18,10,19,10,21,10,22,10,23,10,23,10]"
CSI_DATA,225104,d8:b1:90:db:e8:90,-69,11,1,7,0,0,1,0,0,0,1,-96,0,4,0,-814629115,0,100,0,128,1,"[100,-64,5,0,-22,-6,-22,-7,-22,-8,-22,-9,-22,-9,-22,-8,-21,-7,-21,-7,-21,-8,-21,-8,-21,-8,-20,-8,-20,-8,-20,-8,-20,-8,-19,-7,-18,-7,-17,-6,-17,-6,-17,-6,-17,-5,-17,-5,-17,-6,-17,-6,-18,-6,-5,-2,0,0,0,0,0,0,0,0,0,0,0,0,0,0,0,0,0,0,-3,-2,-10,-5,-9,-6,-9,-6,-10,-7,-10,-7,-10,-7,-10,-7,-10,-7,-10,-7,-10,-7,-10,-7,-10,-7,-10,-7,-11,-7,-12,-6,-12,-5,-13,-5,-15,-5,-16,-5,-16,-5,-16,-5,-17,-4,-18,-4,-20,-5,-20,-5,-20,-5]"
CSI_DATA,225105,d8:b1:90:db:e8:90,-69,11,1,7,0,0,1,0,0,0,1,-96,0,4,0,-814618850,0,100,0,128,1,"[100,-64,5,0,22,-14,22,-14,23,-13,23,-13,23,-13,23,-12,23,-12,23,-13,23,-13,22,-12,21,-12,21,-11,20,-11,20,-11,20,-11,19,-10,19,-10,18,-9,17,-9,17,-10,16,-10,16,-10,16,-10,16,-10,17,-10,4,-3,0,0,0,0,0,0,0,0,0,0,0,0,0,0,0,0,0,0,2,-2,11,-5,11,-4,12,-4,12,-4,13,-4,13,-3,13,-4,13,-4,14,-3,14,-3,14,-4,14,-5,14,-5,14,-5,14,-6,14,-6,15,-7,15,-8,15,-9,16,-10,16,-10,17,-11,18,-12,19,-13,19,-14,20,-13]"
CSI_DATA,225106,d8:b1:90:db:e8:90,-51,11,1,7,0,0,1,0,0,0,1,-96,0,4,0,-814587999,0,100,0,128,1,"[100,-64,5,0,-19,-20,-19,-19,-19,-19,-19,-18,-19,-17,-19,-17,-18,-17,-18,-17,-18,-17,-18,-17,-18,-16,-19,-16,-19,-16,-19,-16,-18,-16,-18,-16,-18,-16,-17,-15,-16,-15,-16,-15,-16,-14,-15,-14,-14,-15,-14,-15,-13,-16,-4,-4,0,0,0,0,0,0,0,0,0,0,0,0,0,0,0,0,0,0,-4,-3,-15,-13,-15,-14,-14,-15,-14,-16,-13,-16,-14,-16,-14,-17,-15,-17,-15,-18,-15,-19,-14,-19,-14,-19,-14,-20,-15,-20,-15,-20,-15,-19,-16,-19,-16,-19,-16,-19,-17,-18,-18,-18,-18,-18,-18,-18,-19,-18,-19,-18,-19,-18]"
CSI_DATA,225107,d8:b1:90:db:e8:90,-51,11,1,7,0,0,1,0,0,0,1,-96,0,4,0,-814574074,0,100,0,128,1,"[100,-64,5,0,13,-26,13,-26,12,-26,12,-25,11,-25,11,-25,10,-25,9,-25,9,-25,8,-25,8,-25,7,-25,7,-25,7,-24,7,-24,8,-24,8,-24,8,-24,8,-24,8,-23,9,-22,10,-21,10,-20,10,-19,12,-18,3,-5,0,0,0,0,0,0,0,0,0,0,0,0,0,0,0,0,0,0,2,-5,9,-20,10,-20,10,-20,11,-20,11,-20,12,-20,13,-20,14,-20,14,-21,15,-21,15,-21,15,-21,15,-21,16,-21,16,-21,15,-21,15,-22,15,-22,15,-24,14,-24,14,-25,14,-25,14,-25,14,-25,14,-25,14,-26]"
CSI_DATA,225108,d8:b1:90:db:e8:90,-51,11,1,7,0,0,1,0,0,0,1,-96,0,4,0,-814562278,0,100,0,128,1,"[100,-64,5,0,17,-24,17,-24,17,-24,16,-23,16,-23,15,-23,14,-23,14,-23,14,-23,13,-23,13,-23,12,-23,12,-23,12,-23,13,-23,14,-22,14,-22,14,-23,14,-22,14,-20,15,-18,14,-17,14,-18,14,-19,13,-18,3,-5,0,0,0,0,0,0,0,0,0,0,0,0,0,0,0,0,0,0,2,-5,10,-20,11,-19,12,-19,13,-19,13,-19,14,-19,15,-19,16,-19,16,-19,17,-19,17,-19,18,-19,18,-19,18,-19,18,-19,18,-20,18,-20,18,-21,18,-22,17,-22,17,-23,17,-23,17,-23,17,-23,18,-24,18,-24]"
CSI_DATA,225109,d8:b1:90:db:e8:90,-51,11,1,7,0,0,1,0,0,0,1,-96,0,4,0,-814550894,0,100,0,128,1,"[100,-64,5,0,-26,-10,-25,-10,-25,-9,-26,-9,-26,-9,-26,-8,-25,-7,-25,-7,-24,-6,-24,-6,-25,-5,-25,-5,-25,-4,-24,-4,-24,-5,-24,-5,-23,-5,-23,-5,-22,-5,-22,-5,-21,-6,-21,-6,-20,-7,-20,-8,-20,-8,-5,-3,0,0,0,0,0,0,0,0,0,0,0,0,0,0,0,0,0,0,-5,-1,-20,-4,-20,-5,-20,-6,-20,-7,-20,-8,-21,-8,-22,-8,-22,-8,-22,-9,-22,-10,-22,-10,-22,-11,-22,-11,-22,-11,-22,-11,-22,-11,-22,-11,-23,-11,-23,-10,-24,-10,-24,-10,-25,-10,-25,-9,-25,-9,-26,-10,-26,-10]"
CSI_DATA,225110,d8:b1:90:db:e8:90,-51,11,1,7,0,0,1,0,0,0,1,-96,0,4,0,-814540328,0,100,0,128,1,"[100,-64,5,0,-6,-28,-6,-27,-6,-27,-6,-27,-6,-27,-7,-26,-7,-26,-8,-25,-8,-25,-9,-24,-9,-24,-10,-24,-11,-24,-10,-24,-10,-24,-10,-23,-9,-23,-8,-23,-8,-22,-8,-22,-7,-21,-7,-21,-6,-21,-5,-21,-4,-21,-1,-6,0,0,0,0,0,0,0,0,0,0,0,0,0,0,0,0,0,0,-2,-5,-7,-20,-6,-20,-5,-21,-5,-21,-4,-22,-4,-22,-4,-23,-4,-24,-3,-24,-3,-24,-2,-25,-2,-25,-2,-25,-2,-26,-2,-26,-2,-25,-2,-25,-3,-26,-3,-26,-3,-26,-4,-26,-5,-26,-5,-27,-6,-27,-6,-28,-5,-28]"
CSI_DATA,225111,d8:b1:90:db:e8:90,-51,11,1,7,0,0,1,0,0,0,1,-96,0,4,0,-814516049,0,100,0,128,1,"[100,-64,5,0,-3,26,-3,26,-3,26,-3,26,-2,25,-2,25,-1,24,0,24,0,23,1,23,1,22,2,23,2,23,2,23,2,23,2,23,1,22,0,22,0,21,-1,21,-1,20,-1,19,-1,19,-2,19,-3,19,-1,4,0,0,0,0,0,0,0,0,0,0,0,0,0,0,0,0,0,0,-1,5,-2,19,-3,19,-4,19,-4,19,-4,19,-5,20,-6,20,-7,21,-7,22,-7,22,-8,21,-8,21,-8,21,-8,22,-8,22,-7,23,-7,23,-7,24,-6,24,-5,24,-5,24,-5,25,-5,24,-4,24,-4,24,-4,25]"
CSI_DATA,225112,d8:b1:90:db:e8:90,-51,11,1,7,0,0,1,0,0,0,1,-96,0,4,0,-814505311,0,100,0,128,1,"[100,-64,5,0,-11,21,-11,21,-10,21,-10,20,-9,20,-9,20,-9,20,-8,20,-8,19,-8,19,-7,19,-7,20,-7,20,-7,20,-7,20,-7,19,-7,19,-7,18,-7,18,-8,17,-8,17,-8,16,-8,15,-9,15,-10,14,-3,3,0,0,0,0,0,0,0,0,0,0,0,0,0,0,0,0,0,0,-2,4,-7,15,-8,15,-9,15,-9,15,-10,15,-11,16,-11,16,-12,16,-12,17,-13,17,-13,17,-13,17,-13,17,-13,17,-13,17,-13,17,-12,18,-12,18,-12,18,-11,18,-11,19,-11,19,-11,20,-11,20,-11,20,-11,20]"
CSI_DATA,225113,d8:b1:90:db:e8:90,-51,11,1,7,0,0,1,0,0,0,1,-96,0,4,0,-814478847,0,100,0,128,1,"[100,-64,5,0,-15,19,-14,19,-14,19,-14,19,-13,18,-13,18,-12,18,-11,19,-11,19,-10,19,-10,19,-9,19,-9,19,-9,19,-9,19,-9,18,-10,18,-10,17,-10,17,-10,17,-10,17,-10,16,-11,15,-11,14,-12,13,-3,3,0,0,0,0,0,0,0,0,0,0,0,0,0,0,0,0,0,0,-3,4,-9,16,-10,15,-10,15,-11,15,-11,15,-12,15,-13,15,-13,15,-14,15,-14,16,-14,15,-14,15,-15,15,-15,15,-14,16,-14,16,-14,16,-14,16,-14,17,-14,17,-14,18,-14,18,-15,18,-15,18,-15,19,-15,19]"
CSI_DATA,225114,d8:b1:90:db:e8:90,-51,11,1,7,0,0,1,0,0,0,1,-96,0,4,0,-814461765,0,100,0,128,1,"[100,-64,5,0,26,-1,26,-1,26,-1,26,-2,25,-2,25,-3,25,-3,24,-4,24,-5,24,-5,23,-6,23,-6,23,-6,23,-6,23,-6,23,-5,22,-4,22,-4,22,-4,23,-4,22,-4,20,-3,19,-1,18,1,18,1,4,0,0,0,0,0,0,0,0,0,0,0,0,0,0,0,0,0,0,0,5,-1,20,-3,20,-3,20,-2,20,-1,21,-1,21,0,22,0,22,0,23,1,23,1,23,1,23,2,23,2,23,2,23,2,23,1,23,1,24,0,24,0,24,0,25,-1,25,-1,26,0,26,0,27,0,27,-1]"
CSI_DATA,225115,d8:b1:90:db:e8:90,-52,11,1,7,0,0,1,0,0,0,1,-96,0,4,0,-814448959,0,100,0,128,1,"[100,-64,5,0,18,-23,17,-23,17,-22,16,-23,16,-22,15,-22,14,-23,14,-23,14,-23,13,-23,13,-23,12,-23,12,-23,11,-23,12,-23,12,-22,12,-22,12,-21,13,-21,13,-20,13,-19,13,-18,13,-17,13,-17,14,-16,3,-4,0,0,0,0,0,0,0,0,0,0,0,0,0,0,0,0,0,0,2,-5,11,-19,12,-18,13,-18,13,-17,14,-17,15,-17,16,-18,17,-18,17,-18,17,-18,18,-18,18,-18,18,-18,19,-18,19,-18,18,-19,18,-19,18,-20,18,-20,17,-20,17,-20,17,-21,17,-22,17,-23,18,-23,18,-24]"
CSI_DATA,225116,d8:b1:90:db:e8:90,-52,11,1,7,0,0,1,0,0,0,1,-96,0,4,0,-814438165,0,100,0,128,1,"[100,-64,5,0,12,25,12,24,13,24,13,23,13,23,13,22,13,22,13,21,14,21,14,21,14,20,13,20,13,20,13,20,13,20,13,20,13,20,12,20,12,20,11,20,10,19,10,19,9,19,8,20,8,20,2,5,0,0,0,0,0,0,0,0,0,0,0,0,0,0,0,0,0,0,3,4,12,16,11,17,10,18,10,19,9,19,9,20,9,21,9,21,9,22,9,22,9,23,8,23,8,23,8,24,9,23,9,23,10,23,10,23,10,24,11,24,11,24,12,24,12,24,12,24,12,25,13,25]"
CSI_DATA,225117,d8:b1:90:db:e8:90,-51,11,1,7,0,0,1,0,0,0,1,-96,0,4,0,-814415913,0,100,0,128,1,"[100,-64,5,0,5,-27,5,-27,5,-26,4,-26,4,-25,3,-25,3,-25,2,-25,2,-25,1,-25,1,-25,1,-24,1,-24,1,-24,1,-24,1,-24,1,-23,2,-23,2,-22,3,-22,3,-21,3,-20,4,-20,5,-20,6,-20,1,-5,0,0,0,0,0,0,0,0,0,0,0,0,0,0,0,0,0,0,0,-5,2,-20,2,-20,3,-20,4,-20,4,-21,5,-21,6,-22,6,-22,7,-23,7,-23,8,-23,8,-23,8,-23,8,-23,8,-23,7,-23,7,-23,7,-24,7,-24,6,-24,6,-25,6,-25,6,-25,5,-25,5,-26,5,-27]"
CSI_DATA,225118,d8:b1:90:db:e8:90,-51,11,1,7,0,0,1,0,0,0,1,-96,0,4,0,-814386983,0,100,0,128,1,"[100,-64,5,0,-23,-16,-23,-16,-23,-15,-23,-14,-23,-14,-23,-13,-23,-13,-22,-12,-22,-12,-22,-12,-22,-11,-22,-11,-22,-11,-22,-11,-22,-11,-21,-12,-21,-12,-20,-12,-20,-12,-19,-12,-19,-12,-18,-13,-17,-13,-17,-14,-16,-14,-4,-4,0,0,0,0,0,0,0,0,0,0,0,0,0,0,0,0,0,0,-5,-3,-18,-10,-17,-11,-17,-12,-17,-13,-17,-13,-17,-14,-17,-14,-17,-15,-17,-15,-18,-16,-18,-16,-17,-16,-17,-17,-17,-17,-18,-17,-18,-17,-19,-17,-19,-16,-20,-16,-20,-15,-20,-15,-21,-16,-22,-15,-22,-15,-23,-16,-23,-16]"
CSI_DATA,225119,d8:b1:90:db:e8:90,-51,11,1,7,0,0,1,0,0,0,1,-96,0,4,0,-814372423,0,100,0,128,1,"[100,-64,5,0,16,23,16,23,16,22,17,22,17,21,17,20,17,20,17,19,17,19,17,18,18,18,18,18,18,17,18,17,18,17,18,17,17,17,17,17,16,17,15,16,15,16,14,16,13,17,13,17,12,18,3,4,0,0,0,0,0,0,0,0,0,0,0,0,0,0,0,0,0,0,3,4,13,16,13,17,12,18,11,19,11,19,10,20,10,21,10,21,10,22,10,22,10,23,10,23,10,24,11,23,11,23,11,22,12,22,12,22,12,23,13,23,14,23,14,23,15,23,15,24,15,24,15,24]"
CSI_DATA,225120,d8:b1:90:db:e8:90,-52,11,1,7,0,0,1,0,0,0,1,-96,0,4,0,-814356370,0,100,0,128,1,"[100,-64,5,0,-26,4,-25,4,-25,5,-25,5,-24,6,-24,6,-23,6,-23,6,-23,7,-23,7,-23,8,-23,7,-22,7,-22,7,-22,7,-22,7,-22,7,-21,7,-21,6,-21,5,-21,3,-20,3,-19,4,-19,5,-18,4,-5,0,0,0,0,0,0,0,0,0,0,0,0,0,0,0,0,0,0,0,-5,1,-19,6,-19,5,-20,4,-20,3,-21,3,-21,3,-22,3,-23,3,-23,2,-23,2,-23,2,-23,2,-23,2,-23,1,-23,1,-24,1,-24,1,-24,1,-24,2,-25,2,-25,3,-25,3,-25,4,-25,5,-26,4,-26,4]"
CSI_DATA,225121,d8:b1:90:db:e8:90,-51,11,1,7,0,0,1,0,0,0,1,-96,0,4,0,-814344405,0,100,0,128,1,"[100,-64,5,0,-4,26,-4,26,-4,26,-3,26,-2,25,-2,25,-1,24,-1,24,-1,24,0,24,0,23,0,24,0,24,0,24,0,23,0,23,0,23,-1,22,-2,22,-2,21,-2,20,-2,20,-3,19,-3,19,-4,19,-2,4,0,0,0,0,0,0,0,0,0,0,0,0,0,0,0,0,0,0,-1,5,-1,20,-2,20,-3,20,-3,21,-4,21,-4,21,-4,22,-5,22,-5,22,-5,23,-6,22,-6,22,-6,22,-6,23,-7,23,-7,23,-7,23,-7,23,-6,24,-5,24,-5,25,-5,25,-4,25,-4,26,-4,26,-4,27]"
CSI_DATA,225122,d8:b1:90:db:e8:90,-51,11,1,7,0,0,1,0,0,0,1,-96,0,4,0,-814331962,0,100,0,128,1,"[100,-64,5,0,18,-19,18,-19,17,-19,17,-19,16,-19,16,-19,15,-19,15,-19,14,-19,14,-19,13,-19,13,-19,13,-19,13,-19,13,-19,13,-19,13,-18,13,-18,13,-17,13,-17,13,-16,14,-15,14,-15,14,-14,14,-13,3,-4,0,0,0,0,0,0,0,0,0,0,0,0,0,0,0,0,0,0,3,-4,12,-15,13,-14,14,-14,14,-13,15,-13,16,-13,16,-13,17,-13,17,-13,18,-13,18,-13,18,-13,18,-13,19,-13,19,-13,20,-13,20,-13,19,-14,19,-15,18,-15,18,-16,18,-16,18,-17,18,-17,18,-18,19,-19]"
CSI_DATA,225123,d8:b1:90:db:e8:90,-51,11,1,7,0,0,1,0,0,0,1,-96,0,4,0,-814312882,0,100,0,128,1,"[100,-64,5,0,-7,-27,-7,-26,-7,-26,-6,-25,-6,-25,-6,-24,-7,-24,-8,-24,-8,-23,-9,-23,-9,-23,-9,-22,-9,-22,-9,-22,-9,-22,-8,-22,-8,-22,-7,-22,-7,-21,-6,-21,-6,-21,-6,-20,-5,-20,-5,-20,-4,-20,-1,-5,0,0,0,0,0,0,0,0,0,0,0,0,0,0,0,0,0,0,-2,-5,-7,-19,-6,-19,-6,-20,-5,-21,-5,-21,-4,-22,-3,-22,-3,-22,-3,-23,-3,-23,-3,-24,-2,-24,-3,-24,-3,-24,-3,-24,-3,-24,-3,-24,-3,-24,-3,-25,-4,-25,-4,-25,-5,-25,-5,-26,-6,-26,-6,-26,-6,-26]"
CSI_DATA,225124,d8:b1:90:db:e8:90,-52,11,1,7,0,0,1,0,0,0,1,-96,0,4,0,-814285748,0,100,0,128,1,"[100,-64,5,0,-9,-25,-9,-24,-9,-23,-10,-23,-10,-23,-10,-22,-11,-22,-11,-22,-11,-22,-11,-21,-12,-21,-12,-21,-12,-20,-12,-20,-11,-20,-11,-20,-11,-20,-10,-20,-10,-19,-10,-19,-9,-19,-8,-19,-8,-19,-7,-19,-6,-20,-2,-5,0,0,0,0,0,0,0,0,0,0,0,0,0,0,0,0,0,0,-2,-5,-8,-18,-8,-19,-7,-19,-7,-20,-6,-20,-5,-21,-5,-21,-5,-22,-4,-22,-4,-23,-4,-23,-3,-23,-3,-24,-3,-24,-4,-24,-4,-24,-4,-24,-5,-24,-6,-24,-6,-24,-7,-24,-7,-24,-8,-24,-8,-24,-9,-24,-9,-25]"
CSI_DATA,225125,d8:b1:90:db:e8:90,-51,11,1,7,0,0,1,0,0,0,1,-96,0,4,0,-814274997,0,100,0,128,1,"[100,-64,5,0,19,14,19,14,19,13,19,13,19,12,18,12,18,12,19,11,19,11,19,11,19,10,19,10,18,10,18,10,18,10,18,10,17,10,17,10,16,10,16,11,15,11,15,11,14,11,14,12,13,12,3,3,0,0,0,0,0,0,0,0,0,0,0,0,0,0,0,0,0,0,4,2,15,8,15,9,15,10,14,11,14,11,14,12,14,12,14,13,14,13,14,14,14,15,14,15,14,15,14,16,14,16,15,15,15,15,16,15,16,15,16,14,17,14,17,14,17,14,18,14,18,14,19,14]"
CSI_DATA,225126,d8:b1:90:db:e8:90,-51,11,1,5,0,0,1,0,1,0,0,-96,0,4,0,-814254901,0,100,0,128,1,"[100,-64,5,0,-7,5,-5,10,-2,15,1,19,5,22,8,24,11,24,14,24,15,24,15,23,15,22,14,20,12,19,9,18,5,18,2,18,-2,18,-6,17,-8,17,-11,17,-14,18,-15,18,-15,18,-15,16,-15,15,-4,3,0,0,0,0,0,0,0,0,0,0,0,0,0,0,0,0,0,0,-5,0,-20,0,-22,-1,-24,-1,-25,-1,-26,-2,-26,-2,-25,-2,-23,-3,-21,-5,-17,-7,-14,-10,-10,-12,-7,-15,-4,-18,-1,-21,0,-24,0,-26,0,-28,-1,-30,-2,-31,-4,-30,-6,-29,-8,-26,-9,-23,-10,-18,-11,-15]"
CSI_DATA,225127,d8:b1:90:db:e8:90,-51,11,1,7,0,0,1,0,0,0,1,-96,0,4,0,-814243098,0,100,0,128,1,"[100,-64,5,0,20,18,20,18,20,17,20,17,19,16,19,15,19,15,20,14,20,14,20,13,20,13,20,12,20,12,20,12,20,12,20,12,19,12,19,12,18,12,17,12,17,12,16,12,15,13,15,14,15,14,3,3,0,0,0,0,0,0,0,0,0,0,0,0,0,0,0,0,0,0,4,3,16,12,15,13,15,13,15,14,15,15,14,15,14,16,14,16,14,17,14,17,14,18,14,18,14,19,15,18,15,18,15,18,15,18,16,18,17,18,17,18,18,18,18,18,19,18,19,18,20,18,20,18]"
CSI_DATA,225128,d8:b1:90:db:e8:90,-51,11,1,7,0,0,1,0,0,0,1,-96,0,4,0,-814232763,0,100,0,128,1,"[100,-64,5,0,26,0,26,0,26,-1,25,-1,24,-2,24,-2,24,-2,24,-3,23,-3,23,-4,23,-4,23,-4,23,-4,23,-5,23,-5,22,-4,22,-4,21,-4,21,-3,21,-3,21,-2,20,-2,20,-1,20,-1,20,1,5,0,0,0,0,0,0,0,0,0,0,0,0,0,0,0,0,0,0,0,5,-1,20,-2,20,-2,20,-1,20,0,20,0,21,1,21,1,21,2,22,2,22,3,22,3,23,3,23,3,23,3,23,3,23,2,23,2,23,2,24,2,24,1,24,1,25,1,25,0,25,0,26,0,26,0]"
CSI_DATA,225129,d8:b1:90:db:e8:90,-51,11,1,7,0,0,1,0,0,0,1,-96,0,4,0,-814215221,0,100,0,128,1,"[100,-64,5,0,23,2,22,2,22,2,22,1,22,1,22,1,21,0,21,0,21,-1,20,-1,20,-1,20,-1,20,-1,20,-1,20,-1,20,-1,19,-1,19,0,19,0,18,0,18,0,18,1,17,1,17,1,17,2,4,0,0,0,0,0,0,0,0,0,0,0,0,0,0,0,0,0,0,0,4,-1,17,0,17,0,17,1,17,2,17,2,18,3,18,3,19,4,19,4,19,4,19,4,19,5,19,5,19,5,20,5,21,5,21,5,21,4,21,4,21,4,21,3,22,3,22,2,22,2,22,2,23,2]"
CSI_DATA,225130,d8:b1:90:db:e8:90,-51,11,1,7,0,0,1,0,0,0,1,-96,0,4,0,-814201558,0,100,0,128,1,"[100,-64,5,0,0,23,0,23,0,23,1,22,1,22,2,22,2,22,2,21,2,21,2,21,2,21,2,21,3,21,3,20,3,20,3,20,2,20,2,19,2,19,1,19,1,19,0,18,-1,18,-2,18,-2,17,-1,4,0,0,0,0,0,0,0,0,0,0,0,0,0,0,0,0,0,0,0,4,1,17,0,17,-1,17,-2,18,-2,18,-3,18,-3,19,-4,19,-4,19,-5,20,-5,20,-5,20,-5,20,-5,21,-5,21,-5,21,-4,21,-4,21,-3,21,-3,21,-2,22,-2,22,-2,23,-1,23,-1,24,-1,24]"
CSI_DATA,225131,d8:b1:90:db:e8:90,-51,11,1,7,0,0,1,0,0,0,1,-96,0,4,0,-814179350,0,100,0,128,1,"[100,-64,5,0,23,-12,23,-12,23,-12,22,-12,22,-12,21,-13,21,-13,20,-13,20,-14,20,-14,19,-14,19,-14,19,-14,19,-14,19,-14,19,-14,19,-13,18,-12,18,-12,17,-12,17,-11,17,-11,17,-10,17,-9,17,-8,4,-2,0,0,0,0,0,0,0,0,0,0,0,0,0,0,0,0,0,0,4,-3,17,-10,18,-9,18,-9,18,-8,19,-8,20,-8,20,-8,21,-7,22,-7,22,-7,22,-7,22,-7,23,-6,23,-7,22,-7,22,-8,22,-8,22,-8,22,-8,23,-8,23,-9,23,-10,23,-10,23,-11,24,-11,24,-12]"
CSI_DATA,225132,d8:b1:90:db:e8:90,-51,11,1,7,0,0,1,0,0,0,1,-96,0,4,0,-814168662,0,100,0,128,1,"[100,-64,5,0,15,-21,15,-22,15,-22,14,-21,13,-21,13,-21,12,-21,11,-22,11,-22,10,-22,10,-22,10,-21,9,-21,9,-21,9,-21,9,-21,9,-20,9,-20,9,-20,9,-19,10,-19,10,-18,10,-18,11,-17,11,-17,2,-5,0,0,0,0,0,0,0,0,0,0,0,0,0,0,0,0,0,0,2,-5,10,-17,10,-17,11,-17,12,-17,12,-17,13,-17,14,-17,15,-17,16,-17,16,-17,16,-17,17,-17,17,-17,17,-17,16,-17,16,-17,16,-18,16,-19,16,-19,16,-19,16,-20,15,-21,15,-21,15,-21,15,-21,16,-21]"
CSI_DATA,225133,d8:b1:90:db:e8:90,-51,11,1,5,0,0,1,0,1,0,0,-96,0,4,0,-814142779,0,100,0,128,1,"[100,-64,5,0,8,7,13,3,17,-1,20,-5,22,-9,23,-13,23,-15,23,-17,22,-19,21,-19,20,-19,19,-17,18,-14,17,-11,17,-7,17,-3,17,1,16,5,16,9,17,12,17,14,17,16,17,17,16,17,16,18,4,4,0,0,0,0,0,0,0,0,0,0,0,0,0,0,0,0,0,0,2,3,11,15,12,17,13,19,13,20,13,21,13,21,12,20,10,19,7,18,3,16,-1,14,-5,13,-9,11,-14,10,-18,9,-21,8,-24,9,-26,10,-27,12,-28,13,-27,15,-25,16,-22,17,-18,17,-14,17,-10,16]"
CSI_DATA,225134,d8:b1:90:db:e8:90,-51,11,1,7,0,0,1,0,0,0,1,-96,0,4,0,-814130946,0,100,0,128,1,"[100,-64,5,0,-25,-14,-25,-14,-24,-13,-24,-13,-24,-12,-24,-12,-24,-11,-23,-10,-23,-10,-23,-10,-24,-9,-24,-9,-24,-9,-24,-9,-24,-9,-23,-9,-22,-9,-22,-9,-21,-9,-21,-9,-20,-9,-20,-10,-19,-10,-19,-11,-18,-11,-5,-3,0,0,0,0,0,0,0,0,0,0,0,0,0,0,0,0,0,0,-5,-2,-19,-8,-19,-9,-19,-10,-19,-11,-19,-11,-19,-12,-19,-13,-20,-13,-20,-14,-20,-14,-20,-15,-20,-15,-20,-16,-20,-16,-20,-16,-20,-16,-20,-15,-20,-15,-21,-15,-22,-15,-22,-15,-23,-14,-23,-14,-24,-15,-24,-15,-24,-14]"
CSI_DATA,225135,d8:b1:90:db:e8:90,-51,11,1,7,0,0,1,0,0,0,1,-96,0,4,0,-814106076,0,100,0,128,1,"[100,-64,5,0,-27,-5,-27,-5,-27,-5,-26,-4,-26,-4,-26,-3,-25,-3,-25,-2,-25,-2,-25,-1,-25,-1,-25,-1,-25,-1,-25,-1,-24,-1,-24,-1,-23,-1,-23,-1,-22,-2,-22,-2,-22,-2,-22,-3,-21,-3,-21,-4,-20,-5,-5,-2,0,0,0,0,0,0,0,0,0,0,0,0,0,0,0,0,0,0,-6,-1,-21,-2,-21,-3,-20,-4,-20,-5,-21,-5,-21,-5,-22,-6,-23,-6,-23,-7,-23,-8,-23,-8,-23,-9,-23,-9,-23,-9,-23,-9,-23,-9,-23,-8,-24,-8,-24,-8,-25,-7,-25,-7,-26,-7,-26,-6,-27,-6,-27,-6,-27,-6]"
CSI_DATA,225136,d8:b1:90:db:e8:90,-51,11,1,7,0,0,1,0,0,0,1,-96,0,4,0,-814077809,0,100,0,128,1,"[100,-64,5,0,-26,15,-25,15,-25,15,-25,15,-24,15,-24,16,-23,16,-23,16,-22,16,-22,16,-21,16,-21,16,-21,16,-21,16,-21,16,-21,15,-21,14,-20,14,-20,13,-20,12,-20,12,-20,11,-20,11,-20,10,-21,9,-6,2,0,0,0,0,0,0,0,0,0,0,0,0,0,0,0,0,0,0,-5,3,-18,14,-18,13,-19,12,-20,12,-20,11,-21,11,-22,11,-23,10,-24,10,-24,10,-25,10,-25,10,-25,10,-25,10,-25,10,-25,10,-25,11,-25,11,-24,12,-24,12,-24,13,-24,14,-25,15,-25,15,-26,15,-26,15]"
CSI_DATA,225137,d8:b1:90:db:e8:90,-51,11,1,7,0,0,1,0,0,0,1,-96,0,4,0,-814065565,0,100,0,128,1,"[100,-64,5,0,-24,-13,-24,-13,-24,-12,-24,-11,-23,-10,-23,-10,-23,-9,-23,-9,-23,-9,-23,-9,-23,-8,-23,-8,-23,-7,-23,-7,-23,-7,-22,-8,-22,-8,-21,-8,-20,-8,-20,-8,-20,-8,-19,-9,-19,-9,-18,-10,-17,-10,-5,-3,0,0,0,0,0,0,0,0,0,0,0,0,0,0,0,0,0,0,-5,-3,-19,-9,-19,-10,-19,-11,-19,-11,-18,-12,-18,-13,-18,-14,-18,-14,-19,-15,-19,-16,-19,-16,-19,-16,-19,-17,-19,-16,-20,-15,-20,-15,-20,-15,-21,-14,-21,-14,-21,-13,-22,-13,-22,-13,-23,-13,-23,-13,-24,-13,-24,-13]"
CSI_DATA,225138,d8:b1:90:db:e8:90,-51,11,1,7,0,0,1,0,0,0,1,-96,0,4,0,-814049779,0,100,0,128,1,"[100,-64,5,0,16,-21,15,-21,15,-21,15,-21,14,-21,14,-21,13,-21,13,-21,12,-21,12,-21,11,-21,11,-21,11,-21,11,-21,11,-21,11,-20,11,-20,11,-20,11,-20,11,-19,11,-18,11,-17,13,-16,13,-16,13,-14,3,-4,0,0,0,0,0,0,0,0,0,0,0,0,0,0,0,0,0,0,2,-5,11,-17,12,-16,13,-16,13,-16,14,-15,14,-15,15,-16,16,-16,16,-16,17,-16,17,-16,17,-16,17,-16,18,-16,18,-17,18,-17,18,-18,18,-18,17,-18,16,-18,16,-19,16,-19,16,-20,16,-20,16,-21,16,-21]"
CSI_DATA,225139,d8:b1:90:db:e8:90,-52,11,1,7,0,0,1,0,0,0,1,-96,0,4,0,-814039081,0,100,0,128,1,"[100,-64,5,0,27,3,27,2,27,2,27,2,27,1,26,1,26,1,25,0,25,0,25,-1,25,-1,25,-1,25,-1,25,-1,25,-1,24,-1,23,-1,23,0,22,0,22,1,22,1,21,2,21,2,21,3,20,4,5,1,0,0,0,0,0,0,0,0,0,0,0,0,0,0,0,0,0,0,5,0,21,0,21,1,21,2,21,3,21,3,22,4,22,5,22,5,23,6,23,6,24,6,24,6,24,7,24,7,25,7,25,6,26,6,26,6,25,5,25,4,26,4,26,4,26,3,27,3,27,3,27,3]"
CSI_DATA,225140,d8:b1:90:db:e8:90,-51,11,1,7,0,0,1,0,0,0,1,-96,0,4,0,-814028479,0,100,0,128,1,"[100,-64,5,0,25,6,25,6,25,6,25,5,25,5,24,4,24,4,24,3,23,2,23,2,23,2,23,2,23,2,22,3,22,3,22,3,22,3,22,3,21,4,21,5,20,5,20,5,19,6,19,7,18,8,4,2,0,0,0,0,0,0,0,0,0,0,0,0,0,0,0,0,0,0,4,0,19,2,19,3,18,5,18,6,19,6,19,7,19,7,20,8,20,9,20,9,21,9,21,9,21,10,21,10,21,9,21,9,21,9,22,8,22,8,23,8,23,8,24,7,24,7,24,7,25,6,25,6]"
CSI_DATA,225141,d8:b1:90:db:e8:90,-52,11,1,7,0,0,1,0,0,0,1,-96,0,4,0,-814016035,0,100,0,128,1,"[100,-64,5,0,-5,-29,-6,-29,-6,-28,-6,-27,-7,-27,-7,-27,-8,-26,-8,-26,-8,-25,-9,-25,-9,-24,-9,-24,-9,-24,-9,-24,-9,-24,-9,-24,-8,-24,-8,-24,-7,-23,-7,-23,-7,-23,-6,-23,-5,-22,-5,-22,-4,-22,-1,-6,0,0,0,0,0,0,0,0,0,0,0,0,0,0,0,0,0,0,-2,-6,-6,-21,-5,-21,-4,-22,-4,-22,-3,-23,-3,-23,-3,-24,-3,-25,-2,-25,-2,-26,-1,-26,0,-26,0,-26,0,-26,0,-26,0,-26,-1,-26,-1,-26,-2,-26,-3,-27,-3,-27,-4,-28,-4,-28,-5,-29,-5,-29,-5,-28]"
CSI_DATA,225142,d8:b1:90:db:e8:90,-51,11,1,7,0,0,1,0,0,0,1,-96,0,4,0,-814005394,0,100,0,128,1,"[100,-64,5,0,-23,-16,-23,-15,-22,-15,-22,-14,-22,-13,-22,-13,-22,-12,-22,-11,-22,-11,-22,-11,-22,-11,-22,-10,-22,-10,-22,-10,-21,-10,-21,-10,-21,-10,-21,-10,-20,-10,-20,-10,-20,-10,-19,-10,-19,-11,-18,-11,-17,-11,-5,-3,0,0,0,0,0,0,0,0,0,0,0,0,0,0,0,0,0,0,-5,-3,-17,-11,-17,-12,-16,-13,-16,-14,-16,-14,-16,-15,-17,-15,-17,-16,-17,-16,-17,-17,-16,-18,-16,-18,-16,-18,-16,-18,-16,-18,-16,-18,-17,-17,-17,-17,-18,-17,-19,-17,-19,-16,-20,-16,-21,-16,-22,-17,-22,-17,-22,-17]"
CSI_DATA,225143,d8:b1:90:db:e8:90,-51,11,1,7,0,0,1,0,0,0,1,-96,0,4,0,-813974868,0,100,0,128,1,"[100,-64,5,0,-22,-16,-21,-15,-22,-15,-22,-15,-22,-14,-22,-14,-22,-13,-22,-13,-22,-12,-22,-12,-23,-11,-22,-11,-22,-10,-22,-10,-22,-10,-21,-10,-21,-11,-20,-10,-20,-10,-19,-11,-19,-11,-19,-11,-18,-11,-17,-12,-17,-13,-5,-4,0,0,0,0,0,0,0,0,0,0,0,0,0,0,0,0,0,0,-5,-3,-18,-11,-17,-12,-17,-13,-16,-14,-16,-15,-16,-15,-17,-15,-17,-16,-17,-17,-17,-17,-17,-17,-17,-18,-17,-18,-17,-18,-17,-18,-18,-17,-19,-17,-19,-17,-19,-16,-19,-16,-20,-16,-20,-16,-21,-16,-22,-16,-22,-16,-22,-16]"
CSI_DATA,225144,d8:b1:90:db:e8:90,-51,11,1,7,0,0,1,0,0,0,1,-96,0,4,0,-813964621,0,100,0,128,1,"[100,-64,5,0,-24,0,-24,0,-24,0,-24,0,-23,1,-23,1,-22,2,-22,2,-22,2,-22,3,-22,3,-22,3,-21,3,-21,3,-21,3,-21,3,-21,2,-20,2,-20,2,-20,1,-20,1,-19,1,-19,0,-19,-1,-18,-2,-5,-1,0,0,0,0,0,0,0,0,0,0,0,0,0,0,0,0,0,0,-5,0,-19,1,-19,0,-19,-1,-19,-2,-19,-2,-20,-2,-20,-3,-20,-3,-21,-3,-21,-3,-21,-4,-22,-4,-22,-4,-22,-4,-22,-4,-22,-4,-23,-3,-23,-3,-23,-2,-23,-1,-23,-1,-23,0,-23,-1,-23,-1,-24,-1,-24,0]"
CSI_DATA,225145,d8:b1:90:db:e8:90,-51,11,1,7,0,0,1,0,0,0,1,-96,0,4,0,-813946924,0,100,0,128,1,"[100,-64,5,0,27,8,27,8,27,8,27,8,27,8,26,7,26,6,25,5,25,5,25,4,25,4,25,3,25,3,25,3,25,3,24,3,24,3,23,3,23,4,22,4,21,4,22,5,22,6,21,7,21,9,5,2,0,0,0,0,0,0,0,0,0,0,0,0,0,0,0,0,0,0,5,1,20,6,20,6,20,7,20,8,21,8,21,9,21,10,21,11,21,11,22,12,22,13,22,13,22,13,22,13,22,12,23,11,23,11,24,11,24,11,25,10,25,10,25,9,25,9,25,8,25,8,26,8]"
CSI_DATA,225146,d8:b1:90:db:e8:90,-51,11,1,7,0,0,1,0,0,0,1,-96,0,4,0,-813935450,0,100,0,128,1,"[100,-64,5,0,5,-27,5,-27,5,-27,5,-26,4,-26,4,-26,4,-26,3,-25,3,-25,2,-25,2,-25,2,-24,2,-24,2,-24,2,-24,2,-24,2,-23,2,-23,3,-23,3,-23,3,-22,4,-22,5,-21,5,-21,6,-20,1,-6,0,0,0,0,0,0,0,0,0,0,0,0,0,0,0,0,0,0,0,-5,2,-20,2,-21,3,-21,3,-21,4,-21,5,-22,6,-22,7,-22,7,-23,8,-23,8,-23,8,-23,8,-23,8,-24,8,-23,8,-23,7,-24,7,-24,7,-25,6,-25,6,-26,5,-26,5,-25,4,-25,4,-25,5,-27]"
CSI_DATA,225147,d8:b1:90:db:e8:90,-51,11,1,7,0,0,1,0,0,0,1,-96,0,4,0,-813923290,0,100,0,128,1,"[100,-64,5,0,22,10,22,10,22,10,22,10,22,9,22,9,22,8,22,8,23,7,23,7,22,6,21,7,21,7,21,7,21,7,21,7,20,7,20,7,19,7,19,7,19,7,18,7,18,7,17,8,17,8,4,2,0,0,0,0,0,0,0,0,0,0,0,0,0,0,0,0,0,0,4,1,18,6,17,7,17,8,17,9,17,10,17,11,17,12,17,12,17,13,17,13,18,14,18,15,18,15,18,14,18,14,18,13,19,13,19,13,19,13,19,13,20,12,21,12,22,12,22,12,23,12,23,12]"
CSI_DATA,225148,d8:b1:90:db:e8:90,-51,11,1,7,0,0,1,0,0,0,1,-96,0,4,0,-813908414,0,100,0,128,1,"[100,-64,5,0,9,-25,9,-25,9,-25,9,-24,8,-24,8,-23,7,-23,6,-23,6,-23,6,-23,5,-23,5,-23,5,-23,5,-23,5,-23,5,-23,5,-22,5,-22,6,-21,6,-21,6,-20,7,-19,7,-19,8,-18,8,-18,2,-5,0,0,0,0,0,0,0,0,0,0,0,0,0,0,0,0,0,0,1,-5,5,-19,6,-19,7,-19,8,-19,8,-19,9,-19,10,-19,11,-19,11,-19,12,-20,12,-20,12,-20,12,-20,12,-20,12,-20,12,-21,12,-21,12,-22,11,-22,10,-22,10,-23,10,-23,10,-24,10,-24,10,-24,10,-24]"
CSI_DATA,225149,d8:b1:90:db:e8:90,-51,11,1,7,0,0,1,0,0,0,1,-96,0,4,0,-813895402,0,100,0,128,1,"[100,-64,5,0,-13,23,-12,23,-12,23,-12,22,-11,22,-11,22,-10,22,-10,22,-10,22,-9,21,-9,21,-9,22,-9,22,-8,22,-8,21,-8,21,-8,21,-8,20,-8,20,-9,19,-9,18,-10,18,-10,17,-11,17,-11,16,-3,4,0,0,0,0,0,0,0,0,0,0,0,0,0,0,0,0,0,0,-2,4,-8,18,-9,18,-10,17,-10,17,-11,17,-12,18,-12,18,-13,18,-13,18,-14,18,-15,18,-15,18,-15,18,-15,18,-15,19,-15,19,-15,19,-14,20,-14,20,-13,21,-13,21,-13,22,-13,22,-13,22,-13,22,-13,23]"
CSI_DATA,225150,d8:b1:90:db:e8:90,-51,11,1,7,0,0,1,0,0,0,1,-96,0,4,0,-813874501,0,100,0,128,1,"[100,-64,5,0,-28,2,-27,2,-26,3,-26,3,-25,3,-25,4,-24,4,-24,4,-24,5,-23,5,-23,6,-23,6,-23,6,-23,6,-23,6,-22,5,-22,5,-21,5,-21,4,-21,4,-21,4,-20,3,-20,3,-20,1,-20,1,-5,0,0,0,0,0,0,0,0,0,0,0,0,0,0,0,0,0,0,0,-5,0,-20,3,-20,2,-20,1,-20,1,-21,1,-21,0,-22,0,-22,0,-23,0,-23,-1,-24,-1,-24,-1,-24,-2,-24,-1,-24,-1,-25,-1,-25,0,-25,0,-25,0,-25,1,-26,1,-26,2,-26,2,-26,2,-27,2,-27,2]"
CSI_DATA,225151,d8:b1:90:db:e8:90,-51,11,1,7,0,0,1,0,0,0,1,-96,0,4,0,-813861374,0,100,0,128,1,"[100,-64,5,0,-16,-19,-17,-18,-16,-18,-16,-17,-16,-17,-16,-16,-16,-16,-16,-15,-16,-15,-16,-15,-16,-14,-17,-14,-17,-14,-17,-14,-16,-14,-16,-14,-15,-14,-15,-14,-14,-13,-14,-13,-14,-13,-13,-13,-13,-14,-12,-14,-11,-15,-3,-4,0,0,0,0,0,0,0,0,0,0,0,0,0,0,0,0,0,0,-4,-3,-13,-13,-12,-13,-12,-14,-12,-14,-12,-15,-12,-15,-12,-16,-12,-16,-12,-17,-12,-17,-11,-18,-11,-18,-11,-19,-12,-19,-12,-19,-13,-18,-13,-18,-13,-18,-14,-18,-14,-18,-15,-18,-15,-18,-15,-18,-15,-18,-15,-18,-15,-19]"
CSI_DATA,225152,d8:b1:90:db:e8:90,-51,11,1,7,0,0,1,0,0,0,1,-96,0,4,0,-813840330,0,100,0,128,1,"[100,-64,5,0,25,-4,25,-4,25,-4,24,-4,24,-5,23,-5,23,-5,22,-6,22,-6,22,-6,22,-7,22,-7,21,-7,21,-7,21,-7,21,-6,21,-6,20,-6,20,-5,20,-5,19,-5,19,-4,19,-3,19,-3,19,-2,4,-1,0,0,0,0,0,0,0,0,0,0,0,0,0,0,0,0,0,0,4,-2,18,-6,19,-5,19,-4,19,-4,19,-3,20,-3,21,-3,21,-2,22,-2,22,-1,23,-1,23,-1,23,-1,23,-1,23,-1,23,-1,23,-1,23,-1,24,-1,24,-2,24,-2,25,-3,25,-3,25,-3,25,-4,26,-4]"
CSI_DATA,225153,d8:b1:90:db:e8:90,-51,11,1,7,0,0,1,0,0,0,1,-96,0,4,0,-813825947,0,100,0,128,1,"[100,-64,5,0,-27,0,-27,0,-27,0,-26,0,-26,0,-25,0,-25,1,-24,2,-24,2,-24,2,-24,2,-24,3,-23,3,-23,3,-23,3,-23,3,-23,3,-22,2,-22,2,-22,1,-21,1,-21,0,-20,0,-20,-1,-20,-2,-5,-1,0,0,0,0,0,0,0,0,0,0,0,0,0,0,0,0,0,0,-5,0,-20,3,-20,2,-20,1,-20,0,-21,0,-22,-1,-22,-1,-23,-1,-23,-2,-24,-2,-24,-3,-24,-3,-24,-3,-24,-3,-25,-3,-25,-2,-25,-2,-25,-2,-24,-2,-24,-1,-25,-1,-25,0,-26,0,-26,0,-27,0,-27,1]"
CSI_DATA,225154,d8:b1:90:db:e8:90,-51,11,1,7,0,0,1,0,0,0,0,-96,0,4,0,-813815046,0,100,0,128,1,"[100,-64,5,0,0,23,0,23,1,23,1,22,1,22,2,22,2,21,2,21,3,20,3,20,3,20,3,20,3,20,3,20,3,20,3,20,3,19,3,19,3,19,2,18,2,18,1,18,1,17,0,18,-1,18,-1,4,0,0,0,0,0,0,0,0,0,0,0,0,0,0,0,0,0,0,0,4,2,16,2,17,1,17,1,17,0,18,0,18,-1,19,-1,19,-1,20,-1,20,-2,20,-2,20,-2,20,-2,21,-2,21,-2,21,-1,21,-1,21,-1,21,0,21,0,21,1,22,1,22,1,23,1,23,2,23]"
CSI_DATA,225155,d8:b1:90:db:e8:90,-51,11,1,7,0,0,1,0,0,0,0,-96,0,4,0,-813801706,0,100,0,128,1,"[100,-64,5,0,7,26,7,25,8,25,8,24,9,24,9,24,9,23,9,22,9,22,10,21,10,21,10,21,10,21,10,21,10,21,10,20,9,20,9,20,8,20,8,19,7,19,6,19,6,19,5,19,4,19,1,4,0,0,0,0,0,0,0,0,0,0,0,0,0,0,0,0,0,0,2,4,8,18,7,19,6,19,6,20,5,20,5,21,5,21,5,21,4,22,4,22,3,23,3,23,3,23,3,23,3,24,3,24,4,24,4,24,4,24,5,24,5,24,6,24,7,24,7,25,7,25,8,25]"
CSI_DATA,225156,d8:b1:90:db:e8:90,-51,11,1,7,0,0,1,0,0,0,0,-96,0,4,0,-813772943,0,100,0,128,1,"[100,-64,5,0,-4,24,-4,23,-4,23,-3,23,-3,23,-2,22,-2,22,-2,22,-2,21,-2,21,-2,21,-1,21,-1,21,-1,21,-1,21,-1,20,-1,20,-2,20,-2,20,-2,20,-2,19,-3,18,-4,18,-5,17,-6,17,-2,4,0,0,0,0,0,0,0,0,0,0,0,0,0,0,0,0,0,0,-1,4,-2,17,-3,18,-4,18,-4,18,-4,18,-5,18,-5,19,-6,19,-6,20,-7,20,-7,20,-7,20,-7,20,-7,20,-7,20,-7,20,-7,20,-6,21,-6,21,-5,21,-5,21,-4,22,-4,22,-4,23,-4,23,-4,24]"
CSI_DATA,225157,d8:b1:90:db:e8:90,-51,11,1,6,0,0,1,0,0,0,1,-96,0,4,0,-813762846,0,100,0,128,1,"[100,-64,5,0,13,-24,13,-24,12,-24,11,-23,11,-23,10,-23,10,-23,10,-23,9,-24,8,-24,8,-23,8,-23,8,-23,8,-23,8,-23,8,-23,8,-23,8,-22,8,-22,9,-21,9,-21,9,-20,9,-19,10,-19,10,-18,2,-5,0,0,0,0,0,0,0,0,0,0,0,0,0,0,0,0,0,0,2,-5,9,-19,9,-18,10,-18,11,-18,11,-18,12,-18,13,-19,14,-19,15,-19,15,-19,15,-19,15,-19,15,-19,15,-19,15,-19,14,-19,14,-20,14,-20,14,-21,14,-21,13,-22,13,-23,13,-23,13,-23,13,-24,14,-25]"
CSI_DATA,225158,d8:b1:90:db:e8:90,-51,11,1,3,0,0,1,0,1,0,0,-96,0,4,0,-813743153,0,100,0,128,1,"[100,-64,5,0,8,-3,8,-9,7,-14,6,-19,4,-24,2,-27,0,-29,-2,-30,-4,-29,-5,-29,-6,-28,-5,-26,-4,-24,-1,-22,2,-20,6,-18,9,-16,12,-15,15,-13,18,-13,20,-13,21,-13,22,-13,21,-12,21,-11,5,-3,0,0,0,0,0,0,0,0,0,0,0,0,0,0,0,0,0,0,4,2,17,8,18,10,20,11,20,12,21,12,21,13,20,13,18,13,15,13,12,14,8,14,4,15,-1,16,-5,17,-8,19,-11,21,-12,23,-13,25,-13,27,-12,28,-10,29,-8,28,-4,27,-1,24,2,20,3,17]"
CSI_DATA,225159,d8:b1:90:db:e8:90,-52,11,1,6,0,0,1,0,0,0,1,-96,0,4,0,-813732013,0,100,0,128,1,"[100,-64,5,0,-9,-28,-8,-28,-9,-28,-9,-27,-10,-27,-10,-27,-10,-26,-10,-25,-11,-24,-11,-24,-11,-24,-12,-24,-12,-24,-11,-24,-11,-24,-11,-23,-11,-23,-10,-23,-10,-23,-9,-22,-9,-22,-8,-22,-7,-22,-6,-22,-6,-23,-2,-6,0,0,0,0,0,0,0,0,0,0,0,0,0,0,0,0,0,0,-3,-5,-9,-20,-8,-21,-7,-22,-7,-22,-6,-23,-6,-23,-6,-23,-5,-24,-5,-24,-5,-25,-5,-25,-5,-26,-5,-26,-5,-27,-4,-27,-5,-27,-5,-27,-6,-27,-6,-27,-7,-27,-7,-27,-8,-27,-8,-28,-8,-28,-8,-28,-8,-28]"
CSI_DATA,225160,d8:b1:90:db:e8:90,-51,11,1,6,0,0,1,0,0,0,1,-96,0,4,0,-813717637,0,100,0,128,1,"[100,-64,5,0,18,22,18,21,19,21,19,21,19,20,19,19,19,19,19,18,19,17,19,16,19,16,20,16,20,16,20,16,20,16,19,16,19,16,18,16,18,16,17,16,17,15,16,15,15,16,14,17,14,17,3,4,0,0,0,0,0,0,0,0,0,0,0,0,0,0,0,0,0,0,3,3,15,14,15,15,14,16,14,17,14,18,13,19,13,19,13,19,13,20,13,20,13,21,13,21,13,22,13,22,14,22,14,22,15,22,15,22,15,21,16,21,16,21,17,21,17,21,18,21,18,22,18,22]"
CSI_DATA,225161,d8:b1:90:db:e8:90,-51,11,1,6,0,0,1,0,0,0,1,-96,0,4,0,-813703717,0,100,0,128,1,"[100,-64,5,0,-3,-12,-9,-12,-16,-12,-21,-11,-26,-9,-30,-7,-33,-5,-34,-3,-34,0,-34,1,-32,2,-30,1,-27,0,-25,-3,-22,-6,-19,-9,-16,-13,-13,-17,-11,-21,-10,-24,-8,-26,-7,-27,-7,-28,-7,-28,-6,-28,-2,-7,0,0,0,0,0,0,0,0,0,0,0,0,0,0,0,0,0,0,1,-6,7,-21,8,-24,9,-26,10,-27,11,-27,12,-27,12,-26,12,-23,12,-20,13,-16,14,-11,15,-6,17,-1,19,4,21,8,23,11,26,13,28,14,31,14,32,13,33,11,33,8,31,4,28,1,24,-3,20,-5]"
CSI_DATA,225162,d8:b1:90:db:e8:90,-51,11,1,6,0,0,1,0,0,0,1,-96,0,4,0,-813693284,0,100,0,128,1,"[100,-64,5,0,6,-7,3,-12,0,-17,-4,-21,-8,-23,-11,-25,-14,-26,-16,-26,-18,-25,-19,-23,-18,-22,-17,-21,-14,-20,-11,-19,-7,-18,-3,-17,1,-17,5,-17,9,-17,12,-18,14,-18,16,-18,16,-18,17,-18,17,-17,4,-5,0,0,0,0,0,0,0,0,0,0,0,0,0,0,0,0,0,0,4,-2,19,-5,21,-6,23,-6,24,-6,24,-6,24,-5,24,-5,22,-3,20,-1,17,2,14,5,11,8,8,11,5,15,3,19,2,23,2,26,3,28,4,29,5,30,7,30,9,28,10,25,12,21,12,17,12,13]"
CSI_DATA,225163,d8:b1:90:db:e8:90,-51,11,1,6,0,0,1,0,0,0,1,-96,0,4,0,-813665541,0,100,0,128,1,"[100,-64,5,0,6,-7,3,-12,0,-16,-4,-20,-8,-23,-11,-24,-14,-25,-16,-25,-18,-24,-19,-23,-18,-22,-17,-21,-15,-20,-12,-19,-8,-19,-5,-19,-1,-19,2,-19,5,-20,8,-21,10,-22,12,-22,12,-22,12,-21,12,-21,3,-5,0,0,0,0,0,0,0,0,0,0,0,0,0,0,0,0,0,0,4,0,19,0,21,0,22,1,24,1,25,1,25,1,24,2,22,3,20,4,17,6,14,9,10,11,7,14,4,17,2,20,0,23,0,26,1,28,2,29,3,30,5,29,7,28,9,25,10,21,11,17,11,13]"
CSI_DATA,225164,d8:b1:90:db:e8:90,-52,11,1,7,0,0,1,0,0,0,1,-96,0,4,0,-813648558,0,100,0,128,1,"[100,-64,5,0,13,-26,12,-26,12,-26,11,-25,11,-25,10,-25,10,-25,10,-25,10,-25,9,-24,9,-24,9,-24,9,-24,9,-24,9,-24,9,-23,8,-22,8,-23,8,-22,8,-22,9,-21,9,-20,10,-19,11,-19,12,-18,3,-5,0,0,0,0,0,0,0,0,0,0,0,0,0,0,0,0,0,0,1,-5,7,-20,8,-20,9,-20,10,-20,11,-20,11,-20,12,-20,13,-21,14,-21,14,-21,15,-22,15,-22,15,-22,15,-22,14,-22,14,-22,14,-22,14,-23,13,-24,12,-24,12,-25,12,-25,12,-25,12,-25,12,-25,13,-26]"
CSI_DATA,225165,d8:b1:90:db:e8:90,-51,11,1,7,0,0,1,0,0,0,1,-96,0,4,0,-813631831,0,100,0,128,1,"[100,-64,5,0,-31,-1,-31,-2,-31,-3,-30,-3,-28,-2,-27,0,-26,2,-26,4,-27,5,-28,4,-29,3,-28,3,-26,3,-24,4,-23,5,-24,6,-25,7,-26,6,-26,4,-26,2,-24,1,-22,1,-21,3,-22,3,-23,3,-6,0,0,0,0,0,0,0,0,0,0,0,0,0,0,0,0,0,0,0,-6,-1,-21,-3,-21,-3,-23,-4,-24,-5,-25,-6,-25,-7,-24,-8,-23,-8,-23,-7,-24,-6,-26,-6,-27,-6,-28,-7,-28,-8,-26,-9,-25,-8,-25,-6,-25,-5,-26,-4,-28,-3,-30,-3,-30,-4,-30,-5,-29,-5,-28,-5,-28,-4]"
CSI_DATA,225166,d8:b1:90:db:e8:90,-51,11,1,7,0,0,1,0,0,0,1,-96,0,4,0,-813620016,0,100,0,128,1,"[100,-64,5,0,26,-7,26,-8,25,-8,24,-9,24,-9,23,-9,23,-10,23,-11,22,-11,21,-12,22,-11,21,-11,21,-11,21,-11,20,-10,21,-11,21,-10,20,-10,20,-10,20,-9,19,-9,20,-8,19,-6,19,-6,20,-6,5,-2,0,0,0,0,0,0,0,0,0,0,0,0,0,0,0,0,0,0,4,-2,19,-5,19,-5,20,-4,20,-4,20,-3,21,-3,21,-3,22,-3,23,-2,23,-3,24,-2,23,-2,24,-2,24,-2,23,-1,23,-1,24,-1,24,-3,24,-4,24,-4,24,-5,25,-6,25,-6,26,-7,27,-6,25,-6]"
CSI_DATA,225167,d8:b1:90:db:e8:90,-51,11,1,7,0,0,1,0,0,0,1,-96,0,4,0,-813609022,0,100,0,128,1,"[100,-64,5,0,11,-26,11,-25,10,-25,10,-24,9,-24,8,-24,8,-24,8,-24,7,-24,7,-24,6,-24,6,-24,6,-24,6,-24,6,-24,6,-24,6,-23,6,-23,6,-22,6,-21,7,-21,7,-20,7,-20,8,-20,9,-20,2,-5,0,0,0,0,0,0,0,0,0,0,0,0,0,0,0,0,0,0,1,-5,6,-20,7,-19,8,-19,9,-19,9,-19,10,-19,11,-19,11,-19,12,-20,12,-20,13,-20,13,-20,13,-20,13,-21,13,-21,12,-22,12,-22,12,-22,11,-22,10,-22,10,-23,10,-23,10,-24,10,-24,10,-25,10,-25]"
CSI_DATA,225168,d8:b1:90:db:e8:90,-51,11,1,7,0,0,1,0,0,0,1,-96,0,4,0,-813594274,0,100,0,128,1,"[100,-64,5,0,-11,-22,-11,-22,-12,-22,-12,-21,-12,-21,-12,-20,-12,-20,-13,-19,-13,-19,-13,-19,-13,-18,-13,-18,-13,-18,-13,-18,-13,-18,-13,-18,-12,-18,-12,-18,-12,-17,-11,-17,-11,-16,-10,-16,-9,-17,-8,-17,-8,-18,-2,-5,0,0,0,0,0,0,0,0,0,0,0,0,0,0,0,0,0,0,-3,-4,-10,-16,-9,-17,-8,-17,-8,-18,-8,-18,-7,-19,-7,-19,-7,-19,-7,-20,-7,-20,-6,-21,-6,-21,-6,-21,-7,-21,-7,-22,-7,-22,-8,-22,-9,-21,-9,-21,-9,-21,-10,-21,-10,-21,-11,-21,-11,-21,-11,-22,-11,-22]"
CSI_DATA,225169,d8:b1:90:db:e8:90,-51,11,1,7,0,0,1,0,0,0,1,-96,0,4,0,-813566087,0,100,0,128,1,"[100,-64,5,0,11,-25,11,-24,10,-24,9,-24,9,-24,8,-24,8,-24,7,-24,7,-24,6,-24,6,-24,6,-23,6,-23,6,-23,6,-23,7,-22,7,-22,7,-22,7,-21,8,-21,8,-20,8,-19,9,-19,9,-18,10,-17,2,-5,0,0,0,0,0,0,0,0,0,0,0,0,0,0,0,0,0,0,2,-5,8,-19,9,-18,10,-18,10,-18,11,-18,12,-18,12,-19,13,-19,13,-19,14,-19,14,-19,14,-19,14,-19,14,-19,14,-20,14,-20,14,-20,14,-21,13,-22,13,-22,12,-22,12,-23,12,-24,11,-24,11,-24,11,-25]"
CSI_DATA,225170,d8:b1:90:db:e8:90,-51,11,1,7,0,0,1,0,0,0,1,-96,0,4,0,-813555369,0,100,0,128,1,"[100,-64,5,0,-26,8,-26,8,-25,8,-25,8,-25,9,-24,9,-23,9,-22,9,-22,10,-22,10,-22,10,-22,11,-21,11,-21,11,-21,11,-21,11,-21,10,-20,10,-20,9,-20,9,-20,8,-19,8,-19,7,-19,6,-20,6,-5,1,0,0,0,0,0,0,0,0,0,0,0,0,0,0,0,0,0,0,-5,2,-18,8,-19,7,-19,6,-19,5,-20,5,-21,5,-21,4,-22,4,-22,4,-23,4,-23,4,-23,4,-23,4,-24,4,-23,4,-23,5,-23,5,-23,6,-24,5,-24,5,-25,6,-25,6,-25,6,-25,6,-26,7,-26,7]"
CSI_DATA,225171,d8:b1:90:db:e8:90,-51,11,1,7,0,0,1,0,0,0,1,-96,0,4,0,-813544834,0,100,0,128,1,"[100,-64,5,0,23,-11,23,-12,23,-12,22,-12,22,-12,21,-12,20,-13,20,-13,19,-13,19,-13,19,-13,18,-14,18,-14,18,-14,18,-14,18,-13,18,-13,17,-13,17,-13,16,-12,17,-11,17,-10,17,-8,17,-8,17,-8,4,-2,0,0,0,0,0,0,0,0,0,0,0,0,0,0,0,0,0,0,3,-3,16,-11,16,-11,17,-10,17,-9,18,-9,19,-9,19,-9,20,-9,21,-9,21,-8,22,-8,22,-8,22,-8,22,-8,21,-8,21,-9,21,-10,22,-10,22,-10,22,-10,22,-10,22,-11,23,-10,23,-10,23,-10,24,-11]"
CSI_DATA,225172,d8:b1:90:db:e8:90,-51,11,1,7,0,0,1,0,0,0,1,-96,0,4,0,-813527811,0,100,0,128,1,"[100,-64,5,0,-16,22,-15,22,-15,22,-15,21,-15,21,-14,21,-14,21,-13,21,-12,21,-12,21,-11,21,-11,21,-11,21,-10,21,-10,21,-10,21,-11,21,-11,21,-11,20,-11,19,-11,18,-11,18,-11,17,-11,17,-12,16,-3,4,0,0,0,0,0,0,0,0,0,0,0,0,0,0,0,0,0,0,-3,4,-9,17,-11,16,-12,16,-13,16,-13,16,-14,16,-15,17,-16,17,-16,17,-16,17,-17,17,-17,16,-17,17,-17,17,-18,16,-18,17,-18,17,-18,18,-17,18,-17,18,-17,19,-16,20,-16,20,-16,21,-16,22,-16,22]"
CSI_DATA,225173,d8:b1:90:db:e8:90,-51,11,1,5,0,0,1,0,1,0,0,-96,0,4,0,-813508747,0,100,0,128,1,"[100,-64,5,0,1,7,7,8,13,8,18,7,22,6,26,4,28,1,29,0,30,-2,29,-4,28,-4,26,-4,24,-3,22,0,19,3,17,6,16,9,14,13,13,16,12,18,11,20,10,21,10,22,10,22,10,21,2,5,0,0,0,0,0,0,0,0,0,0,0,0,0,0,0,0,0,0,-4,3,-14,13,-16,14,-18,16,-19,17,-20,17,-20,17,-20,16,-19,14,-19,11,-18,8,-17,3,-17,-1,-17,-5,-17,-9,-18,-13,-19,-16,-21,-18,-23,-20,-25,-20,-26,-19,-27,-17,-27,-14,-26,-11,-24,-7,-21,-4,-18,-1]"
CSI_DATA,225174,d8:b1:90:db:e8:90,-51,11,1,7,0,0,1,0,0,0,1,-96,0,4,0,-813491975,0,100,0,128,1,"[100,-64,5,0,-29,5,-29,5,-29,5,-29,5,-28,6,-28,7,-27,7,-26,7,-26,7,-26,8,-26,8,-25,8,-25,8,-25,8,-25,8,-24,8,-24,8,-24,7,-24,7,-24,6,-24,5,-24,4,-23,3,-23,2,-22,2,-6,0,0,0,0,0,0,0,0,0,0,0,0,0,0,0,0,0,0,0,-6,1,-22,7,-22,6,-22,4,-22,4,-23,4,-24,3,-24,3,-25,3,-26,2,-26,2,-26,1,-26,1,-26,1,-27,1,-27,2,-28,3,-28,3,-28,4,-27,3,-28,4,-28,5,-28,5,-29,6,-29,6,-30,6,-30,6]"
CSI_DATA,225175,d8:b1:90:db:e8:90,-51,11,1,7,0,0,1,0,0,0,1,-96,0,4,0,-813466898,0,100,0,128,1,"[100,-64,5,0,18,19,18,18,18,18,18,17,18,17,18,16,19,16,19,15,19,15,19,14,19,14,19,14,19,14,19,14,19,14,18,14,18,13,18,13,17,13,16,13,16,13,15,13,14,14,13,14,12,15,3,3,0,0,0,0,0,0,0,0,0,0,0,0,0,0,0,0,0,0,3,3,15,12,14,13,13,14,13,15,13,15,13,16,13,16,13,17,13,17,13,18,13,19,13,19,13,19,13,19,13,19,13,19,14,19,14,19,15,18,16,18,16,18,17,18,18,19,18,19,18,19,18,19]"
CSI_DATA,225176,d8:b1:90:db:e8:90,-51,11,1,7,0,0,1,0,0,0,1,-96,0,4,0,-813454299,0,100,0,128,1,"[100,-64,5,0,-16,21,-16,21,-15,21,-14,20,-13,20,-13,21,-12,21,-13,21,-12,21,-12,21,-12,21,-11,20,-11,20,-11,20,-11,20,-11,20,-11,20,-11,19,-12,19,-12,18,-12,18,-13,17,-13,16,-13,16,-13,15,-4,3,0,0,0,0,0,0,0,0,0,0,0,0,0,0,0,0,0,0,-3,4,-13,15,-13,15,-14,15,-15,14,-15,15,-16,15,-17,15,-17,15,-18,15,-19,15,-19,15,-19,15,-19,15,-18,15,-18,15,-18,15,-18,16,-17,16,-17,17,-16,17,-16,18,-16,18,-17,19,-17,20,-17,20,-16,21]"
CSI_DATA,225177,d8:b1:90:db:e8:90,-51,11,1,7,0,0,1,0,0,0,1,-96,0,4,0,-813439456,0,100,0,128,1,"[100,-64,5,0,-24,12,-24,12,-24,12,-23,12,-22,12,-22,12,-21,13,-21,13,-20,13,-20,14,-19,14,-20,14,-19,14,-19,14,-19,14,-19,13,-19,13,-19,13,-18,12,-18,12,-18,12,-18,11,-18,10,-18,9,-18,7,-5,1,0,0,0,0,0,0,0,0,0,0,0,0,0,0,0,0,0,0,-4,3,-16,11,-17,10,-18,9,-18,9,-19,8,-20,8,-20,8,-21,7,-21,7,-22,7,-23,7,-23,7,-23,7,-23,7,-23,7,-23,8,-23,8,-23,8,-23,8,-23,8,-24,9,-23,9,-23,10,-23,10,-24,11,-25,12]"
CSI_DATA,225178,d8:b1:90:db:e8:90,-51,11,1,7,0,0,1,0,0,0,1,-96,0,4,0,-813428686,0,100,0,128,1,"[100,-64,5,0,7,24,7,24,7,24,8,23,8,23,9,22,9,21,10,21,10,21,10,20,10,20,10,20,10,20,10,20,10,20,10,20,10,20,9,20,9,19,9,19,8,19,8,18,7,18,6,18,5,19,1,4,0,0,0,0,0,0,0,0,0,0,0,0,0,0,0,0,0,0,2,4,8,16,7,17,6,18,5,18,5,19,4,19,4,20,3,20,3,21,3,22,3,22,3,22,3,22,3,22,3,22,4,22,4,22,4,22,4,23,4,23,5,23,5,23,6,23,6,23,6,24,7,25]"
CSI_DATA,225179,d8:b1:90:db:e8:90,-51,11,1,7,0,0,1,0,0,0,1,-96,0,4,0,-813415758,0,100,0,128,1,"[100,-64,5,0,4,-27,4,-27,3,-27,3,-27,2,-27,1,-26,1,-26,0,-26,0,-26,-1,-25,-1,-25,-1,-25,-1,-25,-1,-25,-1,-25,-1,-24,0,-24,-1,-24,0,-23,0,-23,1,-22,2,-22,3,-22,4,-21,5,-21,1,-6,0,0,0,0,0,0,0,0,0,0,0,0,0,0,0,0,0,0,0,-5,4,-20,5,-20,6,-20,6,-20,7,-20,8,-20,9,-21,9,-21,10,-21,10,-21,11,-21,11,-21,10,-22,10,-22,9,-22,8,-22,8,-23,8,-23,8,-24,7,-24,6,-25,6,-25,6,-26,6,-26,6,-26,6,-27]"
CSI_DATA,225180,d8:b1:90:db:e8:90,-51,11,1,7,0,0,1,0,0,0,1,-96,0,4,0,-813401328,0,100,0,128,1,"[100,-64,5,0,-23,19,-22,19,-22,19,-21,19,-21,20,-20,20,-19,20,-19,20,-18,20,-17,21,-17,20,-18,20,-18,20,-17,20,-17,20,-17,20,-17,19,-17,19,-17,18,-18,17,-18,16,-18,16,-18,15,-18,14,-19,13,-5,3,0,0,0,0,0,0,0,0,0,0,0,0,0,0,0,0,0,0,-4,3,-17,15,-18,14,-19,13,-19,12,-20,12,-21,12,-22,12,-23,12,-23,12,-24,12,-24,12,-24,12,-24,12,-24,12,-24,12,-23,13,-23,13,-23,14,-23,14,-23,15,-23,16,-23,16,-23,17,-23,18,-23,18,-23,19]"
CSI_DATA,225181,d8:b1:90:db:e8:90,-51,11,1,7,0,0,1,0,0,0,1,-96,0,4,0,-813387669,0,100,0,128,1,"[100,-64,5,0,-29,-8,-28,-8,-28,-8,-28,-7,-28,-6,-27,-6,-27,-5,-27,-5,-27,-4,-27,-4,-27,-4,-27,-4,-27,-4,-26,-4,-26,-4,-26,-4,-26,-5,-25,-5,-25,-6,-24,-7,-24,-7,-24,-7,-23,-8,-22,-9,-22,-10,-6,-3,0,0,0,0,0,0,0,0,0,0,0,0,0,0,0,0,0,0,-6,-1,-23,-4,-22,-5,-22,-7,-22,-7,-22,-8,-22,-9,-23,-10,-24,-10,-24,-11,-24,-11,-24,-12,-24,-12,-24,-12,-24,-12,-24,-12,-24,-11,-25,-11,-25,-11,-25,-11,-26,-10,-27,-10,-27,-9,-28,-9,-29,-9,-29,-9,-29,-9]"
CSI_DATA,225182,d8:b1:90:db:e8:90,-52,11,1,7,0,0,1,0,0,0,1,-96,0,4,0,-813362642,0,100,0,128,1,"[100,-64,5,0,27,-9,26,-9,26,-9,26,-10,25,-10,25,-10,24,-10,24,-11,23,-11,23,-11,23,-11,23,-11,23,-12,22,-12,22,-12,22,-11,22,-10,22,-10,21,-10,20,-9,20,-8,20,-8,20,-7,20,-5,20,-4,5,-1,0,0,0,0,0,0,0,0,0,0,0,0,0,0,0,0,0,0,4,-3,17,-9,18,-9,19,-9,20,-8,20,-8,21,-7,22,-7,22,-7,23,-6,24,-6,24,-6,24,-5,24,-5,24,-5,25,-5,25,-5,25,-6,25,-6,25,-7,25,-7,25,-8,25,-8,25,-9,25,-9,26,-9,27,-10]"
CSI_DATA,225183,d8:b1:90:db:e8:90,-51,11,1,7,0,0,1,0,0,0,1,-96,0,4,0,-813352250,0,100,0,128,1,"[100,-64,5,0,11,23,11,23,11,23,11,22,11,22,12,22,12,21,12,21,12,20,12,20,12,19,12,19,12,19,13,19,12,19,12,19,12,19,11,19,11,18,10,18,10,17,9,17,8,17,6,18,5,18,1,4,0,0,0,0,0,0,0,0,0,0,0,0,0,0,0,0,0,0,2,3,9,14,9,15,9,16,8,17,8,18,8,18,8,19,7,20,7,20,7,21,6,21,6,22,6,22,6,22,6,22,6,22,7,22,8,22,8,22,9,22,9,22,10,22,10,22,10,22,10,23,11,24]"
CSI_DATA,225184,d8:b1:90:db:e8:90,-51,11,1,7,0,0,1,0,0,0,1,-96,0,4,0,-813339284,0,100,0,128,1,"[100,-64,5,0,-13,-23,-13,-23,-13,-22,-14,-22,-14,-21,-14,-20,-14,-20,-14,-20,-15,-19,-15,-19,-15,-19,-16,-18,-16,-18,-16,-18,-16,-18,-15,-18,-15,-18,-15,-18,-14,-18,-13,-17,-13,-16,-13,-15,-12,-16,-9,-16,-7,-17,-2,-5,0,0,0,0,0,0,0,0,0,0,0,0,0,0,0,0,0,0,-3,-5,-10,-17,-9,-18,-8,-19,-7,-20,-7,-20,-6,-21,-6,-21,-6,-21,-6,-22,-6,-22,-6,-23,-6,-23,-6,-23,-7,-23,-7,-23,-8,-23,-8,-22,-9,-22,-9,-22,-10,-22,-11,-23,-11,-23,-12,-24,-12,-25,-12,-25,-12,-24]"
CSI_DATA,225185,d8:b1:90:db:e8:90,-51,11,1,7,0,0,1,0,0,0,1,-96,0,4,0,-813325310,0,100,0,128,1,"[100,-64,5,0,26,-6,25,-6,25,-6,24,-6,24,-6,24,-6,23,-7,23,-7,22,-8,22,-9,22,-9,22,-9,22,-10,22,-9,22,-9,21,-8,21,-8,21,-7,20,-7,20,-6,20,-5,20,-5,20,-4,19,-3,19,-2,4,-1,0,0,0,0,0,0,0,0,0,0,0,0,0,0,0,0,0,0,4,-2,19,-6,19,-5,19,-4,19,-4,20,-3,20,-3,21,-2,22,-2,22,-2,22,-2,23,-2,23,-2,23,-2,23,-2,23,-2,23,-2,23,-3,23,-3,23,-4,24,-4,24,-5,24,-5,24,-6,24,-6,25,-6,25,-6]"
CSI_DATA,225186,d8:b1:90:db:e8:90,-51,11,1,7,0,0,1,0,0,0,1,-96,0,4,0,-813313037,0,100,0,128,1,"[100,-64,5,0,-2,-27,-2,-27,-2,-27,-2,-26,-3,-26,-3,-26,-3,-25,-4,-24,-5,-24,-5,-24,-6,-24,-6,-24,-6,-23,-6,-23,-6,-23,-5,-23,-5,-23,-4,-23,-4,-22,-3,-22,-2,-22,-2,-21,-1,-21,-1,-20,1,-20,0,-5,0,0,0,0,0,0,0,0,0,0,0,0,0,0,0,0,0,0,-1,-5,-3,-20,-2,-20,-1,-20,-1,-21,0,-21,1,-22,1,-22,1,-22,2,-23,2,-23,2,-23,2,-24,2,-24,1,-24,2,-24,1,-24,1,-24,0,-24,0,-25,-1,-25,-1,-26,-2,-25,-2,-25,-2,-25,-3,-26,-3,-27]"
CSI_DATA,225187,d8:b1:90:db:e8:90,-52,11,1,7,0,0,1,0,0,0,1,-96,0,4,0,-813293616,0,100,0,128,1,"[100,-64,5,0,-17,22,-16,22,-16,22,-15,23,-15,22,-14,22,-14,22,-14,22,-13,22,-13,22,-12,22,-12,22,-12,22,-12,22,-12,22,-13,22,-13,21,-13,21,-13,20,-13,20,-13,19,-13,18,-13,18,-14,18,-14,17,-4,4,0,0,0,0,0,0,0,0,0,0,0,0,0,0,0,0,0,0,-3,4,-12,18,-13,18,-14,17,-14,17,-15,17,-16,17,-16,17,-16,17,-17,17,-17,17,-18,18,-19,18,-19,18,-19,18,-19,17,-19,17,-19,18,-19,18,-19,19,-18,19,-18,20,-18,21,-18,22,-18,23,-18,23,-17,23]"
CSI_DATA,225188,d8:b1:90:db:e8:90,-51,11,1,7,0,0,1,0,0,0,1,-96,0,4,0,-813280260,0,100,0,128,1,"[100,-64,5,0,-20,-23,-20,-22,-20,-22,-20,-21,-20,-21,-20,-20,-20,-20,-20,-20,-20,-19,-21,-19,-21,-18,-21,-18,-21,-18,-20,-17,-20,-17,-20,-18,-20,-18,-19,-18,-19,-18,-18,-18,-18,-18,-17,-17,-17,-18,-16,-18,-15,-19,-4,-5,0,0,0,0,0,0,0,0,0,0,0,0,0,0,0,0,0,0,-4,-4,-16,-17,-15,-18,-14,-19,-14,-20,-14,-20,-14,-20,-13,-20,-13,-21,-13,-22,-13,-22,-13,-23,-13,-24,-13,-24,-13,-25,-13,-25,-13,-24,-13,-24,-14,-24,-15,-24,-16,-24,-16,-24,-17,-24,-19,-24,-19,-24,-20,-24,-19,-24]"
CSI_DATA,225189,d8:b1:90:db:e8:90,-52,11,1,7,0,0,1,0,0,0,1,-96,0,4,0,-813259104,0,100,0,128,1,"[100,-64,5,0,-28,-9,-27,-9,-27,-9,-27,-8,-27,-8,-27,-7,-26,-7,-26,-6,-26,-6,-26,-5,-26,-5,-26,-4,-26,-4,-25,-4,-25,-4,-26,-4,-25,-5,-25,-5,-24,-6,-23,-6,-23,-6,-23,-6,-22,-7,-21,-8,-21,-9,-6,-3,0,0,0,0,0,0,0,0,0,0,0,0,0,0,0,0,0,0,-5,-1,-20,-4,-20,-5,-21,-7,-22,-8,-22,-9,-22,-9,-22,-10,-22,-10,-23,-11,-23,-11,-23,-12,-23,-12,-23,-12,-23,-12,-24,-12,-24,-11,-25,-11,-24,-11,-24,-11,-24,-10,-25,-10,-26,-10,-27,-10,-27,-9,-28,-9,-28,-9]"
CSI_DATA,225190,d8:b1:90:db:e8:90,-52,11,1,7,0,0,1,0,0,0,1,-96,0,4,0,-813247468,0,100,0,128,1,"[100,-64,5,0,23,-8,23,-8,23,-9,23,-9,22,-9,22,-9,21,-10,21,-10,20,-10,20,-10,20,-10,20,-11,19,-11,19,-10,19,-10,19,-10,19,-10,19,-10,19,-9,19,-9,19,-8,18,-7,18,-7,18,-6,18,-5,4,-2,0,0,0,0,0,0,0,0,0,0,0,0,0,0,0,0,0,0,3,-2,15,-8,16,-7,17,-7,18,-6,19,-6,20,-6,20,-5,21,-5,21,-5,21,-4,22,-4,22,-4,22,-4,22,-4,22,-5,22,-5,22,-5,22,-6,22,-6,22,-6,22,-7,23,-7,23,-7,24,-8,24,-8,24,-8]"
CSI_DATA,225191,d8:b1:90:db:e8:90,-51,11,1,7,0,0,1,0,0,0,1,-96,0,4,0,-813235270,0,100,0,128,1,"[100,-64,5,0,26,4,26,4,26,3,25,3,25,3,25,2,24,2,24,2,24,1,23,1,24,1,24,0,24,0,24,0,24,0,23,0,23,0,22,1,21,2,21,2,20,2,20,3,21,4,21,4,19,6,4,1,0,0,0,0,0,0,0,0,0,0,0,0,0,0,0,0,0,0,4,0,19,2,19,3,19,4,19,4,19,5,20,5,20,6,20,6,21,7,21,7,21,8,21,8,21,8,21,8,21,8,22,7,22,7,22,7,23,6,24,6,24,6,25,5,25,5,25,5,25,5,25,5]"
CSI_DATA,225192,d8:b1:90:db:e8:90,-51,11,1,7,0,0,1,0,0,0,1,-96,0,4,0,-813223542,0,100,0,128,1,"[100,-64,5,0,-30,1,-30,1,-29,1,-29,1,-28,2,-28,2,-28,3,-27,3,-27,3,-27,3,-27,3,-27,4,-27,4,-27,4,-26,4,-26,4,-26,3,-25,3,-25,2,-24,2,-24,2,-24,1,-24,0,-24,-1,-24,-2,-6,-1,0,0,0,0,0,0,0,0,0,0,0,0,0,0,0,0,0,0,-6,0,-22,2,-22,1,-22,0,-23,0,-23,-1,-24,-1,-25,-2,-25,-2,-25,-3,-26,-3,-26,-3,-26,-4,-26,-4,-26,-4,-26,-3,-27,-3,-27,-3,-27,-2,-27,-2,-28,-1,-28,-1,-28,0,-29,0,-29,0,-29,1,-29,1]"
CSI_DATA,225193,d8:b1:90:db:e8:90,-52,11,1,7,0,0,1,0,0,0,1,-96,0,4,0,-813208855,0,100,0,128,1,"[100,-64,5,0,29,4,28,3,27,3,28,3,28,3,28,2,27,1,27,1,27,0,27,0,26,-1,26,-2,25,-3,25,-3,25,-3,26,-2,25,-1,25,-1,25,0,24,1,24,0,24,0,23,1,21,2,20,5,5,1,0,0,0,0,0,0,0,0,0,0,0,0,0,0,0,0,0,0,5,0,21,3,21,3,20,4,21,5,21,5,21,6,22,6,23,6,24,7,24,8,24,8,24,8,24,9,24,9,25,8,25,7,25,7,25,6,25,7,25,6,25,5,26,5,28,4,28,4,28,4,28,4]"
CSI_DATA,225194,d8:b1:90:db:e8:90,-51,11,1,7,0,0,1,0,0,0,1,-96,0,4,0,-813190999,0,100,0,128,1,"[100,-64,5,0,15,21,16,21,16,20,16,20,15,19,15,18,16,18,16,18,16,17,17,17,17,16,17,16,17,16,17,16,17,16,17,16,16,16,16,16,15,16,14,16,14,16,14,16,13,16,12,16,11,17,2,4,0,0,0,0,0,0,0,0,0,0,0,0,0,0,0,0,0,0,3,3,12,14,12,15,11,16,11,16,11,17,11,18,11,18,11,19,11,20,11,20,11,20,11,21,11,21,11,21,10,21,11,21,11,20,12,20,13,21,13,20,14,20,14,20,15,21,15,21,16,21,16,21]"
CSI_DATA,225195,d8:b1:90:db:e8:90,-51,11,1,7,0,0,1,0,0,0,1,-96,0,4,0,-813180545,0,100,0,128,1,"[100,-64,5,0,8,-23,8,-23,7,-23,7,-22,6,-22,6,-22,6,-22,5,-22,5,-22,4,-22,4,-22,3,-22,3,-22,4,-21,4,-21,4,-21,4,-21,4,-21,4,-20,5,-20,5,-19,5,-18,5,-18,6,-18,6,-18,1,-5,0,0,0,0,0,0,0,0,0,0,0,0,0,0,0,0,0,0,1,-5,5,-17,5,-17,6,-17,6,-17,7,-17,8,-18,8,-18,9,-18,9,-18,10,-19,10,-19,10,-19,10,-20,10,-19,10,-19,10,-19,10,-19,10,-20,9,-20,8,-21,8,-21,8,-22,8,-22,8,-23,8,-23,8,-23]"
CSI_DATA,225196,d8:b1:90:db:e8:90,-51,11,1,7,0,0,1,0,0,0,1,-96,0,4,0,-813152603,0,100,0,128,1,"[100,-64,5,0,-6,28,-6,28,-6,27,-5,27,-4,26,-4,26,-3,25,-3,25,-2,25,-2,25,-1,25,-1,25,-1,25,-1,25,-1,25,-1,25,-1,25,-1,24,-1,23,-2,23,-2,22,-2,21,-3,21,-4,22,-5,22,-2,5,0,0,0,0,0,0,0,0,0,0,0,0,0,0,0,0,0,0,-1,5,-2,21,-3,21,-4,21,-4,21,-5,21,-6,22,-7,23,-8,23,-8,24,-9,24,-9,24,-9,24,-9,24,-9,24,-9,24,-9,24,-9,24,-9,25,-8,25,-7,26,-6,26,-6,27,-6,27,-6,27,-5,28,-5,28]"
CSI_DATA,225197,d8:b1:90:db:e8:90,-51,11,1,7,0,0,1,0,0,0,1,-96,0,4,0,-813136595,0,100,0,128,1,"[100,-64,5,0,-24,-12,-24,-12,-25,-12,-25,-12,-25,-11,-25,-11,-24,-10,-24,-10,-24,-9,-24,-8,-24,-7,-24,-7,-23,-7,-23,-7,-23,-7,-23,-7,-23,-7,-23,-8,-22,-8,-22,-9,-21,-9,-21,-8,-20,-8,-19,-9,-18,-9,-5,-3,0,0,0,0,0,0,0,0,0,0,0,0,0,0,0,0,0,0,-5,-2,-20,-8,-19,-9,-19,-10,-19,-11,-19,-12,-19,-12,-20,-13,-20,-14,-20,-14,-20,-15,-20,-15,-20,-15,-20,-15,-21,-15,-21,-15,-21,-15,-21,-15,-22,-14,-23,-14,-23,-13,-24,-13,-24,-13,-23,-13,-24,-13,-24,-13,-24,-13]"
CSI_DATA,225198,d8:b1:90:db:e8:90,-51,11,1,7,0,0,1,0,0,0,1,-96,0,4,0,-813121987,0,100,0,128,1,"[100,-64,5,0,2,25,2,25,2,25,3,25,4,25,4,25,4,24,5,23,5,23,5,23,6,22,6,22,6,22,6,22,6,22,6,22,6,23,5,22,5,22,4,22,4,21,3,20,2,20,1,20,0,20,0,5,0,0,0,0,0,0,0,0,0,0,0,0,0,0,0,0,0,0,0,4,3,18,2,19,1,19,1,20,0,20,0,21,-1,21,-1,22,-2,22,-2,23,-2,23,-2,23,-2,23,-2,23,-2,24,-2,24,-2,24,-1,24,0,24,1,25,1,25,1,25,1,25,1,25,1,25,2,26]"
CSI_DATA,225199,d8:b1:90:db:e8:90,-51,11,1,7,0,0,1,0,0,0,1,-96,0,4,0,-813111103,0,100,0,128,1,"[100,-64,5,0,-24,-13,-24,-13,-24,-13,-23,-12,-23,-12,-23,-11,-23,-11,-23,-10,-23,-10,-23,-9,-24,-8,-23,-8,-23,-8,-23,-8,-23,-8,-22,-8,-22,-8,-21,-8,-21,-9,-20,-9,-20,-9,-19,-9,-19,-9,-19,-10,-18,-12,-5,-3,0,0,0,0,0,0,0,0,0,0,0,0,0,0,0,0,0,0,-5,-2,-19,-8,-19,-9,-18,-11,-19,-11,-18,-12,-19,-13,-19,-13,-19,-13,-20,-14,-20,-14,-19,-15,-19,-15,-19,-16,-20,-16,-20,-16,-20,-16,-21,-16,-21,-15,-21,-14,-21,-14,-22,-14,-22,-14,-23,-13,-24,-13,-25,-13,-25,-14]"
CSI_DATA,225200,d8:b1:90:db:e8:90,-51,11,1,7,0,0,1,0,0,0,1,-96,0,4,0,-813099674,0,100,0,128,1,"[100,-64,5,0,-5,29,-5,28,-5,28,-4,27,-4,27,-3,27,-2,26,-2,26,-1,26,-1,26,0,26,0,26,0,26,0,25,0,25,0,25,0,24,0,24,-1,24,-1,23,-2,22,-2,21,-3,21,-4,22,-5,22,-2,5,0,0,0,0,0,0,0,0,0,0,0,0,0,0,0,0,0,0,-1,5,-2,21,-4,21,-5,21,-5,21,-6,22,-7,22,-7,23,-7,23,-8,24,-8,24,-9,24,-9,24,-10,24,-9,24,-9,25,-9,25,-9,25,-9,25,-8,25,-7,26,-6,26,-6,27,-6,28,-6,29,-5,29,-5,29]"
CSI_DATA,225201,d8:b1:90:db:e8:90,-51,11,1,7,0,0,1,0,0,0,1,-96,0,4,0,-813084469,0,100,0,128,1,"[100,-64,5,0,-20,17,-20,17,-19,17,-19,16,-19,16,-18,16,-18,16,-18,16,-18,16,-17,17,-17,17,-17,17,-17,16,-16,16,-16,16,-16,16,-16,16,-16,16,-16,15,-16,14,-16,14,-16,13,-16,13,-16,12,-17,11,-5,2,0,0,0,0,0,0,0,0,0,0,0,0,0,0,0,0,0,0,-4,3,-15,14,-15,13,-16,13,-16,12,-17,12,-18,12,-18,12,-19,12,-19,12,-20,12,-20,11,-21,11,-21,12,-21,12,-21,12,-21,12,-21,12,-21,13,-20,14,-20,14,-20,15,-20,16,-20,16,-20,16,-20,17,-20,18]"
CSI_DATA,225202,d8:b1:90:db:e8:90,-51,11,1,7,0,0,1,0,0,0,1,-96,0,4,0,-813055508,0,100,0,128,1,"[100,-64,5,0,25,-9,24,-9,23,-10,23,-10,22,-10,22,-10,22,-10,22,-11,21,-11,21,-11,21,-12,21,-12,21,-12,20,-12,20,-11,20,-11,19,-10,19,-10,19,-10,19,-10,19,-9,19,-8,19,-7,19,-7,18,-6,4,-2,0,0,0,0,0,0,0,0,0,0,0,0,0,0,0,0,0,0,4,-3,18,-9,18,-8,18,-7,19,-7,19,-6,20,-6,20,-6,21,-6,22,-6,22,-6,22,-5,22,-5,22,-5,23,-5,23,-5,23,-6,23,-6,23,-7,22,-6,23,-6,23,-7,23,-7,24,-8,24,-8,24,-9,25,-9]"
CSI_DATA,225203,d8:b1:90:db:e8:90,-51,11,1,7,0,0,1,0,0,0,1,-96,0,4,0,-813041716,0,100,0,128,1,"[100,-64,5,0,13,25,13,25,13,24,13,24,13,23,14,23,14,22,14,22,15,21,15,21,15,20,15,20,14,20,14,20,14,20,14,20,14,20,13,20,12,20,11,20,10,20,10,19,9,19,9,20,8,20,2,5,0,0,0,0,0,0,0,0,0,0,0,0,0,0,0,0,0,0,3,4,12,17,12,18,11,19,10,20,10,20,9,21,8,22,8,22,8,23,8,23,8,24,8,24,8,24,8,25,8,25,9,24,9,24,10,24,10,24,11,24,12,24,12,25,12,25,13,25,13,25,14,25]"
CSI_DATA,225204,d8:b1:90:db:e8:90,-51,11,1,7,0,0,1,0,0,0,1,-96,0,4,0,-813027050,0,100,0,128,1,"[100,-64,5,0,14,19,14,19,14,18,13,18,13,18,13,18,14,17,13,17,13,17,13,17,13,16,14,16,14,16,14,16,14,16,13,16,13,16,13,15,12,15,11,16,11,16,10,15,9,15,7,15,7,15,1,4,0,0,0,0,0,0,0,0,0,0,0,0,0,0,0,0,0,0,3,3,12,12,11,13,11,14,10,15,10,15,10,16,10,16,10,17,10,17,10,18,10,18,10,18,10,19,10,19,10,19,10,19,10,19,11,19,11,18,12,18,12,18,13,19,13,19,14,19,14,19,15,19]"
CSI_DATA,225205,d8:b1:90:db:e8:90,-51,11,1,7,0,0,1,0,0,0,1,-96,0,4,0,-813015997,0,100,0,128,1,"[100,-64,5,0,-21,17,-21,17,-21,17,-21,16,-21,16,-20,16,-19,16,-19,16,-19,16,-18,16,-18,17,-18,17,-18,18,-17,18,-17,17,-17,17,-17,16,-17,16,-17,15,-17,14,-17,14,-17,13,-17,12,-17,11,-17,10,-5,2,0,0,0,0,0,0,0,0,0,0,0,0,0,0,0,0,0,0,-4,3,-15,14,-16,14,-16,13,-17,12,-17,12,-18,12,-19,12,-19,12,-20,12,-20,12,-21,12,-21,12,-21,12,-21,12,-21,12,-22,13,-22,13,-21,14,-21,14,-21,14,-21,14,-21,15,-21,17,-21,17,-21,18,-21,18]"
CSI_DATA,225206,d8:b1:90:db:e8:90,-51,11,1,7,0,0,1,0,0,0,1,-96,0,4,0,-813001763,0,100,0,128,1,"[100,-64,5,0,-19,-19,-19,-18,-19,-17,-18,-17,-18,-17,-18,-16,-18,-16,-19,-15,-19,-15,-19,-14,-20,-14,-20,-14,-20,-13,-19,-13,-19,-13,-19,-12,-18,-12,-18,-12,-18,-13,-18,-13,-17,-13,-17,-13,-16,-13,-15,-13,-14,-14,-4,-4,0,0,0,0,0,0,0,0,0,0,0,0,0,0,0,0,0,0,-4,-3,-16,-11,-16,-12,-15,-13,-15,-14,-15,-15,-15,-15,-14,-17,-14,-17,-15,-18,-15,-18,-15,-18,-15,-18,-16,-19,-15,-19,-15,-20,-15,-20,-15,-19,-16,-19,-16,-19,-16,-18,-17,-18,-18,-18,-18,-18,-19,-18,-19,-18,-20,-18]"
CSI_DATA,225207,d8:b1:90:db:e8:90,-51,11,1,7,0,0,1,0,0,0,1,-96,0,4,0,-812979602,0,100,0,128,1,"[100,-64,5,0,-13,26,-13,26,-13,26,-12,25,-11,25,-11,24,-10,24,-10,24,-9,24,-9,24,-8,24,-8,24,-8,24,-8,24,-8,24,-9,24,-9,23,-9,22,-10,22,-10,21,-10,21,-10,20,-11,20,-11,19,-12,19,-3,4,0,0,0,0,0,0,0,0,0,0,0,0,0,0,0,0,0,0,-2,5,-7,21,-8,20,-9,20,-9,21,-10,21,-11,21,-12,20,-13,20,-13,20,-14,21,-14,21,-15,22,-15,22,-15,22,-15,22,-15,22,-15,23,-14,23,-14,23,-13,24,-13,24,-13,25,-13,25,-13,25,-13,26,-13,26]"
CSI_DATA,225208,d8:b1:90:db:e8:90,-51,11,1,7,0,0,1,0,0,0,1,-96,0,4,0,-812967975,0,100,0,128,1,"[100,-64,5,0,-26,-6,-26,-5,-26,-4,-26,-4,-25,-4,-24,-4,-24,-3,-24,-3,-24,-2,-24,-2,-24,-2,-25,-1,-24,-1,-24,-1,-23,-2,-23,-2,-23,-2,-23,-2,-22,-3,-22,-3,-21,-3,-21,-3,-21,-4,-20,-4,-19,-5,-5,-2,0,0,0,0,0,0,0,0,0,0,0,0,0,0,0,0,0,0,-5,-1,-20,-2,-20,-3,-21,-4,-21,-5,-21,-6,-22,-6,-21,-7,-21,-7,-21,-8,-22,-8,-23,-9,-23,-9,-23,-9,-23,-9,-23,-9,-23,-8,-24,-8,-24,-8,-25,-8,-25,-7,-25,-7,-25,-6,-26,-6,-27,-6,-26,-6,-26,-6]"
CSI_DATA,225209,d8:b1:90:db:e8:90,-52,11,1,7,0,0,1,0,0,0,1,-96,0,4,0,-812946185,0,100,0,128,1,"[100,-64,5,0,19,-23,19,-22,18,-22,18,-21,17,-21,16,-21,16,-21,14,-22,14,-23,13,-23,13,-23,13,-23,13,-22,13,-22,13,-22,13,-22,13,-22,13,-21,13,-20,13,-19,13,-18,13,-18,13,-17,14,-17,15,-16,3,-4,0,0,0,0,0,0,0,0,0,0,0,0,0,0,0,0,0,0,2,-5,9,-20,10,-19,10,-19,10,-19,11,-19,12,-19,14,-19,16,-19,16,-19,17,-19,17,-19,17,-19,18,-19,17,-19,17,-19,17,-19,17,-20,16,-20,16,-21,16,-21,16,-22,16,-22,16,-22,16,-22,17,-23,17,-24]"
CSI_DATA,225210,d8:b1:90:db:e8:90,-52,11,1,7,0,0,1,0,0,0,1,-96,0,4,0,-812935561,0,100,0,128,1,"[100,-64,5,0,-21,20,-20,20,-20,20,-19,20,-19,20,-18,20,-17,20,-16,21,-15,21,-15,21,-15,21,-14,21,-14,21,-14,21,-14,21,-14,20,-14,20,-14,19,-14,19,-14,18,-14,17,-14,16,-15,16,-15,15,-16,15,-4,3,0,0,0,0,0,0,0,0,0,0,0,0,0,0,0,0,0,0,-3,4,-10,18,-11,18,-11,18,-12,18,-13,18,-14,18,-16,18,-17,18,-17,18,-18,18,-18,17,-18,17,-19,17,-18,17,-18,17,-18,18,-18,18,-18,18,-18,19,-17,20,-17,20,-17,20,-17,21,-18,21,-18,21,-18,22]"
CSI_DATA,225211,d8:b1:90:db:e8:90,-52,11,1,7,0,0,1,0,0,0,1,-96,0,4,0,-812925211,0,100,0,128,1,"[100,-64,5,0,-17,-25,-17,-24,-17,-24,-18,-23,-18,-23,-18,-22,-18,-21,-18,-20,-18,-19,-19,-19,-19,-19,-20,-18,-19,-18,-19,-18,-19,-18,-18,-18,-18,-17,-17,-17,-17,-18,-17,-19,-17,-19,-15,-18,-13,-17,-13,-17,-12,-18,-3,-5,0,0,0,0,0,0,0,0,0,0,0,0,0,0,0,0,0,0,-4,-4,-15,-16,-14,-17,-13,-19,-13,-19,-12,-20,-13,-20,-13,-21,-13,-22,-13,-22,-14,-23,-14,-23,-14,-23,-14,-24,-14,-24,-13,-24,-13,-23,-14,-23,-14,-23,-14,-24,-15,-24,-16,-24,-16,-24,-16,-25,-17,-25,-17,-25,-17,-25]"
CSI_DATA,225212,d8:b1:90:db:e8:90,-51,11,1,7,0,0,1,0,0,0,1,-96,0,4,0,-812912702,0,100,0,128,1,"[100,-64,5,0,13,-27,13,-27,12,-27,12,-27,11,-26,10,-26,10,-26,9,-26,8,-26,8,-26,7,-26,7,-26,6,-25,6,-25,6,-25,6,-25,6,-25,6,-24,7,-24,8,-23,8,-22,9,-21,9,-21,11,-20,11,-19,3,-5,0,0,0,0,0,0,0,0,0,0,0,0,0,0,0,0,0,0,1,-6,7,-21,8,-21,9,-21,10,-21,10,-21,11,-21,12,-22,12,-22,13,-22,13,-23,13,-23,14,-23,14,-23,14,-23,14,-23,13,-23,13,-23,13,-24,13,-24,13,-25,13,-25,13,-26,14,-26,14,-27,14,-27,14,-28]"
CSI_DATA,225213,d8:b1:90:db:e8:90,-51,11,1,7,0,0,1,0,0,0,1,-96,0,4,0,-812899976,0,100,0,128,1,"[100,-64,5,0,19,-18,18,-18,18,-18,18,-19,17,-19,16,-19,15,-19,14,-19,14,-19,13,-19,13,-19,13,-19,12,-19,12,-19,12,-19,12,-19,12,-19,12,-18,12,-18,13,-17,13,-16,13,-15,13,-15,14,-14,14,-13,3,-4,0,0,0,0,0,0,0,0,0,0,0,0,0,0,0,0,0,0,2,-4,12,-15,13,-15,14,-14,14,-14,15,-14,16,-14,16,-15,17,-15,17,-15,18,-15,18,-15,19,-15,19,-15,18,-15,18,-15,18,-15,18,-15,18,-16,18,-16,18,-17,18,-17,18,-17,19,-17,19,-18,19,-18,19,-19]"
CSI_DATA,225214,d8:b1:90:db:e8:90,-52,11,1,7,0,0,1,0,0,0,1,-96,0,4,0,-812878753,0,100,0,128,1,"[100,-64,5,0,-7,28,-7,27,-7,27,-6,26,-5,26,-5,25,-4,25,-4,25,-4,25,-3,24,-3,25,-3,25,-2,25,-2,25,-2,25,-2,24,-3,24,-3,23,-3,23,-4,22,-4,21,-4,21,-5,20,-7,21,-8,20,-2,5,0,0,0,0,0,0,0,0,0,0,0,0,0,0,0,0,0,0,-1,5,-3,21,-4,21,-5,20,-6,20,-6,21,-7,21,-8,21,-8,22,-9,22,-9,23,-10,23,-11,24,-11,24,-11,24,-10,23,-10,23,-9,23,-9,24,-9,25,-8,25,-8,26,-8,26,-7,26,-7,27,-7,27,-7,28]"
CSI_DATA,225215,d8:b1:90:db:e8:90,-51,11,1,7,0,0,1,0,0,0,1,-96,0,4,0,-812852787,0,100,0,128,1,"[100,-64,5,0,23,2,23,2,23,2,22,1,22,1,21,0,21,0,21,0,21,-1,20,-1,20,-2,21,-2,21,-2,20,-2,20,-2,20,-2,20,-2,19,-2,19,-1,18,-1,18,-1,17,0,17,0,17,2,17,2,4,0,0,0,0,0,0,0,0,0,0,0,0,0,0,0,0,0,0,0,4,0,18,0,17,1,17,2,17,2,17,3,18,3,18,4,19,4,19,5,19,5,20,6,20,6,20,6,20,6,20,6,20,5,20,4,20,4,21,4,22,4,22,4,23,3,23,3,23,3,23,2,23,2]"
CSI_DATA,225216,d8:b1:90:db:e8:90,-51,11,1,7,0,0,1,0,0,0,1,-96,0,4,0,-812839273,0,100,0,128,1,"[100,-64,5,0,23,-11,23,-11,23,-11,23,-12,23,-12,22,-12,22,-13,21,-13,20,-13,20,-13,20,-13,20,-13,19,-13,19,-13,19,-13,19,-13,19,-12,18,-12,18,-11,18,-11,18,-10,18,-9,18,-8,18,-8,18,-7,4,-2,0,0,0,0,0,0,0,0,0,0,0,0,0,0,0,0,0,0,4,-3,16,-12,17,-11,17,-11,18,-10,18,-10,19,-9,20,-9,21,-9,21,-9,21,-9,21,-8,21,-7,22,-7,22,-7,22,-8,22,-8,22,-9,22,-9,22,-10,22,-10,22,-11,23,-11,23,-12,23,-12,24,-12,24,-12]"
CSI_DATA,225217,d8:b1:90:db:e8:90,-51,11,1,7,0,0,1,0,0,0,1,-96,0,4,0,-812827390,0,100,0,128,1,"[100,-64,5,0,20,-16,20,-16,20,-16,20,-16,20,-17,19,-17,19,-17,18,-17,17,-17,17,-17,17,-17,16,-18,16,-18,16,-17,16,-17,16,-17,16,-16,16,-16,15,-15,15,-15,15,-14,15,-13,16,-12,16,-12,16,-11,4,-3,0,0,0,0,0,0,0,0,0,0,0,0,0,0,0,0,0,0,3,-4,14,-14,14,-13,15,-13,16,-13,16,-12,17,-12,18,-13,19,-13,19,-13,19,-12,20,-11,20,-11,20,-11,20,-11,20,-12,20,-12,20,-13,20,-13,20,-14,20,-14,20,-15,20,-16,20,-16,20,-16,21,-16,22,-17]"
CSI_DATA,225218,d8:b1:90:db:e8:90,-51,11,1,7,0,0,1,0,0,0,0,-96,0,4,0,-812814134,0,100,0,128,1,"[100,-64,5,0,21,-7,21,-9,21,-11,22,-12,22,-14,23,-15,24,-16,25,-16,26,-16,27,-15,27,-15,27,-14,27,-13,26,-11,25,-10,23,-7,21,-6,18,-6,15,-6,12,-6,10,-7,9,-10,8,-13,8,-14,7,-14,1,-4,0,0,0,0,0,0,0,0,0,0,0,0,0,0,0,0,0,0,3,-1,12,-3,14,-3,17,-3,19,-3,22,-2,25,0,26,2,27,4,27,6,27,8,26,10,25,10,24,10,23,9,22,8,22,7,22,5,22,4,22,3,22,2,22,1,22,0,22,-1,22,-2,22,-2,23,-3]"
CSI_DATA,225219,d8:b1:90:db:e8:90,-52,11,1,7,0,0,1,0,0,0,0,-96,0,4,0,-812797211,0,100,0,128,1,"[100,-64,5,0,25,2,25,1,24,1,24,0,23,-1,23,-1,23,-1,23,-1,23,-1,23,-1,22,-2,22,-2,22,-2,22,-2,22,-2,21,-2,20,-2,20,-2,20,-2,20,-2,20,-1,19,-1,19,0,18,1,18,1,4,0,0,0,0,0,0,0,0,0,0,0,0,0,0,0,0,0,0,0,4,0,18,0,18,0,19,1,19,2,19,2,20,2,20,3,21,3,21,3,22,4,22,4,22,4,22,4,22,4,23,4,23,4,23,4,23,3,23,3,22,2,23,1,23,1,24,1,24,2,25,2,26,2]"
CSI_DATA,225220,d8:b1:90:db:e8:90,-51,11,1,7,0,0,1,0,0,0,0,-96,0,4,0,-812784449,0,100,0,128,1,"[100,-64,5,0,24,-7,24,-7,23,-8,23,-8,23,-8,22,-8,21,-7,21,-8,22,-8,21,-8,21,-8,21,-8,20,-9,21,-10,22,-10,20,-9,19,-10,19,-9,19,-9,18,-9,19,-8,18,-7,17,-7,18,-6,19,-5,4,-1,0,0,0,0,0,0,0,0,0,0,0,0,0,0,0,0,0,0,4,-2,18,-6,19,-5,19,-5,19,-5,19,-4,19,-3,20,-4,21,-4,22,-3,22,-3,24,-3,23,-2,23,-3,23,-3,23,-3,23,-3,23,-4,23,-4,23,-5,23,-6,23,-5,23,-6,24,-7,25,-6,25,-6,25,-7]"
CSI_DATA,225221,d8:b1:90:db:e8:90,-51,11,1,7,0,0,1,0,0,0,0,-96,0,4,0,-812772783,0,100,0,128,1,"[100,-64,5,0,24,7,24,6,24,6,24,6,24,5,24,4,23,4,23,4,23,4,23,4,23,3,23,3,23,3,22,3,22,3,22,4,22,4,21,4,21,4,20,4,20,5,19,5,19,6,18,7,18,7,4,2,0,0,0,0,0,0,0,0,0,0,0,0,0,0,0,0,0,0,4,0,18,3,18,4,18,5,19,5,19,6,19,6,20,7,20,8,20,8,21,8,21,9,21,9,21,9,21,9,21,8,22,8,22,8,22,7,22,7,23,7,23,6,24,6,24,6,24,6,24,6,25,6]"
CSI_DATA,225222,d8:b1:90:db:e8:90,-51,11,1,7,0,0,1,0,0,0,0,-96,0,4,0,-812743956,0,100,0,128,1,"[100,-64,5,0,-9,-26,-9,-26,-9,-25,-9,-25,-9,-24,-10,-24,-10,-23,-11,-23,-11,-23,-11,-22,-12,-22,-12,-22,-12,-22,-12,-22,-12,-22,-11,-22,-11,-21,-10,-21,-10,-21,-10,-20,-9,-20,-8,-20,-8,-20,-7,-20,-6,-20,-2,-5,0,0,0,0,0,0,0,0,0,0,0,0,0,0,0,0,0,0,-2,-5,-8,-19,-7,-20,-6,-20,-6,-21,-5,-21,-5,-22,-5,-22,-4,-23,-4,-23,-4,-24,-4,-23,-3,-23,-4,-24,-4,-24,-4,-24,-5,-24,-5,-24,-5,-24,-6,-24,-6,-24,-7,-25,-7,-25,-7,-25,-8,-25,-8,-25,-8,-26]"
CSI_DATA,225223,d8:b1:90:db:e8:90,-51,11,1,7,0,0,1,0,0,0,0,-96,0,4,0,-812733697,0,100,0,128,1,"[100,-64,5,0,28,-5,27,-5,27,-5,26,-4,26,-5,26,-5,26,-6,25,-7,25,-8,24,-8,24,-9,24,-9,24,-9,23,-9,23,-9,23,-8,23,-7,22,-7,22,-7,23,-6,23,-6,22,-5,22,-5,21,-4,21,-3,5,-1,0,0,0,0,0,0,0,0,0,0,0,0,0,0,0,0,0,0,5,-2,20,-5,21,-4,21,-3,22,-2,22,-2,23,-1,23,0,24,1,25,1,25,1,25,1,26,1,26,1,26,1,26,1,26,1,26,0,26,0,26,-1,26,-2,26,-2,27,-3,27,-3,27,-4,28,-4,29,-4]"
CSI_DATA,225224,d8:b1:90:db:e8:90,-51,11,1,7,0,0,1,0,0,0,0,-96,0,4,0,-812712974,0,100,0,128,1,"[100,-64,5,0,17,19,18,18,18,18,19,17,19,17,19,16,19,15,19,15,19,15,19,14,19,14,19,14,19,14,19,14,19,14,19,14,18,14,18,14,18,14,18,13,17,13,16,13,15,14,14,15,13,15,3,3,0,0,0,0,0,0,0,0,0,0,0,0,0,0,0,0,0,0,3,3,13,14,13,15,12,15,11,16,11,16,12,17,12,17,12,18,12,18,12,19,12,19,12,20,12,20,12,20,13,20,13,19,13,19,14,19,14,19,15,19,16,19,17,19,17,19,17,19,17,19,17,19]"
CSI_DATA,225225,d8:b1:90:db:e8:90,-51,11,1,7,0,0,1,0,0,0,0,-96,0,4,0,-812697803,0,100,0,128,1,"[100,-64,5,0,-22,-17,-22,-16,-22,-15,-22,-15,-22,-14,-22,-14,-22,-13,-22,-13,-22,-12,-21,-12,-22,-11,-21,-11,-21,-11,-21,-11,-21,-11,-21,-11,-20,-11,-19,-11,-19,-11,-18,-11,-17,-11,-17,-11,-17,-12,-16,-13,-16,-14,-4,-4,0,0,0,0,0,0,0,0,0,0,0,0,0,0,0,0,0,0,-5,-3,-17,-11,-17,-12,-16,-13,-16,-14,-16,-14,-16,-15,-16,-15,-17,-16,-17,-16,-16,-17,-16,-17,-16,-17,-16,-18,-16,-18,-17,-18,-17,-18,-18,-18,-18,-18,-19,-17,-19,-17,-20,-17,-20,-17,-20,-17,-21,-17,-21,-17,-22,-17]"
CSI_DATA,225226,d8:b1:90:db:e8:90,-51,11,1,7,0,0,1,0,0,0,1,-96,0,4,0,-812683092,0,100,0,128,1,"[100,-64,5,0,-15,-22,-15,-22,-15,-22,-15,-21,-15,-20,-16,-20,-16,-19,-16,-19,-16,-18,-16,-18,-16,-18,-16,-18,-16,-18,-16,-18,-15,-17,-15,-17,-15,-17,-14,-17,-14,-17,-13,-17,-12,-17,-12,-16,-12,-16,-11,-17,-10,-18,-3,-5,0,0,0,0,0,0,0,0,0,0,0,0,0,0,0,0,0,0,-4,-4,-13,-15,-13,-16,-12,-17,-12,-17,-11,-18,-11,-19,-11,-19,-11,-20,-11,-20,-11,-20,-11,-20,-11,-21,-11,-21,-11,-22,-10,-22,-11,-22,-11,-22,-12,-22,-12,-22,-13,-21,-13,-22,-14,-22,-14,-22,-15,-22,-15,-22,-16,-22]"
CSI_DATA,225227,d8:b1:90:db:e8:90,-51,11,1,7,0,0,1,0,0,0,1,-96,0,4,0,-812670637,0,100,0,128,1,"[100,-64,5,0,-9,-23,-9,-23,-9,-22,-9,-22,-10,-21,-10,-21,-10,-20,-10,-20,-10,-20,-11,-20,-11,-19,-11,-19,-11,-19,-11,-19,-11,-19,-10,-19,-10,-18,-9,-18,-9,-18,-9,-18,-8,-18,-8,-17,-7,-17,-7,-18,-6,-18,-2,-5,0,0,0,0,0,0,0,0,0,0,0,0,0,0,0,0,0,0,-2,-5,-7,-17,-7,-17,-6,-18,-6,-18,-6,-19,-5,-19,-4,-20,-4,-20,-4,-21,-4,-21,-4,-21,-4,-21,-4,-22,-4,-22,-3,-22,-4,-22,-4,-22,-5,-22,-6,-22,-6,-22,-7,-22,-7,-22,-8,-22,-8,-22,-8,-23,-8,-24]"
CSI_DATA,225228,d8:b1:90:db:e8:90,-51,11,1,7,0,0,1,0,0,0,1,-96,0,4,0,-812641127,0,100,0,128,1,"[100,-64,5,0,15,-22,14,-22,14,-22,14,-22,14,-21,13,-21,13,-21,12,-22,11,-22,11,-22,11,-22,10,-22,10,-22,10,-22,11,-22,11,-21,11,-21,11,-20,11,-20,11,-19,12,-18,12,-17,12,-17,13,-16,14,-16,3,-4,0,0,0,0,0,0,0,0,0,0,0,0,0,0,0,0,0,0,2,-5,10,-17,11,-17,12,-17,12,-17,13,-16,14,-16,15,-17,15,-17,16,-17,16,-17,16,-17,17,-17,17,-17,17,-17,16,-18,16,-18,16,-18,16,-19,16,-19,15,-19,15,-20,15,-20,15,-21,15,-22,15,-22,16,-23]"
CSI_DATA,225229,d8:b1:90:db:e8:90,-51,11,1,7,0,0,1,0,0,0,1,-96,0,4,0,-812629754,0,100,0,128,1,"[100,-64,5,0,-18,20,-18,20,-17,20,-16,20,-15,20,-15,19,-14,19,-14,19,-14,19,-13,19,-13,19,-13,19,-12,19,-12,19,-12,19,-11,19,-11,18,-12,17,-12,17,-12,17,-12,16,-13,16,-13,15,-13,15,-13,14,-4,3,0,0,0,0,0,0,0,0,0,0,0,0,0,0,0,0,0,0,-3,4,-13,16,-13,15,-14,14,-14,14,-15,14,-15,14,-16,14,-17,14,-17,14,-18,14,-19,14,-19,14,-19,14,-19,14,-19,14,-19,14,-19,15,-19,15,-18,16,-18,16,-18,17,-18,18,-18,18,-18,18,-18,19,-18,20]"
CSI_DATA,225230,d8:b1:90:db:e8:90,-51,11,1,7,0,0,1,0,0,0,1,-96,0,4,0,-812616338,0,100,0,128,1,"[100,-64,5,0,13,22,13,21,14,21,14,21,15,20,15,20,15,19,15,19,15,18,15,18,15,17,16,17,16,17,16,17,16,17,16,17,16,16,15,17,14,17,14,17,14,15,13,14,12,15,11,17,10,19,2,5,0,0,0,0,0,0,0,0,0,0,0,0,0,0,0,0,0,0,2,4,11,16,10,17,9,18,8,19,8,19,8,20,8,20,8,20,8,21,8,21,8,22,8,22,8,22,8,23,9,22,9,22,10,22,10,22,11,22,12,22,12,22,13,22,13,22,13,23,13,23,13,23]"
CSI_DATA,225231,d8:b1:90:db:e8:90,-51,11,1,7,0,0,1,0,0,0,1,-96,0,4,0,-812604152,0,100,0,128,1,"[100,-64,5,0,23,7,23,7,23,6,24,6,24,5,24,5,23,4,23,4,22,4,22,3,22,2,22,2,22,2,22,2,22,2,21,2,21,2,21,2,20,2,20,3,20,3,20,3,19,3,19,4,18,5,4,1,0,0,0,0,0,0,0,0,0,0,0,0,0,0,0,0,0,0,4,0,18,4,18,5,18,6,18,7,18,8,19,8,19,8,19,9,19,9,20,10,20,10,21,10,21,10,21,10,21,10,21,9,21,9,21,9,22,8,22,7,23,7,24,7,24,8,24,8,24,7,24,7]"
CSI_DATA,225232,d8:b1:90:db:e8:90,-51,11,1,7,0,0,1,0,0,0,1,-96,0,4,0,-812588981,0,100,0,128,1,"[100,-64,5,0,-27,-1,-27,0,-27,0,-26,0,-25,0,-25,1,-25,1,-24,1,-24,2,-24,2,-24,3,-24,3,-24,3,-24,3,-23,3,-24,2,-23,2,-23,1,-22,1,-22,0,-22,0,-21,0,-21,-1,-21,-2,-20,-3,-5,-1,0,0,0,0,0,0,0,0,0,0,0,0,0,0,0,0,0,0,-5,0,-20,2,-20,1,-20,0,-21,-1,-21,-1,-22,-2,-22,-3,-22,-4,-23,-4,-24,-5,-24,-5,-24,-5,-24,-5,-24,-5,-23,-5,-23,-5,-23,-4,-24,-4,-24,-3,-24,-3,-25,-2,-26,-2,-26,-2,-27,-1,-27,-1,-27,-1]"
CSI_DATA,225233,d8:b1:90:db:e8:90,-51,11,1,7,0,0,1,0,0,0,1,-96,0,4,0,-812576423,0,100,0,128,1,"[100,-64,5,0,15,-25,15,-25,15,-25,15,-25,14,-25,14,-24,13,-24,13,-25,12,-25,12,-24,11,-25,11,-25,11,-25,11,-25,10,-25,10,-24,10,-24,10,-23,10,-23,10,-22,10,-21,11,-20,11,-20,12,-19,12,-19,3,-5,0,0,0,0,0,0,0,0,0,0,0,0,0,0,0,0,0,0,2,-5,10,-20,11,-20,12,-20,12,-20,13,-20,14,-20,14,-20,15,-20,15,-20,16,-20,16,-20,16,-20,16,-20,17,-20,17,-20,17,-21,17,-22,17,-22,16,-23,16,-23,16,-24,16,-25,16,-24,16,-24,16,-25,17,-25]"
CSI_DATA,225234,d8:b1:90:db:e8:90,-51,11,1,7,0,0,1,0,0,0,1,-96,0,4,0,-812564412,0,100,0,128,1,"[100,-64,5,0,2,-27,1,-26,1,-26,1,-26,1,-26,0,-25,0,-25,-1,-25,-1,-25,-1,-25,-2,-24,-2,-24,-2,-25,-2,-25,-2,-24,-2,-24,-2,-23,-2,-23,-1,-23,-1,-22,0,-22,0,-21,1,-21,2,-21,2,-20,0,-5,0,0,0,0,0,0,0,0,0,0,0,0,0,0,0,0,0,0,-1,-5,-2,-20,-1,-20,0,-21,0,-21,1,-22,2,-21,2,-21,3,-22,3,-23,3,-23,3,-23,4,-23,4,-24,4,-24,4,-24,4,-24,4,-24,3,-25,3,-25,2,-25,2,-26,2,-26,1,-26,1,-26,1,-27,2,-27]"
CSI_DATA,225235,d8:b1:90:db:e8:90,-52,11,1,7,0,0,1,0,0,0,1,-96,0,4,0,-812538693,0,100,0,128,1,"[100,-64,5,0,22,18,22,17,22,17,22,16,22,16,22,15,22,14,22,14,21,13,21,13,22,12,22,12,22,12,22,12,22,12,22,12,21,12,20,12,20,12,19,12,19,11,18,12,17,13,16,13,15,14,3,3,0,0,0,0,0,0,0,0,0,0,0,0,0,0,0,0,0,0,4,2,18,10,18,11,17,12,17,13,17,13,17,14,17,15,17,16,18,16,18,17,18,17,18,17,18,18,18,18,18,18,18,18,18,17,19,17,19,17,20,16,20,16,21,16,21,17,21,17,21,17,22,17]"
CSI_DATA,225236,d8:b1:90:db:e8:90,-51,11,1,7,0,0,1,0,0,0,1,-96,0,4,0,-812526916,0,100,0,128,1,"[100,-64,5,0,-10,-26,-10,-25,-10,-25,-10,-24,-11,-24,-11,-24,-12,-23,-12,-23,-13,-23,-13,-22,-14,-22,-14,-21,-14,-21,-13,-21,-13,-21,-12,-21,-11,-21,-11,-21,-10,-21,-10,-20,-9,-20,-9,-19,-8,-20,-7,-20,-6,-21,-2,-6,0,0,0,0,0,0,0,0,0,0,0,0,0,0,0,0,0,0,-3,-5,-9,-18,-8,-19,-8,-19,-7,-20,-6,-21,-6,-21,-6,-22,-6,-23,-6,-23,-6,-24,-5,-24,-5,-24,-5,-24,-6,-25,-6,-25,-6,-25,-6,-25,-7,-25,-7,-25,-7,-25,-8,-26,-9,-26,-9,-25,-9,-25,-9,-26,-10,-26]"
CSI_DATA,225237,d8:b1:90:db:e8:90,-52,11,1,7,0,0,1,0,0,0,1,-96,0,4,0,-812516739,0,100,0,128,1,"[100,-64,5,0,16,19,16,18,16,18,16,18,16,17,16,16,16,15,17,15,17,14,17,14,18,13,18,13,18,13,18,13,17,13,17,14,16,14,16,14,15,15,14,14,15,13,14,12,13,13,11,15,9,15,2,3,0,0,0,0,0,0,0,0,0,0,0,0,0,0,0,0,0,0,3,3,12,13,11,14,11,15,10,16,10,16,10,17,10,17,11,18,11,18,11,19,11,19,11,19,11,20,11,20,11,20,11,20,12,20,12,19,13,19,13,20,14,20,14,19,14,19,15,19,15,19,16,19]"
CSI_DATA,225238,d8:b1:90:db:e8:90,-52,11,1,7,0,0,1,0,0,0,1,-96,0,4,0,-812505978,0,100,0,128,1,"[100,-64,5,0,5,-25,4,-25,4,-25,4,-25,3,-25,3,-25,2,-24,2,-24,1,-23,1,-23,0,-23,0,-23,0,-23,0,-23,0,-23,0,-23,0,-23,1,-22,1,-22,1,-21,1,-20,2,-20,2,-19,3,-19,4,-19,1,-5,0,0,0,0,0,0,0,0,0,0,0,0,0,0,0,0,0,0,0,-5,2,-19,3,-19,4,-19,5,-20,5,-20,6,-20,7,-20,7,-21,8,-21,8,-21,8,-21,8,-22,8,-22,7,-22,7,-22,7,-22,6,-22,6,-22,6,-23,6,-24,5,-24,5,-24,4,-25,4,-25,4,-26,5,-27]"
CSI_DATA,225239,d8:b1:90:db:e8:90,-52,11,1,7,0,0,1,0,0,0,1,-96,0,4,0,-812494109,0,100,0,128,1,"[100,-64,5,0,-28,-6,-28,-6,-28,-5,-28,-5,-28,-5,-27,-4,-27,-4,-26,-3,-26,-3,-26,-2,-26,-2,-26,-2,-26,-1,-25,-1,-25,-1,-25,-1,-25,-2,-24,-2,-23,-3,-23,-3,-23,-3,-22,-3,-22,-4,-21,-5,-21,-6,-6,-2,0,0,0,0,0,0,0,0,0,0,0,0,0,0,0,0,0,0,-6,-1,-22,-2,-22,-4,-22,-5,-22,-5,-22,-6,-23,-6,-23,-7,-23,-8,-24,-9,-24,-9,-24,-9,-24,-9,-24,-9,-25,-9,-25,-9,-25,-8,-25,-7,-25,-7,-26,-7,-26,-7,-27,-7,-27,-6,-27,-6,-28,-5,-28,-5,-29,-6]"
CSI_DATA,225240,d8:b1:90:db:e8:90,-51,11,1,7,0,0,1,0,0,0,1,-96,0,4,0,-812475598,0,100,0,128,1,"[100,-64,5,0,-23,-20,-23,-20,-22,-19,-22,-18,-22,-18,-22,-17,-22,-17,-22,-16,-22,-16,-22,-16,-23,-15,-22,-14,-22,-14,-22,-14,-22,-14,-22,-14,-21,-14,-21,-14,-20,-14,-20,-14,-19,-14,-19,-14,-18,-15,-17,-15,-16,-16,-4,-4,0,0,0,0,0,0,0,0,0,0,0,0,0,0,0,0,0,0,-5,-3,-19,-13,-18,-14,-17,-15,-17,-16,-17,-16,-17,-17,-17,-18,-17,-18,-17,-19,-17,-20,-16,-20,-16,-21,-16,-21,-16,-20,-16,-20,-17,-20,-17,-20,-18,-20,-18,-19,-19,-19,-20,-19,-20,-19,-22,-19,-22,-20,-22,-20,-22,-19]"
CSI_DATA,225241,d8:b1:90:db:e8:90,-51,11,1,7,0,0,1,0,0,0,1,-96,0,4,0,-812440443,0,100,0,128,1,"[100,-64,5,0,-31,1,-31,1,-30,2,-29,2,-28,3,-28,3,-27,4,-27,4,-26,4,-26,4,-26,5,-26,5,-26,6,-26,6,-26,5,-25,5,-25,5,-24,4,-24,4,-24,3,-24,3,-23,3,-23,2,-23,2,-23,1,-6,0,0,0,0,0,0,0,0,0,0,0,0,0,0,0,0,0,0,0,-6,1,-22,4,-22,3,-23,1,-23,0,-24,-1,-24,-1,-24,-1,-24,-2,-25,-2,-26,-2,-27,-3,-27,-3,-27,-3,-27,-3,-27,-2,-27,-2,-28,-2,-28,-2,-28,-2,-27,-2,-28,-2,-28,-1,-28,-1,-29,0,-29,0,-30,0]"
CSI_DATA,225242,d8:b1:90:db:e8:90,-52,11,1,7,0,0,1,0,0,0,1,-96,0,4,0,-812428313,0,100,0,128,1,"[100,-64,5,0,13,22,13,21,13,21,14,20,14,19,14,18,14,18,14,18,14,17,14,17,14,17,15,16,15,16,15,16,14,16,14,16,14,16,13,15,13,15,12,15,12,15,11,15,11,15,10,16,10,16,2,4,0,0,0,0,0,0,0,0,0,0,0,0,0,0,0,0,0,0,3,3,12,14,11,15,10,16,10,17,9,17,9,17,9,18,9,18,9,18,9,19,9,20,9,21,9,21,9,21,9,21,10,20,10,20,10,20,9,20,10,20,10,21,11,20,11,20,12,21,12,21,13,21]"
CSI_DATA,225243,d8:b1:90:db:e8:90,-51,11,1,7,0,0,1,0,0,0,1,-96,0,4,0,-812415479,0,100,0,128,1,"[100,-64,5,0,-4,-26,-5,-26,-5,-25,-5,-25,-5,-24,-6,-24,-6,-24,-6,-24,-6,-24,-7,-24,-7,-23,-8,-23,-7,-23,-7,-23,-7,-23,-7,-22,-7,-22,-7,-22,-5,-22,-4,-22,-5,-21,-5,-19,-4,-18,-3,-19,-2,-20,-1,-5,0,0,0,0,0,0,0,0,0,0,0,0,0,0,0,0,0,0,-2,-5,-5,-19,-5,-20,-4,-20,-3,-21,-3,-21,-2,-22,-1,-22,0,-22,0,-23,0,-23,0,-24,0,-24,0,-24,0,-25,0,-24,-1,-24,-1,-24,-2,-24,-3,-24,-3,-24,-4,-24,-4,-25,-5,-25,-5,-25,-5,-26,-5,-26]"
CSI_DATA,225244,d8:b1:90:db:e8:90,-52,11,1,7,0,0,1,0,0,0,1,-96,0,4,0,-812405004,0,100,0,128,1,"[100,-64,5,0,22,-18,21,-18,21,-18,21,-19,20,-19,20,-19,19,-19,19,-20,19,-20,18,-20,18,-20,17,-19,17,-19,17,-19,17,-19,17,-18,17,-18,16,-18,16,-17,17,-16,17,-15,17,-14,17,-14,17,-13,18,-13,4,-3,0,0,0,0,0,0,0,0,0,0,0,0,0,0,0,0,0,0,3,-4,15,-16,15,-16,16,-15,17,-14,18,-14,19,-13,19,-14,20,-14,20,-14,21,-14,21,-14,21,-14,22,-14,22,-14,22,-14,22,-14,22,-15,22,-15,21,-16,21,-16,21,-16,21,-17,21,-18,22,-18,22,-18,22,-19]"
CSI_DATA,225245,d8:b1:90:db:e8:90,-51,11,1,7,0,0,1,0,0,0,1,-96,0,4,0,-812390109,0,100,0,128,1,"[100,-64,5,0,16,20,16,19,16,19,16,19,17,18,17,18,17,17,17,17,17,16,17,16,17,15,17,15,17,14,17,14,17,14,17,15,16,14,16,14,15,14,15,14,14,14,14,14,13,14,12,15,11,16,2,4,0,0,0,0,0,0,0,0,0,0,0,0,0,0,0,0,0,0,3,3,13,14,12,15,11,16,10,17,10,17,10,18,10,18,10,19,10,19,10,19,10,20,10,20,10,20,11,20,11,21,11,21,12,21,12,20,13,20,13,20,14,19,14,19,15,20,15,20,15,20,16,21]"
CSI_DATA,225246,d8:b1:90:db:e8:90,-51,11,1,7,0,0,1,0,0,0,1,-96,0,4,0,-812366146,0,100,0,128,1,"[100,-64,5,0,-18,-18,-18,-17,-18,-17,-18,-16,-18,-15,-18,-15,-18,-15,-18,-14,-18,-14,-18,-13,-18,-13,-18,-13,-18,-13,-18,-12,-17,-12,-17,-12,-17,-12,-16,-12,-16,-12,-16,-12,-15,-12,-15,-12,-14,-13,-13,-13,-12,-14,-3,-4,0,0,0,0,0,0,0,0,0,0,0,0,0,0,0,0,0,0,-4,-4,-13,-13,-13,-13,-12,-14,-12,-15,-12,-16,-12,-16,-12,-16,-12,-17,-12,-17,-12,-18,-12,-18,-12,-18,-12,-18,-12,-19,-12,-19,-13,-18,-13,-18,-13,-18,-14,-18,-15,-18,-15,-18,-16,-17,-16,-17,-16,-17,-17,-17,-17,-18]"
CSI_DATA,225247,d8:b1:90:db:e8:90,-51,11,1,7,0,0,1,0,0,0,1,-96,0,4,0,-812340205,0,100,0,128,1,"[100,-64,5,0,11,-27,11,-27,11,-27,11,-26,10,-26,10,-26,9,-26,9,-26,8,-26,8,-26,8,-26,8,-25,8,-25,8,-25,8,-25,8,-25,8,-25,8,-24,8,-23,9,-23,9,-22,10,-21,10,-21,11,-20,11,-20,3,-5,0,0,0,0,0,0,0,0,0,0,0,0,0,0,0,0,0,0,0,-4,3,-15,5,-16,8,-19,10,-21,10,-21,11,-21,12,-21,13,-22,13,-22,14,-22,14,-22,14,-22,14,-22,14,-22,14,-23,14,-23,14,-23,14,-24,13,-25,13,-25,13,-26,12,-26,12,-27,12,-27,12,-27,12,-28]"
CSI_DATA,225248,d8:b1:90:db:e8:90,-52,11,1,7,0,0,1,0,0,0,1,-96,0,4,0,-812329533,0,100,0,128,1,"[100,-64,5,0,-23,12,-22,11,-22,11,-22,12,-21,12,-21,12,-20,12,-20,12,-20,13,-19,13,-19,13,-19,13,-19,13,-19,13,-19,12,-18,12,-18,12,-18,12,-18,11,-18,10,-18,10,-18,9,-18,9,-18,8,-18,7,-5,1,0,0,0,0,0,0,0,0,0,0,0,0,0,0,0,0,0,0,-3,1,-11,7,-13,7,-17,7,-19,7,-19,7,-20,6,-21,7,-21,7,-21,7,-22,6,-22,6,-22,6,-23,6,-23,6,-23,6,-23,7,-23,7,-23,8,-23,8,-23,9,-23,10,-23,10,-23,11,-23,11,-23,11,-23,11]"
CSI_DATA,225249,d8:b1:90:db:e8:90,-51,11,1,7,0,0,1,0,0,0,1,-96,0,4,0,-812311623,0,100,0,128,1,"[100,-64,5,0,23,-10,23,-10,23,-10,23,-10,22,-11,21,-11,21,-11,20,-12,20,-12,20,-12,20,-12,19,-12,19,-12,19,-11,19,-11,20,-11,20,-12,19,-12,18,-10,18,-9,18,-9,18,-8,18,-8,18,-6,19,-5,4,-1,0,0,0,0,0,0,0,0,0,0,0,0,0,0,0,0,0,0,4,-3,17,-9,17,-9,18,-8,19,-8,19,-7,19,-7,20,-7,21,-7,21,-6,22,-6,22,-6,23,-5,23,-5,23,-6,22,-6,22,-7,22,-7,22,-7,23,-7,23,-8,23,-9,23,-9,24,-10,24,-10,24,-10,24,-10]"
CSI_DATA,225250,d8:b1:90:db:e8:90,-51,11,1,7,0,0,1,0,0,0,1,-96,0,4,0,-812300272,0,100,0,128,1,"[100,-64,5,0,26,-9,25,-10,25,-10,24,-10,24,-11,23,-11,23,-11,22,-11,22,-12,22,-12,22,-12,21,-12,21,-12,21,-12,21,-12,21,-12,21,-11,21,-11,20,-10,20,-10,20,-9,20,-9,19,-8,19,-6,19,-5,4,-2,0,0,0,0,0,0,0,0,0,0,0,0,0,0,0,0,0,0,4,-2,18,-8,18,-8,19,-7,19,-7,20,-7,21,-6,21,-5,22,-4,23,-4,23,-4,23,-4,23,-4,23,-4,24,-4,24,-4,23,-4,24,-4,24,-5,24,-6,24,-7,25,-8,25,-8,26,-8,26,-9,26,-9,26,-9]"
CSI_DATA,225251,d8:b1:90:db:e8:90,-52,11,1,7,0,0,1,0,0,0,1,-96,0,4,0,-812285920,0,100,0,128,1,"[100,-64,5,0,14,-22,13,-21,13,-21,13,-22,12,-22,12,-22,11,-22,11,-22,11,-21,10,-21,10,-22,9,-22,9,-21,9,-21,9,-21,9,-20,9,-20,9,-20,9,-19,9,-19,9,-18,10,-18,10,-17,10,-16,11,-16,2,-4,0,0,0,0,0,0,0,0,0,0,0,0,0,0,0,0,0,0,2,-5,9,-17,9,-17,10,-16,11,-16,11,-16,12,-16,13,-16,14,-17,14,-17,15,-17,15,-16,15,-16,15,-16,15,-16,15,-16,15,-17,15,-17,15,-18,15,-18,15,-19,15,-19,15,-20,15,-20,14,-20,14,-21,15,-22]"
CSI_DATA,225252,d8:b1:90:db:e8:90,-51,11,1,7,0,0,1,0,0,0,1,-96,0,4,0,-812260450,0,100,0,128,1,"[100,-64,5,0,-26,15,-25,15,-25,15,-24,15,-24,15,-23,15,-23,16,-22,16,-22,17,-22,17,-21,17,-20,17,-20,17,-19,17,-19,17,-19,17,-19,16,-19,16,-19,15,-18,15,-19,14,-19,14,-19,13,-19,12,-20,11,-5,2,0,0,0,0,0,0,0,0,0,0,0,0,0,0,0,0,0,0,-5,3,-19,13,-19,13,-20,12,-20,12,-21,11,-22,11,-23,10,-24,10,-24,10,-25,10,-25,9,-25,9,-25,9,-25,9,-26,10,-26,10,-26,11,-26,11,-26,11,-25,11,-25,12,-25,13,-25,14,-25,14,-25,15,-26,15]"
CSI_DATA,225253,d8:b1:90:db:e8:90,-52,11,1,7,0,0,1,0,0,0,1,-96,0,4,0,-812229091,0,100,0,128,1,"[100,-64,5,0,-3,28,-3,28,-2,28,-2,27,-1,27,0,27,0,26,-1,26,-1,25,0,25,1,25,1,25,1,25,1,25,1,25,1,25,1,24,0,24,0,23,-1,23,-1,22,-1,21,-2,21,-3,21,-4,21,-1,5,0,0,0,0,0,0,0,0,0,0,0,0,0,0,0,0,0,0,0,5,0,21,-1,22,-2,22,-3,22,-3,22,-4,23,-4,23,-5,24,-5,24,-5,24,-5,25,-5,25,-5,25,-6,25,-7,25,-7,25,-7,25,-7,25,-6,26,-5,26,-4,26,-4,27,-4,27,-3,27,-3,28,-3,29]"
CSI_DATA,225254,d8:b1:90:db:e8:90,-51,11,1,7,0,0,1,0,0,0,1,-96,0,4,0,-812217637,0,100,0,128,1,"[100,-64,5,0,-26,-8,-26,-7,-26,-7,-25,-6,-25,-6,-25,-6,-25,-5,-24,-5,-24,-4,-24,-4,-24,-3,-24,-3,-23,-2,-23,-2,-23,-3,-24,-3,-24,-3,-23,-3,-22,-3,-22,-3,-21,-3,-19,-4,-19,-6,-18,-7,-17,-6,-4,-2,0,0,0,0,0,0,0,0,0,0,0,0,0,0,0,0,0,0,-5,-1,-20,-3,-20,-5,-20,-6,-20,-7,-20,-8,-20,-8,-20,-9,-21,-10,-21,-11,-21,-11,-21,-11,-21,-11,-21,-11,-22,-11,-22,-11,-22,-11,-22,-11,-22,-10,-23,-10,-23,-9,-24,-9,-24,-9,-25,-8,-25,-8,-25,-8,-26,-8]"
CSI_DATA,225255,d8:b1:90:db:e8:90,-51,11,1,7,0,0,1,0,0,0,1,-96,0,4,0,-812205986,0,100,0,128,1,"[100,-64,5,0,-10,23,-10,23,-9,24,-9,23,-9,23,-8,23,-7,23,-7,23,-6,22,-5,22,-5,22,-4,22,-4,22,-4,22,-4,22,-4,22,-5,23,-5,22,-6,22,-5,21,-5,19,-6,19,-6,19,-8,19,-10,20,-3,5,0,0,0,0,0,0,0,0,0,0,0,0,0,0,0,0,0,0,-2,4,-7,18,-8,18,-9,17,-10,17,-11,18,-12,18,-13,18,-14,18,-14,18,-14,18,-15,18,-15,19,-14,19,-14,19,-14,19,-14,19,-14,19,-14,20,-13,20,-13,21,-12,22,-12,22,-12,23,-11,23,-11,23,-11,24]"
CSI_DATA,225256,d8:b1:90:db:e8:90,-51,11,1,7,0,0,1,0,0,0,1,-96,0,4,0,-812193678,0,100,0,128,1,"[100,-64,5,0,19,-17,19,-17,18,-17,18,-17,17,-17,17,-17,16,-17,16,-18,15,-18,15,-18,15,-18,15,-18,14,-18,14,-18,14,-18,14,-18,14,-18,14,-17,14,-17,14,-16,14,-16,14,-15,14,-14,14,-13,14,-12,3,-3,0,0,0,0,0,0,0,0,0,0,0,0,0,0,0,0,0,0,3,-4,14,-13,14,-13,15,-13,16,-13,17,-12,17,-12,18,-12,18,-12,19,-12,19,-12,19,-12,20,-12,20,-12,20,-12,19,-12,19,-13,19,-13,19,-14,19,-15,19,-16,19,-16,19,-16,19,-16,19,-16,20,-17,20,-17]"
CSI_DATA,225257,d8:b1:90:db:e8:90,-51,11,1,7,0,0,1,0,0,0,1,-96,0,4,0,-812179932,0,100,0,128,1,"[100,-64,5,0,26,4,26,4,26,3,26,3,25,2,25,2,24,2,24,1,23,1,23,0,23,0,23,0,23,0,23,0,23,0,23,1,22,1,22,1,21,2,21,2,20,2,20,2,19,3,19,4,18,5,4,1,0,0,0,0,0,0,0,0,0,0,0,0,0,0,0,0,0,0,4,0,19,0,19,1,19,2,19,3,20,3,20,4,21,4,21,5,21,5,22,6,22,6,22,6,22,6,23,6,23,6,23,6,23,6,24,5,24,5,24,4,24,4,25,4,25,3,25,3,26,3,27,3]"
CSI_DATA,225258,d8:b1:90:db:e8:90,-51,11,1,7,0,0,1,0,0,0,1,-96,0,4,0,-812162295,0,100,0,128,1,"[100,-64,5,0,5,26,6,25,6,25,6,25,6,24,6,24,6,23,7,22,7,22,7,21,7,21,7,21,7,22,7,22,7,21,7,21,7,21,6,21,5,20,5,20,5,19,4,19,3,19,2,19,1,19,0,4,0,0,0,0,0,0,0,0,0,0,0,0,0,0,0,0,0,0,1,4,6,18,6,19,5,19,4,19,4,20,4,21,3,21,3,22,3,22,2,23,2,23,2,23,2,23,2,23,2,24,2,24,3,24,3,24,4,24,4,24,5,24,5,24,6,24,6,25,6,25,6,26]"
CSI_DATA,225259,d8:b1:90:db:e8:90,-51,11,1,7,0,0,1,0,0,0,1,-96,0,4,0,-812150576,0,100,0,128,1,"[100,-64,5,0,-22,9,-23,8,-21,8,-20,10,-21,11,-21,10,-20,10,-18,11,-19,12,-19,11,-18,11,-18,12,-19,12,-18,11,-16,11,-17,13,-18,11,-16,10,-15,11,-17,11,-17,10,-16,9,-16,10,-17,8,-17,6,-5,1,0,0,0,0,0,0,0,0,0,0,0,0,0,0,0,0,0,0,-5,1,-18,3,-17,3,-18,3,-19,2,-18,2,-18,2,-20,3,-21,2,-21,1,-21,2,-22,2,-22,1,-21,1,-22,3,-22,2,-21,2,-21,3,-22,4,-22,4,-21,4,-21,6,-23,7,-23,6,-22,7,-23,8,-24,9]"
CSI_DATA,225260,d8:b1:90:db:e8:90,-52,11,1,7,0,0,1,0,0,0,1,-96,0,4,0,-812124864,0,100,0,128,1,"[100,-64,5,0,-28,-2,-28,-2,-28,-2,-28,-2,-28,-1,-27,-1,-27,0,-26,1,-25,1,-25,1,-25,2,-25,2,-25,2,-25,2,-25,2,-25,2,-25,1,-24,1,-24,1,-23,0,-23,0,-22,0,-22,-1,-22,-3,-22,-4,-6,-1,0,0,0,0,0,0,0,0,0,0,0,0,0,0,0,0,0,0,-6,0,-22,-1,-22,-2,-21,-4,-21,-5,-22,-5,-22,-5,-23,-6,-23,-6,-23,-6,-24,-7,-24,-7,-24,-7,-25,-7,-25,-7,-25,-7,-25,-7,-25,-6,-26,-6,-26,-6,-27,-5,-27,-4,-27,-4,-28,-4,-28,-4,-28,-3,-28,-3]"
CSI_DATA,225261,d8:b1:90:db:e8:90,-51,11,1,7,0,0,1,0,0,0,1,-96,0,4,0,-812113294,0,100,0,128,1,"[100,-64,5,0,-23,6,-23,6,-23,7,-22,7,-22,7,-21,7,-21,8,-21,8,-20,8,-20,9,-20,9,-20,9,-20,9,-20,9,-19,9,-19,9,-19,9,-19,8,-18,7,-18,7,-18,7,-18,7,-18,6,-18,5,-18,4,-5,1,0,0,0,0,0,0,0,0,0,0,0,0,0,0,0,0,0,0,-4,1,-17,6,-17,5,-18,4,-18,4,-18,4,-19,3,-20,3,-20,3,-20,2,-21,2,-21,2,-22,2,-22,2,-22,2,-22,2,-22,2,-22,3,-22,3,-22,4,-22,4,-22,5,-22,5,-23,5,-23,6,-23,6,-24,6]"
CSI_DATA,225262,d8:b1:90:db:e8:90,-51,11,1,7,0,0,1,0,0,0,1,-96,0,4,0,-812099638,0,100,0,128,1,"[100,-64,5,0,-23,-17,-23,-17,-23,-16,-22,-16,-22,-15,-22,-14,-22,-14,-22,-13,-22,-13,-22,-12,-23,-12,-23,-12,-23,-12,-22,-12,-22,-12,-21,-12,-20,-12,-20,-12,-19,-12,-19,-12,-19,-12,-18,-13,-17,-13,-17,-14,-16,-14,-4,-4,0,0,0,0,0,0,0,0,0,0,0,0,0,0,0,0,0,0,-5,-3,-18,-11,-18,-12,-18,-13,-17,-14,-17,-14,-17,-15,-17,-16,-17,-16,-17,-17,-17,-17,-17,-18,-17,-18,-17,-18,-17,-18,-17,-18,-18,-18,-18,-18,-18,-18,-19,-18,-19,-17,-20,-17,-20,-17,-21,-17,-22,-17,-22,-17,-23,-17]"
CSI_DATA,225263,d8:b1:90:db:e8:90,-51,11,1,7,0,0,1,0,0,0,1,-96,0,4,0,-812088285,0,100,0,128,1,"[100,-64,5,0,-25,-13,-25,-12,-24,-11,-24,-11,-24,-10,-24,-10,-24,-10,-24,-9,-24,-9,-24,-8,-24,-7,-24,-7,-24,-7,-24,-7,-23,-7,-23,-7,-22,-7,-22,-7,-21,-8,-21,-8,-21,-8,-20,-8,-19,-9,-19,-9,-19,-10,-5,-3,0,0,0,0,0,0,0,0,0,0,0,0,0,0,0,0,0,0,-5,-2,-19,-8,-19,-10,-19,-11,-19,-11,-19,-12,-19,-13,-19,-13,-19,-14,-19,-15,-19,-15,-19,-15,-19,-15,-19,-15,-19,-16,-20,-16,-20,-15,-20,-15,-21,-15,-21,-14,-22,-13,-22,-13,-23,-13,-24,-13,-24,-13,-25,-13,-25,-13]"
CSI_DATA,225264,d8:b1:90:db:e8:90,-51,11,1,7,0,0,1,0,0,0,1,-96,0,4,0,-812077392,0,100,0,128,1,"[100,-64,5,0,16,21,16,20,16,19,17,19,17,18,17,18,17,17,17,17,17,16,17,16,17,16,17,16,18,16,17,16,17,16,17,15,16,15,16,15,15,15,14,15,14,14,13,14,12,14,11,15,11,16,2,4,0,0,0,0,0,0,0,0,0,0,0,0,0,0,0,0,0,0,3,3,13,14,13,14,12,16,11,17,11,17,11,18,11,18,11,19,11,20,11,20,11,20,11,20,11,20,11,20,11,20,11,20,12,20,12,20,13,20,14,20,14,20,15,20,15,19,16,20,16,20,17,20]"
CSI_DATA,225265,d8:b1:90:db:e8:90,-51,11,1,7,0,0,1,0,0,0,1,-96,0,4,0,-812059395,0,100,0,128,1,"[100,-64,5,0,-27,-5,-27,-5,-26,-5,-26,-4,-26,-3,-25,-3,-25,-2,-25,-2,-24,-2,-24,-2,-25,-2,-25,-2,-25,-2,-25,-2,-24,-2,-23,-1,-23,-1,-22,-2,-22,-2,-21,-2,-21,-3,-21,-3,-20,-4,-20,-5,-19,-6,-5,-2,0,0,0,0,0,0,0,0,0,0,0,0,0,0,0,0,0,0,-5,-1,-20,-2,-20,-3,-20,-4,-20,-5,-21,-6,-21,-6,-21,-6,-22,-7,-22,-8,-23,-8,-22,-8,-22,-9,-22,-9,-22,-9,-23,-8,-23,-8,-23,-7,-23,-7,-24,-7,-24,-6,-25,-6,-25,-5,-25,-5,-25,-5,-26,-5,-27,-5]"
CSI_DATA,225266,d8:b1:90:db:e8:90,-51,11,1,7,0,0,1,0,0,0,1,-96,0,4,0,-812028755,0,100,0,128,1,"[100,-64,5,0,26,7,26,7,25,6,24,6,24,5,24,5,24,4,23,4,23,3,23,3,23,2,23,3,23,3,23,3,23,3,23,3,22,3,22,3,21,3,21,3,21,3,20,4,19,5,18,6,18,7,4,2,0,0,0,0,0,0,0,0,0,0,0,0,0,0,0,0,0,0,4,1,18,5,18,6,18,7,18,8,18,8,19,9,19,10,19,10,20,10,20,11,21,11,20,11,21,11,21,11,20,11,20,11,20,11,21,11,22,10,23,10,24,10,24,9,24,8,24,8,24,8,25,8]"
CSI_DATA,225267,d8:b1:90:db:e8:90,-51,11,1,7,0,0,1,0,0,0,1,-96,0,4,0,-812014283,0,100,0,128,1,"[100,-64,5,0,-25,-12,-25,-12,-25,-11,-25,-10,-24,-10,-24,-9,-24,-9,-23,-8,-23,-8,-23,-7,-23,-7,-23,-7,-23,-8,-23,-7,-22,-8,-22,-8,-22,-8,-21,-8,-21,-9,-20,-9,-20,-10,-20,-10,-19,-11,-19,-12,-18,-14,-5,-4,0,0,0,0,0,0,0,0,0,0,0,0,0,0,0,0,0,0,-5,-2,-18,-8,-18,-9,-17,-11,-17,-11,-17,-12,-17,-12,-18,-13,-18,-14,-18,-14,-18,-15,-18,-15,-18,-15,-19,-15,-19,-15,-19,-15,-19,-14,-20,-14,-20,-14,-21,-13,-21,-13,-22,-12,-22,-12,-23,-12,-23,-12,-24,-12,-24,-12]"
CSI_DATA,225268,d8:b1:90:db:e8:90,-51,11,1,7,0,0,1,0,0,0,1,-96,0,4,0,-812002031,0,100,0,128,1,"[100,-64,5,0,19,-20,19,-19,19,-19,19,-19,18,-19,18,-20,17,-19,17,-19,16,-19,16,-19,16,-19,15,-19,15,-19,15,-19,15,-20,15,-19,14,-19,14,-19,14,-19,13,-18,14,-16,14,-15,14,-15,16,-14,17,-14,4,-4,0,0,0,0,0,0,0,0,0,0,0,0,0,0,0,0,0,0,3,-4,14,-15,15,-15,16,-14,16,-14,17,-14,18,-14,18,-14,18,-14,19,-14,19,-14,20,-13,20,-13,20,-13,20,-13,20,-14,20,-14,20,-15,20,-15,20,-16,19,-16,19,-17,19,-18,20,-19,20,-19,20,-19,20,-19]"
CSI_DATA,225269,d8:b1:90:db:e8:90,-51,11,1,7,0,0,1,0,0,0,1,-96,0,4,0,-811991295,0,100,0,128,1,"[100,-64,5,0,21,-16,20,-16,20,-16,20,-16,20,-16,19,-16,19,-16,18,-16,18,-16,18,-16,17,-16,17,-16,17,-16,17,-16,17,-16,17,-16,17,-16,16,-15,16,-14,16,-14,16,-13,16,-12,16,-12,16,-11,16,-10,4,-3,0,0,0,0,0,0,0,0,0,0,0,0,0,0,0,0,0,0,3,-4,14,-14,15,-13,16,-13,16,-12,17,-12,18,-12,18,-12,19,-12,19,-11,20,-11,20,-11,20,-11,20,-11,20,-11,20,-11,20,-12,21,-12,21,-13,21,-13,20,-13,20,-14,21,-15,21,-15,21,-16,21,-16,21,-16]"
CSI_DATA,225270,d8:b1:90:db:e8:90,-52,11,1,5,0,0,1,0,1,0,0,-96,0,4,0,-811976270,0,100,0,128,1,"[100,-64,5,0,-8,3,-7,9,-5,14,-2,18,1,21,3,24,6,25,8,25,9,25,10,24,10,23,9,22,8,20,5,19,2,18,-1,17,-5,16,-8,16,-11,15,-13,15,-16,15,-17,15,-18,15,-18,14,-17,14,-5,3,0,0,0,0,0,0,0,0,0,0,0,0,0,0,0,0,0,0,-5,-2,-18,-5,-20,-6,-22,-7,-23,-7,-23,-8,-23,-8,-22,-8,-21,-9,-18,-9,-15,-10,-11,-12,-7,-14,-3,-15,0,-17,2,-20,4,-22,5,-24,5,-26,5,-28,3,-29,1,-29,-1,-28,-3,-26,-5,-23,-7,-19,-7,-15]"
CSI_DATA,225271,d8:b1:90:db:e8:90,-52,11,1,7,0,0,1,0,0,0,1,-96,0,4,0,-811955200,0,100,0,128,1,"[100,-64,5,0,23,-16,23,-16,22,-16,21,-16,21,-16,21,-16,20,-16,19,-17,18,-17,18,-17,17,-17,17,-17,17,-17,16,-17,16,-17,16,-17,16,-17,16,-17,16,-16,16,-16,16,-15,16,-14,16,-14,16,-13,16,-12,4,-3,0,0,0,0,0,0,0,0,0,0,0,0,0,0,0,0,0,0,3,-4,15,-13,16,-13,16,-12,16,-11,17,-11,18,-11,19,-11,20,-11,21,-11,21,-10,21,-10,21,-10,21,-10,22,-10,22,-10,22,-10,22,-11,22,-11,22,-11,22,-11,22,-12,22,-13,23,-14,23,-14,23,-15,23,-15]"
CSI_DATA,225272,d8:b1:90:db:e8:90,-51,11,1,7,0,0,1,0,0,0,1,-96,0,4,0,-811944075,0,100,0,128,1,"[100,-64,5,0,-3,-28,-3,-27,-3,-27,-3,-26,-4,-26,-4,-26,-5,-26,-5,-25,-6,-25,-6,-24,-7,-24,-7,-23,-7,-23,-7,-23,-7,-23,-7,-23,-7,-23,-7,-23,-6,-22,-6,-22,-6,-21,-5,-21,-4,-21,-4,-21,-3,-21,-1,-6,0,0,0,0,0,0,0,0,0,0,0,0,0,0,0,0,0,0,-1,-5,-4,-20,-4,-20,-3,-20,-2,-20,-1,-21,-1,-21,0,-22,0,-23,1,-23,1,-24,1,-24,1,-24,1,-24,1,-24,2,-24,2,-24,1,-24,1,-24,1,-25,0,-25,0,-25,-1,-26,-1,-27,-2,-27,-2,-27,-2,-27]"
CSI_DATA,225273,d8:b1:90:db:e8:90,-52,11,1,5,0,0,1,0,1,0,0,-96,0,4,0,-811915873,0,100,0,128,1,"[100,-64,5,0,-10,5,-8,10,-5,14,-3,17,-1,20,1,22,3,23,4,24,6,23,6,23,6,21,4,20,3,18,0,15,-2,13,-6,10,-9,8,-12,5,-14,3,-17,1,-19,-1,-20,-2,-21,-3,-21,-3,-20,-3,-5,-1,0,0,0,0,0,0,0,0,0,0,0,0,0,0,0,0,0,0,-3,3,-10,14,-11,15,-12,16,-13,16,-13,16,-13,16,-13,14,-13,12,-12,10,-11,6,-10,2,-9,-2,-8,-6,-7,-10,-6,-14,-6,-18,-6,-21,-7,-23,-8,-24,-9,-25,-10,-25,-11,-23,-13,-21,-13,-18,-13,-14,-13,-11]"
CSI_DATA,225274,d8:b1:90:db:e8:90,-51,11,1,7,0,0,1,0,0,0,1,-96,0,4,0,-811901283,0,100,0,128,1,"[100,-64,5,0,-2,26,-1,26,-1,26,-1,25,0,24,0,24,0,24,1,23,1,23,2,22,2,22,2,23,2,23,2,23,2,23,2,22,1,22,1,22,0,21,1,21,1,20,0,19,0,19,-1,20,-3,20,-1,5,0,0,0,0,0,0,0,0,0,0,0,0,0,0,0,0,0,0,0,4,1,19,0,19,-1,20,-2,20,-2,20,-3,21,-3,21,-3,21,-4,22,-4,22,-5,23,-5,23,-4,23,-4,23,-4,23,-4,23,-3,23,-3,23,-3,24,-3,25,-2,25,-2,25,-2,25,-2,26,-2,26,-1,26]"
CSI_DATA,225275,d8:b1:90:db:e8:90,-52,11,1,7,0,0,1,0,0,0,1,-96,0,4,0,-811890756,0,100,0,128,1,"[100,-64,5,0,-23,-13,-23,-12,-23,-12,-22,-12,-22,-12,-22,-11,-22,-10,-22,-10,-22,-9,-22,-9,-22,-9,-22,-8,-22,-8,-22,-8,-21,-8,-21,-8,-21,-8,-20,-8,-20,-8,-20,-8,-19,-8,-18,-8,-18,-9,-18,-10,-18,-10,-5,-3,0,0,0,0,0,0,0,0,0,0,0,0,0,0,0,0,0,0,-5,-2,-18,-8,-18,-9,-18,-10,-18,-10,-18,-11,-18,-11,-18,-12,-18,-13,-18,-13,-19,-14,-18,-15,-18,-15,-19,-15,-19,-15,-18,-15,-18,-14,-19,-14,-19,-14,-20,-14,-20,-14,-21,-14,-22,-14,-22,-13,-22,-13,-23,-13,-23,-13]"
CSI_DATA,225276,d8:b1:90:db:e8:90,-51,11,1,7,0,0,1,0,0,0,1,-96,0,4,0,-811878896,0,100,0,128,1,"[100,-64,5,0,25,8,25,8,24,7,24,8,23,7,23,7,23,6,23,6,23,5,23,5,23,4,22,4,22,4,22,4,22,4,22,4,22,4,21,4,21,4,20,5,20,5,19,5,19,5,18,6,18,7,4,2,0,0,0,0,0,0,0,0,0,0,0,0,0,0,0,0,0,0,4,0,18,4,18,5,18,5,19,6,19,7,19,7,20,8,20,9,20,9,21,10,21,11,21,11,21,11,20,11,20,11,20,10,20,10,21,10,21,10,22,10,23,9,23,9,24,9,24,9,24,9,25,8]"
CSI_DATA,225277,d8:b1:90:db:e8:90,-51,11,1,7,0,0,1,0,0,0,1,-96,0,4,0,-811850780,0,100,0,128,1,"[100,-64,5,0,-20,14,-20,14,-19,14,-19,14,-18,14,-18,14,-17,14,-17,14,-16,14,-16,14,-16,15,-16,15,-16,14,-16,14,-16,14,-16,14,-16,14,-16,13,-16,13,-16,12,-15,12,-15,11,-15,11,-16,10,-16,10,-4,2,0,0,0,0,0,0,0,0,0,0,0,0,0,0,0,0,0,0,-4,2,-15,11,-15,11,-16,10,-16,10,-17,10,-18,9,-18,9,-19,9,-19,9,-19,9,-19,9,-19,9,-19,9,-20,9,-20,9,-21,9,-21,9,-20,10,-20,10,-20,11,-20,11,-20,12,-20,13,-20,13,-20,14,-20,14]"
CSI_DATA,225278,d8:b1:90:db:e8:90,-51,11,1,7,0,0,1,0,0,0,1,-96,0,4,0,-811826439,0,100,0,128,1,"[100,-64,5,0,-25,13,-24,13,-23,13,-23,13,-22,13,-22,13,-21,13,-21,14,-20,14,-20,14,-19,14,-19,14,-19,14,-18,14,-19,14,-19,13,-19,13,-19,12,-19,11,-19,11,-19,11,-19,10,-18,9,-18,8,-19,7,-5,1,0,0,0,0,0,0,0,0,0,0,0,0,0,0,0,0,0,0,-4,2,-16,9,-16,9,-17,9,-17,10,-18,10,-19,10,-21,10,-22,10,-22,9,-23,9,-23,9,-23,9,-23,9,-23,9,-23,8,-23,9,-23,9,-23,10,-23,10,-23,11,-24,11,-23,12,-23,12,-23,12,-23,13,-24,13]"
CSI_DATA,225279,d8:b1:90:db:e8:90,-51,11,1,6,0,0,1,0,0,0,1,-96,0,4,0,-811812669,0,100,0,128,1,"[100,-64,5,0,13,22,13,22,13,22,13,21,13,20,13,20,13,19,14,19,14,19,14,19,14,18,14,18,13,18,13,17,13,17,12,18,12,18,11,18,12,18,11,18,9,18,8,18,7,18,7,18,8,18,2,4,0,0,0,0,0,0,0,0,0,0,0,0,0,0,0,0,0,0,2,3,10,12,10,13,11,14,11,15,11,15,10,16,10,18,10,19,10,19,10,20,10,20,10,20,10,21,10,21,9,21,9,21,9,21,10,21,11,21,11,21,12,21,12,21,12,21,12,21,13,22,13,22]"
CSI_DATA,225280,d8:b1:90:db:e8:90,-51,11,1,6,0,0,1,0,0,0,1,-96,0,4,0,-811799202,0,100,0,128,1,"[100,-64,5,0,-10,-3,-13,3,-15,8,-16,13,-16,18,-16,22,-15,25,-14,26,-12,27,-11,27,-10,26,-10,24,-10,22,-11,18,-12,15,-14,11,-17,7,-18,3,-20,0,-22,-2,-24,-3,-25,-4,-26,-5,-26,-6,-25,-7,-6,-2,0,0,0,0,0,0,0,0,0,0,0,0,0,0,0,0,0,0,-4,-4,-16,-13,-17,-15,-18,-17,-19,-18,-20,-18,-19,-19,-18,-18,-16,-18,-13,-17,-9,-17,-5,-16,0,-15,5,-15,10,-15,13,-16,17,-17,20,-18,21,-20,22,-22,21,-23,19,-24,17,-25,14,-25,10,-24,6,-21,3,-19]"
CSI_DATA,225281,d8:b1:90:db:e8:90,-51,11,1,6,0,0,1,0,0,0,1,-96,0,4,0,-811783529,0,100,0,128,1,"[100,-64,5,0,-8,9,-4,14,0,18,4,21,8,23,12,24,15,24,17,24,18,23,18,22,18,21,16,19,13,18,10,18,6,17,2,17,-3,17,-7,17,-11,16,-14,16,-16,16,-18,16,-20,16,-20,16,-20,15,-5,3,0,0,0,0,0,0,0,0,0,0,0,0,0,0,0,0,0,0,-4,3,-14,14,-16,15,-17,16,-18,17,-19,17,-19,17,-19,16,-19,13,-18,10,-16,6,-15,2,-14,-3,-13,-8,-12,-12,-12,-17,-12,-20,-13,-23,-14,-26,-16,-27,-18,-26,-19,-25,-20,-23,-21,-20,-21,-17,-20,-12,-19,-9]"
CSI_DATA,225282,d8:b1:90:db:e8:90,-51,11,1,6,0,0,1,0,0,0,1,-96,0,4,0,-811772437,0,100,0,128,1,"[100,-64,5,0,-10,4,-9,10,-8,15,-6,20,-3,24,0,26,2,28,4,29,6,29,7,28,7,27,6,25,4,23,2,21,-2,19,-5,17,-9,15,-13,14,-16,12,-19,11,-21,11,-23,10,-24,9,-23,9,-23,8,-6,2,0,0,0,0,0,0,0,0,0,0,0,0,0,0,0,0,0,0,-5,-1,-21,-2,-22,-2,-24,-3,-26,-3,-27,-4,-27,-4,-25,-4,-23,-5,-21,-7,-17,-9,-13,-11,-9,-13,-4,-15,-1,-18,2,-21,4,-24,5,-26,5,-29,5,-30,4,-31,2,-31,0,-31,-3,-29,-5,-25,-7,-21,-8,-18]"
CSI_DATA,225283,d8:b1:90:db:e8:90,-51,11,1,6,0,0,1,0,0,0,1,-96,0,4,0,-811749045,0,100,0,128,1,"[100,-64,5,0,10,-1,11,-7,11,-13,10,-19,9,-23,7,-26,6,-29,4,-30,2,-31,1,-30,0,-29,0,-27,2,-24,4,-22,7,-19,10,-16,12,-13,15,-10,18,-8,21,-6,23,-5,24,-4,25,-4,24,-3,24,-3,6,-1,0,0,0,0,0,0,0,0,0,0,0,0,0,0,0,0,0,0,4,1,18,7,19,8,21,9,22,10,23,11,23,11,22,11,20,11,17,12,13,12,8,13,4,14,-1,15,-5,16,-9,18,-12,20,-14,22,-15,24,-15,26,-14,28,-12,29,-10,28,-6,27,-3,25,0,21,2,18]"
CSI_DATA,225284,d8:b1:90:db:e8:90,-51,11,1,6,0,0,1,0,0,0,1,-96,0,4,0,-811723101,0,100,0,128,1,"[100,-64,5,0,-4,9,1,13,6,15,11,17,15,18,19,18,22,17,24,16,25,15,25,14,24,12,22,12,20,12,17,13,13,14,9,15,6,17,2,18,-1,20,-4,21,-6,22,-8,23,-9,23,-8,23,-8,23,-2,5,0,0,0,0,0,0,0,0,0,0,0,0,0,0,0,0,0,0,-4,2,-17,11,-18,12,-20,14,-21,14,-22,15,-22,14,-22,13,-21,11,-19,9,-18,5,-17,0,-15,-4,-14,-9,-13,-13,-13,-17,-13,-21,-14,-24,-16,-25,-18,-26,-19,-26,-21,-24,-22,-22,-22,-19,-21,-15,-19,-11,-18,-7]"
CSI_DATA,225285,d8:b1:90:db:e8:90,-51,11,1,6,0,0,1,0,0,0,1,-96,0,4,0,-811711848,0,100,0,128,1,"[100,-64,5,0,10,7,14,2,18,-2,22,-7,24,-11,25,-16,26,-19,25,-21,24,-22,23,-23,22,-22,21,-20,20,-17,19,-13,19,-9,18,-4,19,1,19,5,19,9,19,13,20,15,20,17,19,19,19,19,18,19,4,4,0,0,0,0,0,0,0,0,0,0,0,0,0,0,0,0,0,0,3,3,14,15,15,18,16,20,17,21,17,22,17,22,15,21,13,21,10,19,6,18,1,16,-4,15,-9,13,-14,12,-19,11,-23,11,-26,12,-28,13,-30,15,-30,17,-29,19,-27,20,-24,21,-19,21,-14,20,-10,18]"
CSI_DATA,225286,d8:b1:90:db:e8:90,-51,11,1,6,0,0,1,0,0,0,1,-96,0,4,0,-811698603,0,100,0,128,1,"[100,-64,5,0,7,-4,6,-10,4,-15,2,-20,-1,-24,-4,-26,-6,-28,-8,-28,-10,-28,-11,-27,-11,-26,-10,-24,-9,-23,-6,-21,-2,-20,1,-18,5,-17,8,-16,12,-15,15,-15,17,-15,18,-16,18,-17,18,-16,18,-15,4,-4,0,0,0,0,0,0,0,0,0,0,0,0,0,0,0,0,0,0,4,1,18,5,20,6,21,7,22,7,23,8,23,8,22,8,20,9,17,9,14,10,10,12,6,13,2,15,-2,17,-5,19,-7,22,-8,24,-8,26,-8,28,-7,29,-5,29,-2,28,0,26,2,23,4,19,6,16]"
CSI_DATA,225287,d8:b1:90:db:e8:90,-51,11,1,6,0,0,1,0,0,0,1,-96,0,4,0,-811688128,0,100,0,128,1,"[100,-64,5,0,6,4,11,1,16,-3,19,-7,21,-12,22,-16,23,-19,22,-21,21,-23,19,-24,17,-23,16,-21,16,-19,16,-15,16,-11,17,-7,17,-3,18,1,19,5,20,7,21,9,22,11,22,12,22,12,21,12,5,3,0,0,0,0,0,0,0,0,0,0,0,0,0,0,0,0,0,0,1,4,4,19,4,22,4,24,4,25,4,26,3,26,2,25,1,24,-1,21,-3,18,-6,15,-10,12,-13,9,-17,6,-21,4,-24,3,-27,3,-30,4,-31,5,-32,7,-31,9,-30,11,-26,12,-22,13,-17,13,-14,12]"
CSI_DATA,225288,d8:b1:90:db:e8:90,-51,11,1,6,0,0,1,0,0,0,1,-96,0,4,0,-811677746,0,100,0,128,1,"[100,-64,5,0,3,9,9,8,15,6,20,4,24,2,26,-1,28,-3,29,-5,29,-7,28,-8,26,-8,25,-7,23,-5,21,-3,19,1,17,4,15,8,14,12,12,15,11,18,10,20,10,22,9,22,9,23,9,23,2,5,0,0,0,0,0,0,0,0,0,0,0,0,0,0,0,0,0,0,-1,4,-1,19,-2,21,-2,23,-2,25,-2,26,-3,25,-4,24,-5,22,-6,20,-8,16,-10,12,-13,8,-15,4,-18,1,-21,-2,-24,-5,-26,-6,-29,-6,-31,-5,-32,-4,-32,-2,-31,0,-29,3,-25,5,-21,7,-17,7]"
CSI_DATA,225289,d8:b1:90:db:e8:90,-51,11,1,7,0,0,1,0,0,0,1,-96,0,4,0,-811665165,0,100,0,128,1,"[100,-64,5,0,-29,-6,-29,-6,-29,-5,-28,-5,-28,-5,-28,-4,-27,-4,-27,-4,-27,-4,-27,-4,-27,-3,-26,-3,-26,-3,-25,-3,-25,-4,-25,-4,-25,-4,-24,-4,-24,-4,-23,-4,-23,-4,-23,-5,-22,-6,-22,-6,-21,-7,-6,-2,0,0,0,0,0,0,0,0,0,0,0,0,0,0,0,0,0,0,-6,-1,-22,-2,-22,-3,-22,-5,-22,-5,-23,-6,-23,-6,-24,-6,-24,-7,-24,-7,-25,-8,-25,-9,-25,-9,-25,-9,-26,-9,-26,-9,-26,-8,-26,-8,-26,-8,-27,-8,-27,-8,-28,-7,-28,-7,-28,-7,-28,-7,-29,-6,-30,-6]"
CSI_DATA,225290,d8:b1:90:db:e8:90,-51,11,1,7,0,0,1,0,0,0,1,-96,0,4,0,-811648039,0,100,0,128,1,"[100,-64,5,0,-14,24,-13,23,-13,23,-12,23,-12,23,-11,22,-11,22,-11,22,-10,22,-10,22,-10,22,-10,21,-10,21,-10,21,-9,21,-9,21,-9,21,-9,20,-9,20,-9,19,-10,19,-10,18,-10,18,-11,17,-11,17,-3,4,0,0,0,0,0,0,0,0,0,0,0,0,0,0,0,0,0,0,-3,4,-9,18,-10,17,-11,17,-12,17,-12,17,-13,17,-13,18,-14,18,-14,18,-15,18,-15,19,-16,19,-15,19,-15,19,-15,19,-15,19,-15,19,-15,20,-15,20,-15,21,-14,22,-14,22,-14,22,-14,22,-14,23,-14,24]"
CSI_DATA,225291,d8:b1:90:db:e8:90,-51,11,1,7,0,0,1,0,0,0,1,-96,0,4,0,-811637635,0,100,0,128,1,"[100,-64,5,0,21,-13,21,-13,21,-13,22,-13,21,-14,20,-14,20,-14,19,-14,18,-14,18,-15,18,-14,18,-14,18,-14,18,-14,18,-14,18,-14,18,-13,18,-13,17,-13,17,-12,16,-11,16,-11,16,-10,17,-10,17,-9,4,-2,0,0,0,0,0,0,0,0,0,0,0,0,0,0,0,0,0,0,3,-3,15,-12,16,-12,16,-11,17,-11,17,-10,18,-10,18,-10,19,-10,19,-10,19,-10,20,-10,20,-10,20,-10,20,-10,21,-10,21,-10,20,-11,21,-11,22,-11,22,-11,22,-12,22,-12,21,-12,21,-13,21,-13,22,-14]"
CSI_DATA,225292,d8:b1:90:db:e8:90,-51,11,1,7,0,0,1,0,0,0,1,-96,0,4,0,-811618527,0,100,0,128,1,"[100,-64,5,0,-27,-3,-27,-3,-26,-2,-26,-2,-26,-2,-26,-1,-25,0,-25,0,-24,1,-24,1,-24,1,-24,2,-24,2,-23,2,-23,1,-23,1,-23,1,-22,0,-22,0,-22,0,-21,-1,-21,-1,-21,-1,-20,-2,-20,-3,-5,-1,0,0,0,0,0,0,0,0,0,0,0,0,0,0,0,0,0,0,-6,0,-21,-1,-21,-2,-20,-4,-20,-5,-21,-5,-21,-6,-22,-6,-22,-7,-23,-7,-23,-7,-23,-8,-23,-8,-23,-8,-23,-8,-24,-7,-24,-7,-24,-7,-24,-6,-25,-6,-25,-6,-26,-5,-26,-4,-26,-4,-26,-4,-27,-4,-27,-3]"
CSI_DATA,225293,d8:b1:90:db:e8:90,-51,11,1,7,0,0,1,0,0,0,1,-96,0,4,0,-811606112,0,100,0,128,1,"[100,-64,5,0,-24,-14,-24,-14,-23,-13,-23,-13,-23,-13,-23,-12,-23,-11,-23,-11,-22,-11,-22,-10,-23,-10,-22,-9,-22,-9,-22,-9,-22,-9,-21,-10,-21,-10,-20,-10,-20,-10,-19,-11,-19,-11,-18,-11,-18,-11,-17,-12,-17,-12,-5,-3,0,0,0,0,0,0,0,0,0,0,0,0,0,0,0,0,0,0,-5,-2,-19,-8,-18,-9,-18,-11,-18,-12,-18,-12,-18,-13,-18,-14,-18,-14,-18,-15,-18,-16,-18,-16,-18,-16,-18,-16,-19,-16,-19,-16,-19,-16,-19,-16,-20,-16,-20,-16,-21,-15,-21,-15,-22,-15,-22,-15,-23,-15,-23,-15,-23,-14]"
CSI_DATA,225294,d8:b1:90:db:e8:90,-51,11,1,7,0,0,1,0,0,0,1,-96,0,4,0,-811593337,0,100,0,128,1,"[100,-64,5,0,4,-27,4,-27,4,-26,4,-26,3,-26,3,-25,2,-25,2,-25,1,-25,1,-25,0,-24,0,-24,0,-24,0,-24,1,-23,1,-23,2,-23,2,-23,2,-23,2,-22,3,-21,3,-21,3,-21,4,-22,5,-23,1,-6,0,0,0,0,0,0,0,0,0,0,0,0,0,0,0,0,0,0,0,-5,1,-20,2,-20,3,-20,4,-20,5,-21,6,-21,7,-21,7,-22,8,-22,8,-22,8,-22,9,-23,8,-23,8,-23,8,-23,8,-23,8,-23,7,-23,7,-24,6,-25,6,-25,6,-25,6,-26,5,-26,5,-26,5,-26]"
CSI_DATA,225295,d8:b1:90:db:e8:90,-52,11,1,7,0,0,1,0,0,0,1,-96,0,4,0,-811582747,0,100,0,128,1,"[100,-64,5,0,-25,-7,-25,-7,-25,-7,-25,-7,-24,-6,-24,-6,-24,-5,-24,-5,-24,-5,-24,-5,-24,-4,-24,-4,-24,-4,-23,-4,-23,-4,-23,-4,-22,-4,-22,-5,-21,-5,-21,-5,-20,-5,-20,-6,-19,-6,-19,-6,-19,-7,-5,-2,0,0,0,0,0,0,0,0,0,0,0,0,0,0,0,0,0,0,-5,-1,-20,-3,-19,-5,-19,-6,-19,-7,-19,-8,-19,-8,-20,-9,-20,-9,-20,-10,-20,-10,-21,-10,-21,-11,-21,-11,-21,-11,-22,-11,-22,-11,-22,-10,-22,-10,-22,-9,-22,-9,-23,-9,-23,-8,-23,-8,-24,-8,-25,-8,-25,-8]"
CSI_DATA,225296,d8:b1:90:db:e8:90,-52,11,1,5,0,0,1,0,1,0,0,-96,0,4,0,-811570025,0,100,0,128,1,"[100,-64,5,0,6,-6,4,-10,2,-14,-1,-18,-4,-20,-6,-22,-9,-23,-10,-23,-12,-23,-12,-22,-12,-21,-11,-19,-9,-18,-6,-17,-3,-16,1,-15,4,-14,7,-13,10,-12,13,-12,15,-12,16,-11,17,-11,17,-11,17,-10,4,-3,0,0,0,0,0,0,0,0,0,0,0,0,0,0,0,0,0,0,3,-2,14,-7,16,-7,17,-7,18,-8,19,-7,19,-7,18,-6,17,-5,16,-3,14,-1,11,2,9,6,7,9,5,12,3,15,2,18,2,21,3,23,4,24,5,24,6,24,8,23,9,21,10,18,10,14,10,11]"
CSI_DATA,225297,d8:b1:90:db:e8:90,-52,11,1,5,0,0,1,0,1,0,0,-96,0,4,0,-811553258,0,100,0,128,1,"[100,-64,5,0,-8,1,-8,6,-8,11,-7,15,-5,19,-3,21,-2,23,0,24,1,24,2,24,3,23,2,21,1,19,-1,18,-3,16,-6,14,-9,12,-12,11,-14,9,-16,8,-18,8,-19,7,-20,7,-20,7,-19,7,-5,1,0,0,0,0,0,0,0,0,0,0,0,0,0,0,0,0,0,0,-4,-2,-15,-8,-16,-9,-17,-10,-18,-11,-18,-12,-18,-12,-18,-12,-16,-12,-14,-12,-11,-12,-7,-12,-3,-13,0,-13,4,-15,7,-16,9,-18,11,-19,12,-21,12,-23,11,-24,9,-24,7,-24,4,-23,2,-21,-1,-18,-2,-15]"
CSI_DATA,225298,d8:b1:90:db:e8:90,-51,11,1,7,0,0,1,0,0,0,1,-96,0,4,0,-811542480,0,100,0,128,1,"[100,-64,5,0,19,17,19,16,19,16,19,15,19,15,19,14,19,14,19,13,19,13,19,12,19,12,20,12,20,11,19,11,19,11,19,11,18,11,18,12,18,12,17,12,17,12,17,12,16,12,14,13,14,14,3,3,0,0,0,0,0,0,0,0,0,0,0,0,0,0,0,0,0,0,3,2,15,11,14,12,14,13,13,14,13,14,14,14,14,15,14,15,14,16,14,16,14,17,14,17,14,18,14,18,14,17,14,17,15,17,15,17,16,17,17,17,17,17,18,17,18,17,19,17,19,17,19,17]"
CSI_DATA,225299,d8:b1:90:db:e8:90,-51,11,1,7,0,0,1,0,0,0,1,-96,0,4,0,-811519978,0,100,0,128,1,"[100,-64,5,0,-23,-16,-23,-15,-23,-15,-23,-14,-23,-14,-23,-13,-22,-13,-22,-12,-22,-12,-22,-12,-22,-11,-22,-11,-22,-11,-22,-11,-22,-11,-21,-11,-21,-11,-20,-11,-20,-11,-19,-11,-19,-11,-18,-12,-18,-12,-17,-13,-16,-14,-4,-4,0,0,0,0,0,0,0,0,0,0,0,0,0,0,0,0,0,0,-5,-3,-19,-9,-18,-10,-17,-12,-17,-13,-17,-13,-17,-14,-17,-14,-17,-15,-17,-16,-17,-16,-17,-17,-17,-17,-17,-17,-17,-17,-18,-17,-18,-16,-19,-16,-19,-16,-20,-16,-20,-15,-21,-15,-21,-15,-21,-15,-22,-15,-22,-15,-23,-15]"
CSI_DATA,225300,d8:b1:90:db:e8:90,-51,11,1,7,0,0,1,0,0,0,1,-96,0,4,0,-811508106,0,100,0,128,1,"[100,-64,5,0,-21,17,-21,17,-20,17,-20,17,-19,17,-19,17,-18,17,-18,16,-17,16,-17,16,-16,16,-17,16,-17,16,-16,16,-16,16,-16,16,-16,15,-16,15,-16,14,-16,13,-16,13,-16,12,-16,12,-16,11,-16,11,-4,2,0,0,0,0,0,0,0,0,0,0,0,0,0,0,0,0,0,0,-4,3,-15,14,-15,13,-16,12,-16,12,-17,12,-18,11,-18,11,-19,11,-19,11,-20,11,-21,11,-21,11,-21,11,-21,11,-21,11,-21,11,-21,12,-20,12,-21,13,-21,13,-21,14,-21,15,-21,15,-21,16,-21,16,-21,16]"
CSI_DATA,225301,d8:b1:90:db:e8:90,-51,11,1,7,0,0,1,0,0,0,1,-96,0,4,0,-811495995,0,100,0,128,1,"[100,-64,5,0,-29,-8,-29,-8,-29,-8,-29,-7,-29,-6,-28,-6,-28,-5,-27,-5,-26,-5,-26,-4,-26,-4,-26,-4,-26,-4,-26,-4,-26,-4,-26,-4,-26,-4,-25,-4,-24,-4,-23,-3,-22,-3,-21,-4,-22,-5,-22,-7,-22,-10,-6,-3,0,0,0,0,0,0,0,0,0,0,0,0,0,0,0,0,0,0,-6,-2,-22,-6,-22,-8,-21,-9,-21,-9,-21,-10,-21,-11,-21,-11,-21,-12,-22,-12,-22,-13,-23,-14,-23,-14,-23,-14,-23,-14,-23,-14,-23,-13,-24,-13,-24,-12,-25,-12,-26,-11,-26,-11,-27,-10,-27,-10,-28,-9,-28,-9,-29,-9]"
CSI_DATA,225302,d8:b1:90:db:e8:90,-51,11,1,7,0,0,1,0,0,0,1,-96,0,4,0,-811484014,0,100,0,128,1,"[100,-64,5,0,-1,-27,-1,-27,-1,-26,-2,-26,-3,-26,-3,-25,-3,-25,-4,-25,-4,-24,-5,-24,-5,-24,-5,-24,-5,-24,-5,-24,-5,-24,-5,-24,-5,-23,-4,-23,-4,-22,-3,-22,-3,-21,-2,-21,-2,-21,-1,-21,-1,-21,0,-6,0,0,0,0,0,0,0,0,0,0,0,0,0,0,0,0,0,0,-1,-5,-2,-20,-1,-20,0,-21,0,-21,1,-22,1,-22,2,-22,2,-22,2,-22,3,-23,3,-23,3,-23,3,-24,3,-24,3,-24,3,-24,3,-25,2,-25,2,-25,1,-25,0,-25,0,-26,0,-26,0,-26,0,-26,0,-27]"
CSI_DATA,225303,d8:b1:90:db:e8:90,-51,11,1,7,0,0,1,0,0,0,1,-96,0,4,0,-811470419,0,100,0,128,1,"[100,-64,5,0,-30,0,-30,0,-29,0,-29,1,-28,1,-28,2,-27,2,-27,3,-27,3,-27,3,-27,4,-27,4,-27,4,-27,4,-27,4,-27,3,-26,3,-25,2,-25,2,-24,1,-24,1,-23,0,-23,0,-23,-1,-23,-1,-6,-1,0,0,0,0,0,0,0,0,0,0,0,0,0,0,0,0,0,0,-6,0,-22,2,-22,1,-23,0,-23,-1,-24,-1,-24,-1,-25,-2,-25,-2,-25,-3,-26,-3,-26,-3,-26,-4,-27,-4,-27,-4,-27,-4,-27,-4,-27,-3,-27,-3,-28,-2,-28,-2,-28,-1,-29,-1,-29,-1,-29,0,-29,0,-29,0]"
CSI_DATA,225304,d8:b1:90:db:e8:90,-51,11,1,7,0,0,1,0,0,0,1,-96,0,4,0,-811459718,0,100,0,128,1,"[100,-64,5,0,1,-27,1,-27,1,-26,0,-26,0,-26,-1,-25,-1,-25,-2,-25,-2,-25,-2,-25,-2,-24,-3,-24,-3,-24,-3,-24,-2,-24,-2,-24,-1,-24,-1,-23,-1,-23,-1,-23,0,-22,0,-22,1,-21,2,-20,3,-20,0,-5,0,0,0,0,0,0,0,0,0,0,0,0,0,0,0,0,0,0,0,-5,0,-20,1,-20,2,-21,2,-21,3,-21,3,-22,3,-22,4,-22,4,-22,5,-23,5,-23,5,-23,5,-23,5,-24,5,-24,5,-24,5,-24,5,-24,4,-24,3,-25,3,-25,2,-26,2,-26,2,-26,2,-26,1,-27]"
CSI_DATA,225305,d8:b1:90:db:e8:90,-51,11,1,7,0,0,1,0,0,0,1,-96,0,4,0,-811444836,0,100,0,128,1,"[100,-64,5,0,-25,-17,-25,-17,-24,-17,-24,-16,-24,-15,-24,-15,-24,-14,-24,-14,-24,-13,-24,-13,-24,-12,-24,-12,-24,-12,-24,-12,-23,-12,-23,-13,-23,-13,-22,-13,-21,-13,-21,-14,-20,-14,-19,-14,-18,-14,-17,-15,-16,-16,-4,-4,0,0,0,0,0,0,0,0,0,0,0,0,0,0,0,0,0,0,-5,-3,-20,-11,-20,-12,-19,-14,-19,-15,-19,-15,-19,-15,-19,-16,-19,-16,-19,-17,-19,-18,-20,-18,-20,-18,-20,-18,-20,-19,-20,-19,-20,-19,-21,-19,-21,-19,-21,-19,-22,-18,-22,-18,-23,-18,-23,-17,-24,-17,-24,-17,-25,-17]"
CSI_DATA,225306,d8:b1:90:db:e8:90,-51,11,1,7,0,0,1,0,0,0,1,-96,0,4,0,-811416382,0,100,0,128,1,"[100,-64,5,0,-2,-27,-2,-26,-2,-26,-2,-25,-3,-25,-3,-25,-3,-24,-4,-24,-4,-24,-5,-23,-5,-23,-5,-23,-5,-23,-4,-23,-4,-23,-4,-22,-3,-22,-3,-22,-2,-22,-2,-21,-1,-21,-1,-21,-1,-20,0,-20,1,-21,0,-6,0,0,0,0,0,0,0,0,0,0,0,0,0,0,0,0,0,0,-1,-5,-2,-20,-1,-20,-1,-20,0,-21,0,-21,1,-21,2,-21,2,-22,2,-22,2,-23,2,-23,2,-23,2,-24,2,-23,2,-23,2,-23,1,-24,1,-24,1,-24,0,-24,0,-24,-1,-24,-1,-25,-2,-25,-2,-26,-2,-26]"
CSI_DATA,225307,d8:b1:90:db:e8:90,-51,11,1,7,0,0,1,0,0,0,1,-96,0,4,0,-811403595,0,100,0,128,1,"[100,-64,5,0,-1,29,0,28,0,28,1,28,1,28,2,27,2,27,2,26,2,26,3,26,4,26,4,26,4,26,3,26,3,25,3,25,3,24,3,24,2,24,2,23,1,23,1,23,0,22,-1,22,-2,22,-1,5,0,0,0,0,0,0,0,0,0,0,0,0,0,0,0,0,0,0,0,5,2,22,1,22,-1,22,-2,22,-2,22,-3,23,-4,24,-4,24,-4,25,-5,25,-5,25,-5,25,-5,26,-5,26,-5,26,-5,26,-5,26,-4,26,-3,27,-2,27,-2,27,-2,28,-1,28,-1,28,-1,28,-1,29]"
CSI_DATA,225308,d8:b1:90:db:e8:90,-51,11,1,7,0,0,1,0,0,0,1,-96,0,4,0,-811391101,0,100,0,128,1,"[100,-64,5,0,22,12,22,12,22,12,23,11,22,11,22,10,22,10,22,10,22,9,22,9,22,9,22,8,22,8,22,8,22,8,21,8,20,8,19,8,19,9,19,9,19,8,18,8,18,9,16,10,15,10,3,2,0,0,0,0,0,0,0,0,0,0,0,0,0,0,0,0,0,0,4,1,18,7,17,8,17,9,16,10,16,10,17,11,17,12,18,13,18,13,18,14,18,14,17,15,17,15,18,15,18,15,18,14,18,14,19,14,20,13,20,13,21,13,21,12,21,12,21,13,22,13,22,13]"
CSI_DATA,225309,d8:b1:90:db:e8:90,-51,11,1,7,0,0,1,0,0,0,1,-96,0,4,0,-811380545,0,100,0,128,1,"[100,-64,5,0,24,9,24,8,24,8,24,7,23,7,23,6,23,6,23,5,22,5,23,4,23,4,23,4,23,3,23,3,22,3,22,3,22,4,21,4,21,4,20,4,20,5,19,5,19,5,18,6,17,6,4,1,0,0,0,0,0,0,0,0,0,0,0,0,0,0,0,0,0,0,4,0,19,3,19,3,18,5,18,5,18,6,19,6,20,7,20,8,20,8,20,9,20,9,20,10,20,10,20,10,20,10,20,10,20,9,21,9,21,9,22,8,22,8,23,8,23,8,23,8,24,9,24,8]"
CSI_DATA,225310,d8:b1:90:db:e8:90,-52,11,1,7,0,0,1,0,0,0,1,-96,0,4,0,-811369496,0,100,0,128,1,"[100,-64,5,0,18,22,18,21,18,21,18,20,18,20,18,19,18,18,18,18,18,17,18,16,19,16,19,16,19,16,19,16,18,16,18,16,18,16,17,16,16,15,16,15,15,15,14,15,14,15,13,16,12,16,3,4,0,0,0,0,0,0,0,0,0,0,0,0,0,0,0,0,0,0,3,3,15,15,14,15,14,16,13,16,13,17,13,18,12,19,12,20,12,20,13,21,12,21,12,21,13,22,13,22,12,22,12,22,13,22,14,22,14,22,14,21,15,21,15,21,16,21,16,22,17,22,17,22]"
CSI_DATA,225311,d8:b1:90:db:e8:90,-51,11,1,7,0,0,1,0,0,0,1,-96,0,4,0,-811348730,0,100,0,128,1,"[100,-64,5,0,8,22,8,22,8,21,8,21,8,20,9,20,9,20,9,19,10,19,10,19,10,19,10,19,10,19,10,19,10,19,10,18,9,18,9,18,8,18,8,17,7,17,7,17,6,17,5,17,4,17,1,4,0,0,0,0,0,0,0,0,0,0,0,0,0,0,0,0,0,0,1,3,7,15,6,16,6,16,5,17,5,17,5,18,4,18,4,18,4,19,4,20,4,20,3,20,3,20,4,21,4,21,4,21,5,21,5,21,5,21,5,21,6,22,6,22,7,22,7,22,7,23,8,23]"
CSI_DATA,225312,d8:b1:90:db:e8:90,-51,11,1,7,0,0,1,0,0,0,1,-96,0,4,0,-811333902,0,100,0,128,1,"[100,-64,5,0,15,-18,15,-18,15,-18,15,-18,14,-18,14,-18,13,-18,13,-18,12,-19,12,-19,12,-18,12,-18,12,-18,12,-18,12,-18,12,-18,12,-17,12,-17,12,-16,12,-16,12,-15,12,-14,12,-14,13,-13,13,-13,3,-3,0,0,0,0,0,0,0,0,0,0,0,0,0,0,0,0,0,0,2,-4,10,-15,10,-14,11,-14,12,-14,12,-14,13,-14,14,-14,14,-14,15,-14,15,-14,16,-14,16,-14,16,-14,16,-14,16,-14,16,-15,16,-15,16,-15,16,-15,16,-16,16,-16,16,-17,16,-17,16,-17,16,-18,17,-18]"
CSI_DATA,225313,d8:b1:90:db:e8:90,-51,11,1,7,0,0,1,0,0,0,1,-96,0,4,0,-811301366,0,100,0,128,1,"[100,-64,5,0,-11,23,-11,22,-11,22,-10,22,-10,22,-9,22,-9,22,-8,22,-7,22,-7,22,-7,22,-7,22,-7,22,-7,22,-8,21,-8,21,-8,21,-9,21,-9,21,-9,20,-8,18,-8,19,-9,19,-11,17,-12,17,-3,4,0,0,0,0,0,0,0,0,0,0,0,0,0,0,0,0,0,0,-2,4,-7,18,-8,17,-9,17,-10,17,-11,17,-12,17,-12,17,-13,17,-13,18,-14,18,-14,18,-14,18,-14,18,-14,18,-14,18,-13,18,-13,19,-13,19,-13,20,-13,21,-13,21,-13,22,-12,22,-12,23,-12,23,-12,23]"
CSI_DATA,225314,d8:b1:90:db:e8:90,-51,11,1,7,0,0,1,0,0,0,1,-96,0,4,0,-811289348,0,100,0,128,1,"[100,-64,5,0,-15,20,-14,20,-14,20,-14,20,-13,20,-13,20,-12,20,-12,20,-11,20,-10,20,-10,20,-11,20,-11,20,-11,20,-11,20,-11,20,-11,19,-11,19,-11,18,-11,17,-11,16,-11,16,-12,16,-13,16,-13,15,-4,3,0,0,0,0,0,0,0,0,0,0,0,0,0,0,0,0,0,0,-3,4,-10,16,-11,16,-12,16,-13,15,-13,15,-14,15,-14,15,-15,16,-16,16,-16,16,-16,16,-16,16,-16,16,-16,16,-16,16,-16,16,-16,17,-16,17,-16,18,-16,19,-16,19,-16,20,-15,21,-15,21,-15,21,-15,22]"
CSI_DATA,225315,d8:b1:90:db:e8:90,-51,11,1,7,0,0,1,0,0,0,1,-96,0,4,0,-811277804,0,100,0,128,1,"[100,-64,5,0,-15,-20,-15,-20,-15,-19,-15,-19,-15,-18,-15,-18,-15,-17,-15,-17,-15,-16,-16,-16,-16,-16,-16,-16,-17,-15,-17,-15,-16,-15,-16,-15,-15,-15,-15,-14,-14,-15,-13,-15,-13,-15,-12,-15,-12,-15,-10,-16,-9,-17,-3,-5,0,0,0,0,0,0,0,0,0,0,0,0,0,0,0,0,0,0,-3,-4,-11,-15,-11,-15,-10,-16,-10,-17,-10,-17,-9,-17,-9,-18,-10,-18,-10,-18,-9,-19,-9,-20,-9,-20,-9,-20,-10,-20,-10,-20,-11,-19,-11,-19,-11,-19,-11,-19,-12,-19,-13,-20,-13,-19,-14,-19,-14,-19,-14,-20,-15,-20]"
CSI_DATA,225316,d8:b1:90:db:e8:90,-51,11,1,7,0,0,1,0,0,0,1,-96,0,4,0,-811267201,0,100,0,128,1,"[100,-64,5,0,-16,-23,-16,-22,-16,-22,-16,-21,-17,-21,-17,-20,-17,-20,-17,-19,-17,-18,-18,-18,-18,-17,-17,-17,-17,-17,-16,-17,-16,-17,-17,-18,-16,-18,-16,-17,-15,-17,-14,-17,-14,-16,-13,-16,-13,-16,-12,-17,-11,-18,-3,-5,0,0,0,0,0,0,0,0,0,0,0,0,0,0,0,0,0,0,-4,-4,-12,-15,-12,-16,-11,-17,-11,-18,-10,-19,-10,-19,-10,-20,-10,-21,-10,-21,-10,-22,-9,-22,-9,-22,-10,-22,-10,-23,-10,-22,-10,-22,-10,-22,-11,-22,-12,-22,-13,-22,-13,-22,-14,-22,-15,-22,-16,-22,-16,-23,-16,-23]"
CSI_DATA,225317,d8:b1:90:db:e8:90,-51,11,1,7,0,0,1,0,0,0,1,-96,0,4,0,-811256831,0,100,0,128,1,"[100,-64,5,0,-21,18,-21,18,-20,18,-20,18,-19,18,-19,18,-18,18,-17,18,-17,19,-16,19,-16,18,-16,18,-16,18,-16,17,-16,17,-16,17,-16,17,-16,17,-16,16,-16,15,-16,14,-16,14,-16,14,-16,13,-16,12,-5,3,0,0,0,0,0,0,0,0,0,0,0,0,0,0,0,0,0,0,-4,3,-14,13,-15,13,-16,13,-16,12,-17,12,-18,12,-19,12,-20,12,-20,12,-21,12,-21,12,-21,12,-22,12,-21,12,-21,11,-21,12,-21,12,-21,13,-21,14,-21,15,-21,15,-21,16,-21,17,-21,17,-21,18,-21,18]"
CSI_DATA,225318,d8:b1:90:db:e8:90,-51,11,1,7,0,0,1,0,0,0,1,-96,0,4,0,-811246483,0,100,0,128,1,"[100,-64,5,0,-20,-19,-20,-18,-20,-18,-21,-17,-20,-16,-20,-16,-20,-15,-20,-15,-20,-14,-21,-13,-21,-13,-20,-13,-20,-13,-20,-13,-20,-13,-20,-13,-20,-13,-19,-13,-18,-13,-18,-13,-17,-13,-17,-13,-16,-13,-15,-14,-15,-14,-4,-4,0,0,0,0,0,0,0,0,0,0,0,0,0,0,0,0,0,0,-4,-4,-15,-13,-15,-14,-14,-15,-14,-16,-14,-16,-14,-17,-14,-18,-14,-19,-13,-19,-14,-20,-14,-20,-14,-20,-14,-20,-14,-20,-14,-20,-14,-19,-14,-19,-15,-19,-16,-19,-17,-19,-17,-19,-18,-19,-19,-19,-20,-19,-20,-19,-20,-19]"
CSI_DATA,225319,d8:b1:90:db:e8:90,-51,11,1,7,0,0,1,0,0,0,1,-96,0,4,0,-811229420,0,100,0,128,1,"[100,-64,5,0,19,-15,18,-15,18,-15,18,-14,17,-14,17,-14,16,-15,16,-15,16,-15,15,-15,15,-15,15,-15,15,-15,14,-15,14,-15,15,-15,14,-15,14,-14,14,-14,15,-13,15,-12,15,-12,15,-11,15,-10,15,-10,3,-3,0,0,0,0,0,0,0,0,0,0,0,0,0,0,0,0,0,0,3,-4,13,-12,13,-12,14,-12,14,-11,15,-11,15,-11,16,-11,16,-11,17,-11,17,-11,17,-11,17,-10,17,-10,18,-10,18,-10,18,-10,18,-11,18,-12,18,-12,18,-13,18,-13,19,-14,19,-14,19,-14,19,-14,19,-14]"
CSI_DATA,225320,d8:b1:90:db:e8:90,-51,11,1,7,0,0,1,0,0,0,1,-96,0,4,0,-811206819,0,100,0,128,1,"[100,-64,5,0,-29,-9,-28,-9,-28,-9,-28,-8,-27,-8,-27,-7,-27,-6,-27,-6,-27,-5,-27,-5,-27,-5,-26,-5,-26,-5,-26,-5,-26,-5,-26,-6,-25,-6,-25,-6,-24,-7,-23,-7,-23,-8,-22,-8,-21,-8,-21,-9,-20,-10,-5,-3,0,0,0,0,0,0,0,0,0,0,0,0,0,0,0,0,0,0,-6,-2,-22,-6,-22,-7,-21,-9,-21,-9,-21,-10,-22,-10,-22,-10,-23,-11,-23,-11,-23,-12,-23,-13,-23,-13,-23,-13,-24,-13,-24,-13,-24,-13,-25,-12,-25,-12,-25,-11,-25,-10,-26,-10,-26,-10,-27,-9,-27,-9,-28,-9,-29,-9]"
CSI_DATA,225321,d8:b1:90:db:e8:90,-51,11,1,7,0,0,1,0,0,0,1,-96,0,4,0,-811190855,0,100,0,128,1,"[100,-64,5,0,22,-15,22,-15,21,-15,21,-15,20,-15,20,-15,19,-15,18,-16,18,-16,18,-16,18,-16,17,-16,17,-16,17,-16,18,-16,18,-15,18,-14,18,-14,18,-13,18,-13,18,-11,18,-10,19,-10,19,-10,19,-9,4,-3,0,0,0,0,0,0,0,0,0,0,0,0,0,0,0,0,0,0,4,-3,16,-12,16,-11,17,-11,18,-10,18,-10,19,-10,19,-10,20,-10,20,-10,21,-10,21,-10,21,-10,21,-10,21,-10,22,-10,22,-10,22,-11,22,-11,21,-12,21,-12,21,-13,21,-13,21,-14,21,-14,22,-15,22,-15]"
CSI_DATA,225322,d8:b1:90:db:e8:90,-51,11,1,7,0,0,1,0,0,0,1,-96,0,4,0,-811176999,0,100,0,128,1,"[100,-64,5,0,-22,-16,-22,-16,-22,-15,-22,-14,-22,-13,-22,-13,-22,-12,-22,-12,-22,-11,-22,-11,-23,-10,-23,-10,-22,-10,-22,-9,-22,-10,-22,-10,-21,-11,-20,-10,-20,-10,-19,-10,-19,-11,-19,-11,-18,-11,-17,-12,-16,-12,-4,-3,0,0,0,0,0,0,0,0,0,0,0,0,0,0,0,0,0,0,-5,-3,-18,-10,-17,-12,-16,-13,-16,-14,-16,-14,-16,-15,-16,-16,-16,-16,-16,-17,-16,-17,-16,-17,-15,-17,-16,-17,-16,-17,-17,-18,-17,-17,-18,-17,-18,-17,-19,-17,-19,-17,-20,-17,-20,-17,-21,-17,-21,-17,-21,-17,-21,-17]"
CSI_DATA,225323,d8:b1:90:db:e8:90,-52,11,1,7,0,0,1,0,0,0,1,-96,0,4,0,-811165889,0,100,0,128,1,"[100,-64,5,0,18,17,18,17,18,16,18,15,19,15,18,14,19,14,19,13,19,13,19,12,19,12,19,12,19,12,19,11,19,12,18,12,17,13,17,12,16,12,16,12,15,12,15,12,14,12,14,13,13,13,3,3,0,0,0,0,0,0,0,0,0,0,0,0,0,0,0,0,0,0,4,2,16,10,15,11,15,13,14,13,14,14,14,15,14,16,13,16,14,17,14,17,13,17,13,17,13,17,14,17,14,18,14,17,15,17,15,18,15,18,16,18,16,18,17,17,17,17,18,17,18,17,18,17]"
CSI_DATA,225324,d8:b1:90:db:e8:90,-51,11,1,7,0,0,1,0,0,0,1,-96,0,4,0,-811154862,0,100,0,128,1,"[100,-64,5,0,-3,-30,-3,-29,-3,-29,-3,-28,-4,-28,-4,-28,-5,-27,-5,-27,-5,-26,-6,-26,-6,-26,-6,-26,-7,-26,-7,-26,-6,-26,-6,-25,-5,-24,-5,-24,-5,-24,-4,-24,-4,-23,-3,-23,-2,-22,-1,-22,0,-22,0,-6,0,0,0,0,0,0,0,0,0,0,0,0,0,0,0,0,0,0,-1,-6,-3,-22,-2,-23,-1,-23,0,-23,1,-24,1,-24,1,-25,2,-26,2,-26,3,-26,3,-26,3,-26,3,-26,3,-27,3,-27,2,-27,2,-27,1,-27,0,-28,0,-28,-1,-29,-1,-29,-2,-29,-2,-29,-2,-30,-2,-30]"
CSI_DATA,225325,d8:b1:90:db:e8:90,-51,11,1,7,0,0,1,0,0,0,1,-96,0,4,0,-811142681,0,100,0,128,1,"[100,-64,5,0,-24,-4,-24,-4,-24,-4,-23,-3,-23,-2,-22,-2,-23,-1,-23,-1,-23,-1,-22,0,-23,0,-23,0,-23,0,-22,0,-22,0,-22,0,-22,1,-22,1,-21,0,-20,-1,-19,-1,-19,-2,-19,-3,-19,-3,-18,-3,-5,-1,0,0,0,0,0,0,0,0,0,0,0,0,0,0,0,0,0,0,-5,-1,-18,-2,-18,-3,-18,-4,-19,-4,-19,-5,-19,-5,-20,-5,-20,-5,-20,-6,-21,-7,-21,-7,-21,-7,-21,-7,-21,-8,-21,-7,-21,-7,-21,-7,-22,-6,-22,-6,-22,-5,-22,-5,-23,-5,-24,-5,-24,-5,-24,-5,-24,-5]"
CSI_DATA,225326,d8:b1:90:db:e8:90,-51,11,1,7,0,0,1,0,0,0,1,-96,0,4,0,-811106417,0,100,0,128,1,"[100,-64,5,0,-29,-1,-28,-1,-28,-1,-27,0,-27,0,-27,1,-26,1,-25,2,-25,2,-25,3,-25,3,-25,2,-25,2,-25,2,-25,2,-24,1,-24,1,-24,0,-23,-1,-22,-1,-22,-1,-21,-1,-21,-2,-21,-3,-20,-4,-5,-1,0,0,0,0,0,0,0,0,0,0,0,0,0,0,0,0,0,0,-6,0,-21,1,-21,0,-21,-1,-21,-2,-22,-2,-22,-3,-23,-3,-23,-4,-24,-4,-24,-5,-25,-5,-25,-5,-25,-5,-25,-5,-25,-5,-25,-4,-26,-4,-26,-3,-26,-3,-26,-2,-26,-2,-27,-1,-27,-1,-27,-1,-28,-1,-29,-1]"
CSI_DATA,225327,d8:b1:90:db:e8:90,-51,11,1,7,0,0,1,0,0,0,1,-96,0,4,0,-811091957,0,100,0,128,1,"[100,-64,5,0,19,-19,18,-19,18,-19,18,-19,17,-19,17,-19,16,-19,16,-19,16,-20,15,-20,15,-20,15,-19,14,-19,14,-19,14,-19,14,-19,14,-18,14,-18,14,-16,15,-15,14,-15,13,-16,13,-16,14,-15,15,-13,3,-4,0,0,0,0,0,0,0,0,0,0,0,0,0,0,0,0,0,0,2,-5,11,-16,12,-16,13,-15,13,-15,14,-15,15,-15,16,-15,16,-15,17,-15,17,-15,18,-15,18,-15,18,-15,18,-15,18,-15,18,-16,18,-16,18,-17,18,-17,17,-17,17,-18,18,-18,18,-19,18,-20,18,-20,18,-20]"
CSI_DATA,225328,d8:b1:90:db:e8:90,-52,11,1,7,0,0,1,0,0,0,1,-96,0,4,0,-811076329,0,100,0,128,1,"[100,-64,5,0,-12,-27,-12,-27,-12,-26,-12,-25,-12,-25,-13,-24,-13,-24,-14,-23,-14,-23,-14,-23,-15,-23,-15,-22,-15,-22,-14,-22,-14,-22,-13,-23,-13,-23,-13,-22,-12,-22,-12,-21,-11,-21,-10,-21,-9,-21,-9,-21,-8,-21,-2,-6,0,0,0,0,0,0,0,0,0,0,0,0,0,0,0,0,0,0,-3,-5,-9,-20,-9,-21,-8,-21,-8,-22,-7,-22,-7,-23,-7,-23,-7,-24,-7,-25,-6,-25,-6,-26,-6,-26,-6,-26,-6,-26,-5,-26,-5,-25,-6,-25,-7,-26,-8,-26,-8,-26,-9,-26,-10,-26,-10,-26,-11,-26,-11,-27,-11,-27]"
CSI_DATA,225329,d8:b1:90:db:e8:90,-52,11,1,7,0,0,1,0,0,0,1,-96,0,4,0,-811065876,0,100,0,128,1,"[100,-64,5,0,-19,22,-18,22,-18,22,-17,22,-16,22,-15,22,-15,22,-14,22,-13,22,-13,22,-13,22,-13,22,-13,22,-13,22,-13,22,-13,22,-13,21,-13,21,-13,20,-13,19,-14,18,-14,17,-14,17,-14,17,-15,16,-4,3,0,0,0,0,0,0,0,0,0,0,0,0,0,0,0,0,0,0,-4,4,-14,17,-15,16,-15,16,-16,16,-17,16,-17,16,-18,16,-19,17,-19,17,-19,17,-20,17,-20,17,-20,17,-20,17,-20,16,-20,15,-20,16,-20,17,-20,18,-19,19,-19,19,-19,20,-18,20,-18,21,-18,21,-19,22]"
CSI_DATA,225330,d8:b1:90:db:e8:90,-51,11,1,7,0,0,1,0,0,0,1,-96,0,4,0,-811054301,0,100,0,128,1,"[100,-64,5,0,-26,13,-26,13,-25,14,-25,14,-24,14,-24,15,-23,15,-22,15,-22,15,-21,16,-21,16,-21,16,-21,16,-21,16,-20,16,-20,15,-20,15,-20,14,-20,14,-20,13,-20,13,-20,12,-20,11,-20,10,-20,10,-5,2,0,0,0,0,0,0,0,0,0,0,0,0,0,0,0,0,0,0,-5,3,-18,13,-19,12,-19,11,-20,10,-21,10,-21,10,-22,10,-22,10,-23,10,-23,9,-24,9,-25,9,-25,9,-25,9,-25,9,-25,10,-25,11,-25,11,-25,11,-25,11,-25,12,-25,13,-25,13,-26,12,-27,12,-27,13]"
CSI_DATA,225331,d8:b1:90:db:e8:90,-51,11,1,7,0,0,1,0,0,0,1,-96,0,4,0,-811041228,0,100,0,128,1,"[100,-64,5,0,-12,26,-12,26,-11,26,-10,26,-10,26,-9,25,-9,25,-9,25,-9,25,-8,25,-8,25,-8,25,-8,25,-8,25,-8,24,-8,24,-8,23,-8,23,-8,22,-9,21,-9,21,-10,20,-10,19,-11,19,-12,18,-3,4,0,0,0,0,0,0,0,0,0,0,0,0,0,0,0,0,0,0,-2,5,-7,21,-8,20,-9,20,-9,20,-10,20,-11,20,-11,20,-11,21,-12,21,-13,22,-14,22,-14,22,-14,22,-14,22,-13,22,-13,23,-13,23,-13,23,-12,23,-12,24,-11,25,-12,25,-12,26,-12,26,-12,26,-11,26]"
CSI_DATA,225332,d8:b1:90:db:e8:90,-51,11,1,7,0,0,1,0,0,0,1,-96,0,4,0,-811007361,0,100,0,128,1,"[100,-64,5,0,25,8,25,8,25,7,25,7,24,6,24,6,24,5,24,5,23,4,23,4,23,4,23,4,22,4,22,4,22,4,22,4,21,4,21,4,20,5,20,5,19,5,19,5,19,6,19,7,18,8,4,2,0,0,0,0,0,0,0,0,0,0,0,0,0,0,0,0,0,0,4,0,19,3,19,4,19,5,19,6,19,7,19,7,20,8,20,8,20,9,21,9,21,10,21,10,21,10,21,10,21,10,22,10,22,9,22,9,22,9,22,9,23,8,23,8,23,8,24,8,25,8,25,8]"
CSI_DATA,225333,d8:b1:90:db:e8:90,-51,11,1,7,0,0,1,0,0,0,1,-96,0,4,0,-810996332,0,100,0,128,1,"[100,-64,5,0,-6,-26,-6,-26,-6,-26,-7,-25,-7,-25,-7,-25,-8,-24,-8,-24,-8,-24,-8,-24,-9,-23,-9,-23,-9,-23,-9,-23,-8,-23,-8,-22,-7,-22,-7,-22,-7,-21,-6,-21,-6,-21,-5,-20,-4,-20,-3,-20,-2,-20,-1,-5,0,0,0,0,0,0,0,0,0,0,0,0,0,0,0,0,0,0,-2,-5,-6,-19,-6,-20,-5,-20,-4,-21,-4,-21,-3,-22,-3,-22,-3,-22,-2,-23,-2,-23,-1,-23,-1,-23,-1,-24,-1,-24,-2,-24,-2,-24,-2,-24,-3,-25,-3,-25,-4,-25,-5,-25,-5,-26,-6,-26,-6,-26,-6,-26,-6,-27]"
CSI_DATA,225334,d8:b1:90:db:e8:90,-51,11,1,7,0,0,1,0,0,0,1,-96,0,4,0,-810984710,0,100,0,128,1,"[100,-64,5,0,10,-28,10,-28,10,-27,9,-27,9,-27,8,-27,7,-27,7,-27,6,-28,6,-27,5,-27,4,-27,4,-27,5,-26,5,-26,5,-26,6,-25,6,-25,6,-25,6,-25,7,-23,7,-22,7,-22,7,-22,9,-20,2,-5,0,0,0,0,0,0,0,0,0,0,0,0,0,0,0,0,0,0,1,-6,8,-21,8,-21,10,-21,10,-20,11,-21,12,-21,12,-21,13,-21,13,-21,14,-22,14,-21,14,-21,14,-21,14,-22,14,-22,13,-22,13,-23,13,-23,12,-24,12,-25,12,-25,11,-26,11,-26,11,-27,11,-27,11,-28]"
CSI_DATA,225335,d8:b1:90:db:e8:90,-51,11,1,7,0,0,1,0,0,0,1,-96,0,4,0,-810972323,0,100,0,128,1,"[100,-64,5,0,7,22,7,22,7,22,8,22,8,21,8,21,8,20,8,20,8,20,8,20,8,19,9,19,9,18,9,18,9,18,9,18,9,18,8,18,8,17,7,17,7,16,6,16,5,16,5,17,4,17,1,4,0,0,0,0,0,0,0,0,0,0,0,0,0,0,0,0,0,0,1,3,7,15,6,16,5,16,5,16,5,17,4,18,4,19,3,19,3,20,3,20,2,20,2,20,2,21,2,21,2,20,2,20,3,20,3,20,4,21,5,22,5,22,6,22,6,22,6,22,6,22,6,23]"
CSI_DATA,225336,d8:b1:90:db:e8:90,-51,11,1,7,0,0,1,0,0,0,1,-96,0,4,0,-810959768,0,100,0,128,1,"[100,-64,5,0,-26,8,-26,8,-25,9,-25,9,-25,10,-24,10,-24,10,-23,10,-22,11,-22,11,-22,11,-22,11,-22,11,-21,11,-22,11,-22,11,-22,10,-21,9,-21,9,-21,8,-21,7,-21,7,-20,7,-20,6,-20,5,-5,1,0,0,0,0,0,0,0,0,0,0,0,0,0,0,0,0,0,0,-5,2,-19,8,-19,7,-20,6,-20,6,-21,5,-21,5,-22,5,-23,4,-24,4,-24,4,-24,4,-24,4,-24,4,-24,4,-24,4,-25,4,-25,5,-25,5,-25,6,-25,6,-25,7,-25,7,-25,8,-26,8,-26,8,-26,9]"
CSI_DATA,225337,d8:b1:90:db:e8:90,-51,11,1,7,0,0,1,0,0,0,1,-96,0,4,0,-810948919,0,100,0,128,1,"[100,-64,5,0,24,10,24,9,24,9,25,9,25,8,25,8,24,7,24,6,23,6,23,5,23,5,23,5,23,5,23,5,23,6,23,6,23,6,22,7,21,7,21,7,20,7,20,8,19,8,18,9,18,10,4,2,0,0,0,0,0,0,0,0,0,0,0,0,0,0,0,0,0,0,4,1,19,5,19,6,18,7,18,8,19,8,19,9,19,10,20,11,20,11,20,11,20,11,20,11,20,12,21,12,21,12,21,11,21,11,21,11,22,11,22,10,23,10,23,10,24,10,24,10,24,10,25,9]"
CSI_DATA,225338,d8:b1:90:db:e8:90,-51,11,1,7,0,0,1,0,0,0,1,-96,0,4,0,-810934692,0,100,0,128,1,"[100,-64,5,0,19,18,19,18,19,17,19,17,19,16,19,15,19,15,18,15,18,15,18,14,19,14,19,14,19,14,18,14,18,14,18,14,17,14,17,14,16,14,16,14,15,14,14,14,14,14,13,14,12,15,3,3,0,0,0,0,0,0,0,0,0,0,0,0,0,0,0,0,0,0,3,3,15,12,14,13,14,13,13,14,13,15,13,15,13,16,13,17,13,17,14,18,14,18,14,18,14,18,14,18,14,18,14,18,15,18,15,18,16,18,16,18,17,18,17,18,18,18,19,18,19,18,19,18]"
CSI_DATA,225339,d8:b1:90:db:e8:90,-51,11,1,7,0,0,1,0,0,0,1,-96,0,4,0,-810905097,0,100,0,128,1,"[100,-64,5,0,19,14,19,14,19,13,18,13,18,12,18,12,18,11,18,11,18,11,19,10,19,10,19,9,18,9,18,9,18,10,18,10,17,10,17,11,16,11,16,10,16,10,15,11,14,11,14,11,13,12,3,3,0,0,0,0,0,0,0,0,0,0,0,0,0,0,0,0,0,0,3,2,15,9,14,10,14,11,14,11,14,12,14,13,14,13,14,14,14,14,14,14,14,15,14,15,14,15,14,15,15,15,15,15,15,15,15,15,16,15,16,14,17,14,17,14,18,14,18,15,18,15,19,14]"
CSI_DATA,225340,d8:b1:90:db:e8:90,-51,11,1,7,0,0,1,0,0,0,1,-96,0,4,0,-810892615,0,100,0,128,1,"[100,-64,5,0,-18,-20,-18,-20,-18,-19,-18,-19,-19,-19,-19,-18,-19,-17,-18,-17,-18,-17,-18,-16,-19,-16,-19,-15,-19,-15,-19,-15,-18,-15,-18,-15,-18,-16,-17,-15,-17,-15,-16,-15,-16,-15,-15,-15,-14,-16,-13,-17,-12,-17,-3,-5,0,0,0,0,0,0,0,0,0,0,0,0,0,0,0,0,0,0,-4,-4,-14,-15,-13,-16,-13,-16,-13,-17,-12,-18,-12,-18,-12,-18,-13,-19,-12,-19,-12,-20,-12,-20,-12,-20,-12,-21,-12,-21,-13,-20,-13,-20,-14,-20,-15,-20,-15,-20,-16,-20,-17,-20,-17,-20,-17,-20,-18,-20,-18,-20,-18,-20]"
CSI_DATA,225341,d8:b1:90:db:e8:90,-51,11,1,7,0,0,1,0,0,0,1,-96,0,4,0,-810877901,0,100,0,128,1,"[100,-64,5,0,-5,-26,-5,-26,-5,-25,-5,-25,-5,-25,-5,-25,-6,-24,-6,-24,-6,-23,-7,-23,-7,-23,-7,-22,-7,-22,-7,-22,-7,-22,-6,-22,-6,-22,-5,-22,-5,-21,-6,-21,-6,-21,-5,-20,-4,-19,-2,-19,0,-20,0,-5,0,0,0,0,0,0,0,0,0,0,0,0,0,0,0,0,0,0,-2,-5,-5,-19,-4,-20,-3,-20,-3,-21,-2,-21,-2,-21,-1,-22,-1,-22,-1,-22,-1,-23,0,-23,-1,-23,-1,-24,-1,-24,-1,-24,-1,-24,-2,-24,-2,-24,-2,-24,-3,-24,-4,-25,-4,-25,-4,-25,-5,-26,-5,-26,-5,-26]"
CSI_DATA,225342,d8:b1:90:db:e8:90,-52,11,1,7,0,0,1,0,0,0,1,-96,0,4,0,-810867242,0,100,0,128,1,"[100,-64,5,0,28,5,27,4,27,4,27,3,27,2,27,1,26,1,26,1,25,1,25,0,25,0,25,0,25,0,25,0,25,0,24,-1,23,-1,23,0,22,0,22,0,22,1,21,1,21,2,21,3,21,4,5,1,0,0,0,0,0,0,0,0,0,0,0,0,0,0,0,0,0,0,5,0,21,2,21,2,21,3,21,4,21,5,22,5,22,6,23,6,23,7,24,7,23,7,24,7,24,8,24,8,23,8,23,8,24,8,24,8,25,8,25,8,26,7,27,6,27,6,27,5,28,5,29,5]"
CSI_DATA,225343,d8:b1:90:db:e8:90,-51,11,1,7,0,0,1,0,0,0,1,-96,0,4,0,-810857155,0,100,0,128,1,"[100,-64,5,0,-22,14,-22,15,-21,15,-21,15,-21,15,-20,15,-19,15,-18,16,-18,16,-17,16,-17,16,-17,16,-17,16,-17,16,-17,16,-17,16,-18,16,-18,15,-17,15,-17,14,-16,13,-16,12,-16,12,-17,11,-17,10,-5,2,0,0,0,0,0,0,0,0,0,0,0,0,0,0,0,0,0,0,-4,3,-16,12,-16,12,-17,11,-18,11,-18,10,-20,10,-21,9,-21,9,-21,9,-22,9,-23,8,-23,8,-23,8,-23,8,-23,8,-23,8,-23,8,-23,9,-23,10,-23,10,-23,11,-23,12,-23,12,-24,13,-24,14,-23,14]"
CSI_DATA,225344,d8:b1:90:db:e8:90,-52,11,1,7,0,0,1,0,0,0,1,-96,0,4,0,-810843285,0,100,0,128,1,"[100,-64,5,0,-23,17,-22,17,-21,17,-21,17,-20,18,-20,18,-19,18,-18,19,-18,19,-17,19,-17,19,-17,19,-17,18,-17,18,-17,18,-17,19,-17,18,-17,18,-17,17,-17,16,-17,15,-17,14,-17,14,-18,13,-19,12,-5,2,0,0,0,0,0,0,0,0,0,0,0,0,0,0,0,0,0,0,-4,4,-15,15,-16,15,-17,14,-17,14,-18,13,-19,13,-20,13,-21,13,-22,12,-22,12,-23,12,-23,11,-23,11,-23,11,-24,11,-24,11,-24,12,-24,13,-24,13,-24,14,-23,15,-23,15,-23,16,-23,16,-24,17,-23,18]"
CSI_DATA,225345,d8:b1:90:db:e8:90,-51,11,1,7,0,0,1,0,0,0,1,-96,0,4,0,-810832795,0,100,0,128,1,"[100,-64,5,0,14,-23,14,-23,13,-22,13,-22,12,-22,12,-22,11,-22,11,-22,11,-22,10,-22,10,-22,10,-21,9,-21,9,-21,9,-21,9,-21,8,-21,8,-21,9,-20,9,-20,10,-19,10,-18,10,-18,11,-17,11,-16,2,-4,0,0,0,0,0,0,0,0,0,0,0,0,0,0,0,0,0,0,2,-5,9,-18,10,-18,11,-17,12,-17,12,-17,13,-17,13,-17,14,-17,14,-17,15,-17,15,-17,15,-17,15,-17,15,-18,16,-18,16,-18,16,-19,15,-19,14,-20,14,-20,14,-20,14,-21,13,-21,13,-21,14,-22,14,-23]"
CSI_DATA,225346,d8:b1:90:db:e8:90,-51,11,1,7,0,0,1,0,1,0,1,-96,0,4,0,-810822305,0,100,0,128,1,"[100,-64,5,0,-1,-10,-7,-10,-13,-10,-18,-10,-22,-8,-26,-6,-28,-5,-29,-3,-30,-1,-29,0,-28,1,-27,0,-25,-1,-22,-3,-20,-6,-17,-9,-15,-12,-13,-15,-12,-18,-11,-21,-10,-22,-9,-23,-9,-24,-8,-24,-8,-24,-2,-6,0,0,0,0,0,0,0,0,0,0,0,0,0,0,0,0,0,0,2,-4,10,-16,12,-18,13,-20,14,-21,14,-21,15,-21,15,-20,15,-18,15,-15,15,-11,15,-7,15,-3,15,1,16,6,18,9,19,12,21,14,23,15,25,14,26,13,27,11,27,9,26,7,24,3,21,0,18,-2]"
CSI_DATA,225347,d8:b1:90:db:e8:90,-51,11,1,7,0,0,1,0,1,0,1,-96,0,4,0,-810797105,0,100,0,128,1,"[100,-64,5,0,-1,9,6,11,12,12,18,12,23,11,26,10,29,8,31,6,32,4,31,2,30,1,28,2,25,3,23,5,20,8,17,11,14,14,11,17,9,20,7,23,5,24,4,26,4,26,4,26,4,26,1,6,0,0,0,0,0,0,0,0,0,0,0,0,0,0,0,0,0,0,-4,3,-15,15,-17,17,-19,18,-20,19,-21,20,-21,20,-21,18,-20,16,-20,13,-19,9,-18,4,-18,-1,-17,-6,-18,-10,-18,-14,-20,-18,-21,-21,-23,-22,-26,-22,-27,-22,-28,-20,-29,-17,-28,-13,-26,-9,-23,-5,-20,-2]"
CSI_DATA,225348,d8:b1:90:db:e8:90,-51,11,1,7,0,0,1,0,1,0,1,-96,0,4,0,-810786097,0,100,0,128,1,"[100,-64,5,0,-10,2,-10,8,-9,14,-7,19,-4,23,-2,26,1,28,3,29,4,29,5,28,5,27,5,25,3,23,1,21,-3,19,-6,17,-9,15,-13,13,-16,11,-19,11,-21,10,-23,9,-24,9,-25,8,-24,8,-6,2,0,0,0,0,0,0,0,0,0,0,0,0,0,0,0,0,0,0,-5,-2,-21,-5,-22,-5,-24,-6,-25,-7,-26,-7,-26,-7,-25,-7,-23,-8,-20,-9,-16,-10,-12,-12,-7,-14,-3,-15,1,-18,4,-21,6,-23,8,-25,8,-28,8,-30,6,-31,4,-31,2,-31,-1,-29,-3,-26,-5,-22,-7,-18]"
CSI_DATA,225349,d8:b1:90:db:e8:90,-51,11,1,7,0,0,1,0,1,0,1,-96,0,4,0,-810767459,0,100,0,128,1,"[100,-64,5,0,-6,7,-3,11,2,15,6,18,9,20,13,21,16,22,18,21,20,20,21,18,20,18,18,17,16,17,13,16,10,17,6,17,2,18,-1,19,-5,20,-7,21,-9,21,-11,22,-11,22,-11,22,-11,21,-3,5,0,0,0,0,0,0,0,0,0,0,0,0,0,0,0,0,0,0,-5,1,-19,4,-21,4,-23,4,-25,5,-26,5,-26,4,-25,3,-23,2,-21,0,-19,-3,-16,-6,-14,-9,-11,-13,-9,-16,-7,-20,-7,-23,-7,-26,-8,-28,-9,-29,-10,-29,-12,-28,-13,-26,-15,-23,-16,-19,-15,-15,-14,-11]"
CSI_DATA,225350,d8:b1:90:db:e8:90,-51,11,1,6,0,0,1,0,1,0,1,-96,0,4,0,-810754638,0,100,0,128,1,"[100,-64,5,0,-9,-8,-14,-5,-18,-1,-21,2,-24,6,-25,10,-26,13,-26,15,-25,16,-24,17,-23,17,-22,15,-21,13,-20,10,-20,6,-19,2,-19,-3,-19,-7,-19,-11,-19,-14,-19,-16,-19,-17,-19,-18,-19,-19,-18,-18,-5,-5,0,0,0,0,0,0,0,0,0,0,0,0,0,0,0,0,0,0,-2,-5,-8,-19,-9,-21,-9,-23,-10,-25,-10,-25,-9,-25,-8,-25,-6,-23,-3,-21,-1,-19,3,-16,7,-14,11,-11,15,-9,19,-8,22,-7,25,-7,27,-8,29,-9,29,-11,29,-12,27,-14,24,-16,20,-16,15,-16,12,-16]"
CSI_DATA,225351,d8:b1:90:db:e8:90,-51,11,1,6,0,0,1,0,1,0,1,-96,0,4,0,-810734400,0,100,0,128,1,"[100,-64,5,0,-1,-10,-7,-11,-13,-11,-18,-10,-22,-9,-25,-7,-28,-5,-29,-3,-30,-2,-29,-1,-28,-1,-26,-1,-24,-2,-22,-4,-20,-6,-17,-9,-15,-12,-13,-15,-11,-18,-10,-21,-9,-22,-8,-24,-7,-24,-7,-24,-6,-24,-2,-6,0,0,0,0,0,0,0,0,0,0,0,0,0,0,0,0,0,0,2,-4,10,-17,11,-18,12,-20,13,-21,14,-21,15,-21,15,-20,14,-18,15,-15,15,-11,15,-7,15,-3,15,1,16,5,18,9,19,12,21,14,23,15,25,15,27,14,27,12,27,10,26,7,24,4,20,0,17,-2]"
CSI_DATA,225352,d8:b1:90:db:e8:90,-51,11,1,6,0,0,1,0,1,0,1,-96,0,4,0,-810724368,0,100,0,128,1,"[100,-64,5,0,6,-9,2,-13,-2,-17,-7,-20,-11,-22,-15,-23,-18,-23,-20,-23,-21,-22,-22,-21,-21,-19,-20,-18,-17,-18,-13,-18,-9,-18,-5,-18,-1,-18,2,-19,6,-20,9,-21,11,-21,13,-21,14,-21,14,-21,14,-20,3,-5,0,0,0,0,0,0,0,0,0,0,0,0,0,0,0,0,0,0,4,-3,17,-10,19,-10,21,-11,22,-11,23,-12,23,-11,22,-10,21,-8,20,-6,18,-3,15,1,13,5,11,10,9,14,8,18,7,22,8,25,9,27,10,28,12,28,14,27,16,25,17,22,17,18,16,14,15,10]"
CSI_DATA,225353,d8:b1:90:db:e8:90,-51,11,1,7,0,0,1,0,0,0,1,-96,0,4,0,-810698759,0,100,0,128,1,"[100,-64,5,0,15,21,15,21,15,20,16,19,16,19,16,19,16,18,17,17,17,17,17,16,17,15,17,16,17,16,17,16,17,16,17,16,17,16,16,16,15,16,15,16,15,15,14,15,13,15,13,16,12,16,3,4,0,0,0,0,0,0,0,0,0,0,0,0,0,0,0,0,0,0,3,3,13,14,12,15,11,16,11,17,10,18,10,18,11,19,11,20,11,20,11,20,10,21,10,21,10,21,10,21,10,21,10,21,10,21,11,21,12,21,12,21,13,21,14,21,14,21,15,21,15,21,16,22]"
CSI_DATA,225354,d8:b1:90:db:e8:90,-51,11,1,7,0,0,1,0,0,0,1,-96,0,4,0,-810686405,0,100,0,128,1,"[100,-64,5,0,7,-26,6,-25,6,-25,6,-25,6,-24,5,-24,5,-24,4,-24,3,-24,2,-23,2,-23,2,-23,2,-23,2,-23,2,-23,3,-23,3,-23,3,-22,4,-22,4,-21,4,-20,4,-20,5,-19,6,-19,6,-18,1,-5,0,0,0,0,0,0,0,0,0,0,0,0,0,0,0,0,0,0,0,-5,3,-19,4,-19,5,-19,6,-19,7,-20,8,-20,9,-20,9,-20,9,-20,10,-20,10,-20,11,-20,11,-21,10,-21,11,-21,11,-21,10,-21,10,-22,9,-22,9,-22,8,-23,8,-23,8,-24,7,-25,7,-25,7,-26]"
CSI_DATA,225355,d8:b1:90:db:e8:90,-51,11,1,7,0,0,1,0,0,0,1,-96,0,4,0,-810672797,0,100,0,128,1,"[100,-64,5,0,14,-23,13,-23,13,-23,13,-23,12,-23,12,-23,11,-23,10,-23,10,-23,9,-23,9,-22,9,-22,9,-22,9,-22,9,-22,10,-21,10,-21,9,-21,9,-21,10,-20,10,-19,10,-18,11,-18,11,-17,11,-17,2,-5,0,0,0,0,0,0,0,0,0,0,0,0,0,0,0,0,0,0,1,-5,6,-19,7,-19,9,-18,10,-18,10,-18,11,-18,12,-18,13,-18,13,-19,14,-19,15,-18,15,-18,15,-18,15,-18,15,-18,15,-19,15,-19,15,-20,14,-20,14,-21,13,-21,13,-22,14,-22,14,-23,14,-23,14,-23]"
CSI_DATA,225356,d8:b1:90:db:e8:90,-51,11,1,7,0,0,1,0,0,0,1,-96,0,4,0,-810660946,0,100,0,128,1,"[100,-64,5,0,17,17,17,16,17,16,17,15,17,15,17,14,17,14,17,13,17,13,17,12,17,12,18,12,18,12,17,12,17,12,17,12,16,12,16,12,15,12,15,13,14,13,13,13,13,13,12,13,11,14,2,3,0,0,0,0,0,0,0,0,0,0,0,0,0,0,0,0,0,0,3,2,14,9,14,10,13,11,13,12,13,13,13,13,13,14,13,15,13,15,13,16,13,16,13,17,13,17,13,17,13,16,13,16,13,16,14,16,14,16,15,16,15,16,16,16,16,16,17,16,17,16,18,16]"
CSI_DATA,225357,d8:b1:90:db:e8:90,-51,11,1,6,0,0,1,0,0,0,1,-96,0,4,0,-810648068,0,100,0,128,1,"[100,-64,5,0,6,7,12,4,17,0,21,-4,23,-8,25,-11,26,-14,26,-17,25,-18,24,-19,22,-19,21,-17,20,-15,19,-11,18,-7,18,-2,18,2,17,7,17,10,17,13,17,16,17,18,17,19,17,19,16,19,4,4,0,0,0,0,0,0,0,0,0,0,0,0,0,0,0,0,0,0,2,4,8,19,8,21,8,23,8,25,8,26,8,26,7,25,5,24,2,21,-1,18,-5,15,-9,12,-13,9,-17,7,-21,5,-25,4,-28,4,-30,4,-32,6,-33,8,-32,9,-30,11,-27,13,-23,14,-18,14,-14,14]"
CSI_DATA,225358,d8:b1:90:db:e8:90,-51,11,1,6,0,0,1,0,0,0,1,-96,0,4,0,-810635767,0,100,0,128,1,"[100,-64,5,0,-10,-2,-13,5,-14,11,-14,16,-14,21,-13,25,-11,29,-10,30,-8,31,-7,31,-6,30,-6,28,-7,25,-8,22,-10,19,-13,15,-16,12,-19,9,-22,6,-24,4,-26,3,-27,2,-28,1,-27,0,-27,0,-7,0,0,0,0,0,0,0,0,0,0,0,0,0,0,0,0,0,0,0,-4,-4,-17,-16,-18,-17,-19,-19,-20,-21,-20,-21,-20,-21,-19,-21,-17,-20,-13,-20,-9,-19,-4,-18,1,-17,6,-17,11,-17,15,-18,18,-19,21,-20,22,-22,23,-24,22,-26,20,-27,18,-28,14,-27,10,-26,6,-23,3,-20]"
CSI_DATA,225359,d8:b1:90:db:e8:90,-51,11,1,6,0,0,1,0,0,0,1,-96,0,4,0,-810625757,0,100,0,128,1,"[100,-64,5,0,7,6,12,2,16,-2,20,-6,22,-10,23,-14,24,-17,24,-20,22,-21,21,-22,19,-21,18,-20,18,-17,17,-13,17,-9,17,-5,17,0,17,4,17,8,18,11,18,14,19,15,19,17,18,17,18,17,4,4,0,0,0,0,0,0,0,0,0,0,0,0,0,0,0,0,0,0,2,4,9,19,9,21,9,23,10,24,10,25,9,25,8,24,6,23,4,21,0,18,-3,15,-8,12,-12,10,-16,7,-20,6,-24,5,-27,5,-30,6,-31,7,-32,9,-31,11,-29,13,-26,14,-22,15,-17,15,-14,14]"
CSI_DATA,225360,d8:b1:90:db:e8:90,-51,11,1,6,0,0,1,0,0,0,1,-96,0,4,0,-810596838,0,100,0,128,1,"[100,-64,5,0,6,-6,4,-11,0,-16,-3,-20,-7,-23,-10,-24,-13,-25,-16,-25,-17,-24,-18,-23,-18,-22,-17,-21,-14,-19,-11,-19,-7,-18,-4,-18,0,-19,4,-19,7,-19,10,-20,12,-20,14,-20,14,-20,14,-20,14,-19,3,-5,0,0,0,0,0,0,0,0,0,0,0,0,0,0,0,0,0,0,4,-1,19,-1,21,-1,23,-1,24,0,25,0,25,0,24,1,22,2,20,3,17,5,13,8,10,10,7,13,4,16,1,20,0,23,-1,26,0,28,1,29,2,30,4,30,6,28,8,26,10,22,11,17,11,13]"
CSI_DATA,225361,d8:b1:90:db:e8:90,-52,11,1,6,0,0,1,0,0,0,1,-96,0,4,0,-810585106,0,100,0,128,1,"[100,-64,5,0,-7,1,-7,6,-5,11,-4,15,-2,18,0,20,2,21,3,22,5,21,5,21,5,20,5,19,4,18,2,16,-1,15,-4,13,-6,12,-9,11,-12,10,-14,9,-16,9,-18,9,-18,9,-18,8,-16,8,-4,2,0,0,0,0,0,0,0,0,0,0,0,0,0,0,0,0,0,0,-4,-1,-15,-4,-17,-5,-18,-6,-19,-6,-20,-7,-19,-7,-19,-7,-17,-8,-15,-8,-12,-9,-9,-10,-5,-11,-2,-12,1,-14,3,-16,5,-18,6,-20,6,-22,6,-23,5,-24,4,-24,2,-23,0,-22,-2,-20,-4,-16,-5,-14]"
CSI_DATA,225362,d8:b1:90:db:e8:90,-51,11,1,6,0,0,1,0,0,0,1,-96,0,4,0,-810572627,0,100,0,128,1,"[100,-64,5,0,9,0,10,-6,10,-12,9,-17,8,-22,7,-25,6,-27,4,-29,2,-29,1,-29,0,-28,1,-26,2,-24,4,-22,7,-19,9,-16,12,-14,15,-13,18,-11,20,-9,22,-8,24,-7,24,-6,23,-6,22,-6,5,-2,0,0,0,0,0,0,0,0,0,0,0,0,0,0,0,0,0,0,4,2,16,10,17,11,19,13,19,14,20,14,20,15,19,15,17,15,14,15,10,15,6,15,2,15,-3,15,-7,16,-11,17,-14,19,-16,21,-16,23,-16,25,-15,26,-14,27,-11,27,-8,26,-5,24,-2,21,1,18]"
CSI_DATA,225363,d8:b1:90:db:e8:90,-52,11,1,6,0,0,1,0,0,0,1,-96,0,4,0,-810560779,0,100,0,128,1,"[100,-64,5,0,4,6,9,5,13,2,16,-1,18,-3,20,-6,21,-8,21,-10,21,-11,20,-12,19,-12,18,-11,17,-9,16,-6,15,-3,14,0,14,3,13,6,12,9,12,12,12,13,12,15,12,15,12,16,11,16,2,4,0,0,0,0,0,0,0,0,0,0,0,0,0,0,0,0,0,0,0,3,3,15,3,16,3,18,3,19,3,20,3,20,2,19,1,18,-1,16,-3,14,-5,11,-8,8,-11,6,-14,4,-17,2,-19,1,-22,0,-23,1,-25,2,-25,3,-25,5,-24,6,-22,8,-19,9,-15,9,-12,9]"
CSI_DATA,225364,d8:b1:90:db:e8:90,-51,11,1,6,0,0,1,0,0,0,1,-96,0,4,0,-810549022,0,100,0,128,1,"[100,-64,5,0,-5,8,-1,12,4,15,9,17,13,18,17,19,20,18,22,18,23,16,24,15,23,14,21,13,19,13,16,14,13,15,9,16,5,17,2,19,-1,20,-4,21,-6,22,-7,23,-8,23,-8,23,-8,22,-2,5,0,0,0,0,0,0,0,0,0,0,0,0,0,0,0,0,0,0,-5,2,-18,9,-20,9,-21,10,-23,10,-24,10,-24,10,-23,9,-22,7,-21,5,-19,1,-17,-2,-15,-6,-13,-10,-12,-14,-11,-18,-11,-21,-12,-24,-13,-26,-15,-27,-16,-26,-18,-25,-19,-23,-19,-20,-19,-16,-18,-12,-17,-8]"
CSI_DATA,225365,d8:b1:90:db:e8:90,-52,11,1,6,0,0,1,0,0,0,1,-96,0,4,0,-810531997,0,100,0,128,1,"[100,-64,5,0,-2,-8,-7,-8,-11,-7,-15,-6,-18,-5,-21,-3,-23,-1,-24,0,-24,2,-23,3,-22,3,-21,3,-19,1,-18,0,-16,-3,-15,-5,-13,-8,-12,-11,-11,-13,-10,-16,-10,-17,-9,-18,-9,-18,-9,-18,-8,-18,-2,-5,0,0,0,0,0,0,0,0,0,0,0,0,0,0,0,0,0,0,1,-4,5,-14,6,-16,7,-17,8,-18,8,-19,9,-18,9,-17,9,-16,9,-13,10,-11,10,-8,11,-5,12,-1,14,2,15,4,17,7,18,8,20,9,21,8,22,7,23,6,22,4,21,2,19,-1,16,-3,14,-4]"
CSI_DATA,225366,d8:b1:90:db:e8:90,-51,11,1,6,0,0,1,0,0,0,1,-96,0,4,0,-810518942,0,100,0,128,1,"[100,-64,5,0,-3,9,3,12,10,14,15,15,20,15,24,14,27,13,30,11,30,9,30,8,29,7,27,7,24,7,22,9,18,11,15,14,12,16,8,19,5,21,3,23,1,25,0,26,-1,27,-1,27,-1,26,-1,6,0,0,0,0,0,0,0,0,0,0,0,0,0,0,0,0,0,0,-5,3,-18,13,-19,14,-21,16,-23,17,-23,17,-24,17,-23,15,-22,13,-21,10,-20,6,-19,1,-17,-4,-16,-8,-16,-13,-16,-17,-17,-21,-18,-24,-20,-26,-22,-26,-24,-25,-25,-23,-26,-21,-26,-18,-24,-14,-22,-9,-20,-6]"
CSI_DATA,225367,d8:b1:90:db:e8:90,-51,11,1,6,0,0,1,0,0,0,1,-96,0,4,0,-810495692,0,100,0,128,1,"[100,-64,5,0,-7,-6,-12,-2,-16,2,-19,6,-21,10,-23,13,-23,16,-23,19,-22,20,-21,21,-19,21,-18,19,-18,17,-17,14,-18,10,-18,7,-19,3,-20,-1,-21,-5,-22,-7,-23,-9,-23,-10,-23,-11,-23,-11,-22,-11,-6,-3,0,0,0,0,0,0,0,0,0,0,0,0,0,0,0,0,0,0,-1,-5,-1,-21,-1,-23,0,-25,0,-26,0,-27,1,-27,1,-26,2,-24,4,-22,6,-19,8,-15,11,-12,14,-8,17,-6,21,-3,23,-2,26,-2,28,-2,30,-3,30,-5,30,-7,28,-9,25,-11,21,-12,17,-12,13,-12]"
CSI_DATA,225368,d8:b1:90:db:e8:90,-51,11,1,6,0,0,1,0,0,0,1,-96,0,4,0,-810485389,0,100,0,128,1,"[100,-64,5,0,9,-8,5,-14,2,-19,-2,-24,-6,-27,-10,-29,-13,-30,-16,-30,-17,-29,-18,-28,-18,-27,-17,-26,-14,-24,-11,-23,-6,-22,-2,-21,3,-21,7,-20,12,-20,15,-20,18,-20,20,-19,21,-19,21,-19,21,-18,5,-5,0,0,0,0,0,0,0,0,0,0,0,0,0,0,0,0,0,0,5,-2,22,-7,24,-7,26,-7,27,-8,28,-7,28,-7,27,-6,26,-4,23,-2,20,2,16,5,13,9,9,13,7,18,4,22,3,26,3,29,4,32,5,34,7,34,9,34,12,32,14,29,14,24,15,19,15,15]"
CSI_DATA,225369,d8:b1:90:db:e8:90,-51,11,1,6,0,0,1,0,0,0,1,-96,0,4,0,-810475192,0,100,0,128,1,"[100,-64,5,0,-1,-10,-7,-11,-13,-11,-18,-11,-22,-10,-26,-8,-28,-7,-29,-5,-30,-3,-29,-2,-28,-1,-26,-1,-24,-2,-21,-4,-18,-7,-15,-10,-12,-13,-10,-16,-8,-18,-5,-21,-4,-23,-3,-25,-2,-26,-1,-26,-1,-25,-1,-7,0,0,0,0,0,0,0,0,0,0,0,0,0,0,0,0,0,0,1,-5,7,-19,8,-21,9,-23,10,-24,11,-24,11,-24,11,-23,11,-20,11,-17,12,-13,12,-9,13,-4,14,1,15,5,17,9,19,12,21,14,23,15,25,15,27,14,28,12,28,10,26,7,24,4,21,0,18,-2]"
CSI_DATA,225370,d8:b1:90:db:e8:90,-52,11,1,6,0,0,1,0,0,0,1,-96,0,4,0,-810461637,0,100,0,128,1,"[100,-64,5,0,-6,-5,-10,-2,-13,1,-15,5,-17,8,-17,11,-18,13,-17,15,-17,16,-16,16,-15,16,-14,15,-14,13,-13,11,-13,8,-14,5,-15,2,-15,-1,-16,-4,-17,-6,-17,-8,-18,-9,-18,-9,-17,-10,-17,-10,-5,-3,0,0,0,0,0,0,0,0,0,0,0,0,0,0,0,0,0,0,-2,-4,-5,-15,-5,-17,-5,-19,-5,-20,-5,-20,-5,-20,-4,-19,-3,-18,-1,-17,1,-15,3,-12,6,-10,9,-8,12,-7,15,-6,17,-5,19,-5,21,-6,22,-7,22,-8,22,-9,20,-11,18,-11,15,-12,11,-12,9,-11]"
CSI_DATA,225371,d8:b1:90:db:e8:90,-51,11,1,6,0,0,1,0,0,0,1,-96,0,4,0,-810451453,0,100,0,128,1,"[100,-64,5,0,1,10,8,10,13,9,18,8,23,6,26,4,28,2,29,0,29,-2,29,-3,27,-3,26,-3,23,-1,21,1,18,4,16,7,14,11,11,14,9,17,8,20,6,22,5,23,5,24,4,24,3,24,0,6,0,0,0,0,0,0,0,0,0,0,0,0,0,0,0,0,0,0,-1,4,-4,19,-4,21,-5,23,-6,24,-6,25,-7,25,-7,24,-8,21,-9,19,-10,15,-12,11,-14,6,-16,2,-18,-2,-20,-6,-23,-8,-25,-10,-28,-10,-30,-10,-31,-9,-31,-7,-31,-5,-29,-2,-26,1,-22,4,-19,5]"
CSI_DATA,225372,d8:b1:90:db:e8:90,-52,11,1,6,0,0,1,0,0,0,1,-96,0,4,0,-810438928,0,100,0,128,1,"[100,-64,5,0,-1,-7,-5,-9,-9,-9,-13,-9,-17,-8,-20,-7,-22,-6,-23,-4,-24,-3,-23,-2,-22,-2,-21,-2,-19,-3,-17,-4,-15,-6,-13,-8,-11,-10,-9,-13,-8,-15,-7,-17,-6,-18,-5,-19,-4,-20,-4,-20,-4,-20,-1,-5,0,0,0,0,0,0,0,0,0,0,0,0,0,0,0,0,0,0,2,-3,9,-13,10,-14,11,-15,12,-15,12,-16,13,-16,12,-15,12,-13,12,-11,12,-8,11,-4,11,-1,11,3,12,6,13,9,13,11,15,13,16,14,18,14,19,13,20,12,20,10,20,8,18,5,16,2,14,0]"
CSI_DATA,225373,d8:b1:90:db:e8:90,-51,11,1,6,0,0,1,0,0,0,1,-96,0,4,0,-810420437,0,100,0,128,1,"[100,-64,5,0,-9,4,-8,10,-5,15,-3,20,0,24,3,26,6,28,8,29,10,28,11,27,11,26,10,24,8,23,5,21,2,20,-2,18,-6,17,-10,16,-14,15,-17,15,-20,15,-21,15,-22,14,-22,14,-21,14,-6,3,0,0,0,0,0,0,0,0,0,0,0,0,0,0,0,0,0,0,-6,-1,-22,-2,-23,-3,-25,-3,-27,-3,-27,-4,-27,-4,-26,-5,-24,-6,-21,-7,-18,-9,-14,-11,-10,-13,-6,-16,-2,-19,1,-22,3,-25,4,-27,4,-30,4,-32,2,-33,0,-33,-2,-32,-5,-29,-7,-26,-9,-21,-9,-18]"
CSI_DATA,225374,d8:b1:90:db:e8:90,-52,11,1,6,0,0,1,0,0,0,1,-96,0,4,0,-810393975,0,100,0,128,1,"[100,-64,5,0,-6,2,-6,7,-5,11,-3,15,-1,18,1,20,3,22,5,22,6,22,7,22,8,21,7,19,5,18,4,17,1,15,-2,15,-5,14,-8,13,-11,13,-13,12,-14,12,-16,12,-16,12,-16,12,-16,11,-4,2,0,0,0,0,0,0,0,0,0,0,0,0,0,0,0,0,0,0,-4,-2,-15,-8,-16,-9,-17,-10,-18,-11,-19,-11,-19,-11,-18,-11,-16,-11,-14,-11,-11,-12,-7,-12,-4,-13,0,-14,3,-15,5,-16,7,-18,8,-20,9,-22,9,-23,8,-24,6,-24,4,-24,2,-22,0,-20,-2,-17,-4,-15]"
CSI_DATA,225375,d8:b1:90:db:e8:90,-51,11,1,6,0,0,1,0,0,0,1,-96,0,4,0,-810381045,0,100,0,128,1,"[100,-64,5,0,3,9,9,8,15,7,21,5,25,2,28,-1,30,-4,31,-6,31,-8,30,-9,29,-9,27,-9,25,-7,23,-4,21,0,19,4,18,8,16,12,15,15,14,18,14,21,13,22,13,23,12,23,12,23,3,5,0,0,0,0,0,0,0,0,0,0,0,0,0,0,0,0,0,0,-2,5,-6,20,-7,23,-8,25,-9,26,-9,27,-10,27,-10,25,-11,23,-12,20,-13,16,-14,11,-16,6,-18,2,-20,-2,-23,-6,-25,-9,-28,-10,-31,-11,-33,-10,-34,-9,-34,-6,-33,-4,-31,-1,-28,2,-23,4,-19,6]"
CSI_DATA,225376,d8:b1:90:db:e8:90,-51,11,1,6,0,0,1,0,0,0,1,-96,0,4,0,-810370352,0,100,0,128,1,"[100,-64,5,0,-4,8,1,11,7,13,12,14,16,15,20,15,23,14,25,13,26,11,26,10,25,9,23,9,21,9,18,10,15,11,11,14,8,16,5,18,2,19,0,20,-2,21,-3,22,-4,23,-4,24,-3,23,-1,5,0,0,0,0,0,0,0,0,0,0,0,0,0,0,0,0,0,0,-4,2,-17,10,-19,11,-20,12,-22,13,-22,13,-22,13,-22,11,-21,10,-20,7,-18,3,-16,-1,-15,-5,-13,-9,-13,-13,-13,-17,-13,-20,-14,-23,-16,-25,-17,-25,-19,-24,-20,-23,-21,-21,-21,-18,-21,-14,-19,-10,-17,-7]"
CSI_DATA,225377,d8:b1:90:db:e8:90,-52,11,1,6,0,0,1,0,0,0,1,-96,0,4,0,-810356620,0,100,0,128,1,"[100,-64,5,0,3,5,7,4,12,2,15,-1,18,-3,20,-6,21,-8,21,-10,21,-11,20,-12,19,-12,18,-11,17,-10,16,-7,15,-5,15,-2,15,2,14,5,14,7,14,9,14,11,14,12,14,13,14,13,14,13,3,3,0,0,0,0,0,0,0,0,0,0,0,0,0,0,0,0,0,0,-2,3,-5,14,-6,16,-7,17,-8,18,-8,19,-8,19,-8,18,-9,16,-9,14,-10,11,-11,8,-12,5,-13,2,-15,-1,-17,-4,-19,-5,-21,-6,-23,-7,-24,-6,-25,-5,-25,-3,-24,-1,-22,1,-20,3,-17,4,-14,5]"
CSI_DATA,225378,d8:b1:90:db:e8:90,-51,11,1,6,0,0,1,0,0,0,1,-96,0,4,0,-810346153,0,100,0,128,1,"[100,-64,5,0,3,7,9,6,15,4,20,2,23,-1,26,-4,28,-6,28,-8,28,-10,27,-12,26,-12,24,-11,22,-9,20,-6,19,-2,17,2,16,6,14,10,13,14,13,17,12,19,12,20,11,21,11,22,11,21,3,5,0,0,0,0,0,0,0,0,0,0,0,0,0,0,0,0,0,0,-1,4,-4,20,-5,22,-5,24,-6,25,-6,26,-7,25,-7,24,-8,22,-9,19,-10,15,-12,11,-13,6,-16,2,-18,-2,-21,-5,-23,-8,-26,-9,-29,-10,-31,-9,-32,-8,-32,-6,-31,-4,-29,-1,-26,2,-22,4,-18,5]"
CSI_DATA,225379,d8:b1:90:db:e8:90,-52,11,1,6,0,0,1,0,0,0,1,-96,0,4,0,-810334134,0,100,0,128,1,"[100,-64,5,0,1,6,6,7,11,6,15,5,19,4,21,2,23,1,24,-1,24,-2,24,-3,22,-4,21,-3,19,-2,17,0,14,2,12,5,10,8,8,11,6,14,5,16,4,18,3,19,3,19,3,20,2,20,0,4,0,0,0,0,0,0,0,0,0,0,0,0,0,0,0,0,0,0,-2,3,-5,16,-6,17,-7,18,-7,19,-7,20,-8,20,-8,19,-8,17,-9,14,-9,11,-10,7,-11,3,-12,0,-14,-4,-15,-7,-17,-10,-19,-11,-21,-12,-23,-12,-24,-11,-25,-10,-25,-8,-24,-5,-21,-3,-18,0,-16,1]"
CSI_DATA,225380,d8:b1:90:db:e8:90,-51,11,1,6,0,0,1,0,0,0,1,-96,0,4,0,-810317715,0,100,0,128,1,"[100,-64,5,0,11,-2,11,-8,11,-13,10,-18,9,-23,8,-26,6,-28,4,-29,3,-30,2,-29,1,-28,2,-26,3,-23,4,-20,7,-16,10,-13,12,-9,15,-6,17,-3,19,-1,21,1,23,3,23,4,23,5,23,5,5,1,0,0,0,0,0,0,0,0,0,0,0,0,0,0,0,0,0,0,4,-1,19,-4,21,-4,23,-3,24,-3,25,-2,25,-2,24,-1,22,0,19,2,15,4,11,7,7,9,3,12,-1,15,-4,18,-7,21,-8,24,-9,26,-9,28,-8,29,-6,30,-4,29,-1,28,2,25,4,21,6,18]"
CSI_DATA,225381,d8:b1:90:db:e8:90,-52,11,1,6,0,0,1,0,0,0,1,-96,0,4,0,-810306703,0,100,0,128,1,"[100,-64,5,0,2,9,7,8,12,7,16,5,19,3,21,1,22,0,23,-2,23,-3,23,-4,21,-4,20,-3,18,-1,16,1,14,3,11,6,9,9,7,11,5,14,4,16,2,17,1,18,1,19,0,20,0,20,0,5,0,0,0,0,0,0,0,0,0,0,0,0,0,0,0,0,0,0,1,3,5,14,6,16,6,17,6,18,6,19,6,19,5,18,3,17,1,15,-1,13,-4,10,-7,8,-10,5,-13,3,-16,1,-19,0,-21,-1,-23,-1,-25,0,-25,1,-25,3,-24,4,-23,6,-20,7,-16,8,-14,8]"
CSI_DATA,225382,d8:b1:90:db:e8:90,-52,11,1,6,0,0,1,0,0,0,1,-96,0,4,0,-810280973,0,100,0,128,1,"[100,-64,5,0,-8,-3,-11,1,-13,5,-14,9,-14,13,-14,16,-13,18,-13,20,-12,20,-11,21,-10,20,-10,19,-10,16,-10,14,-11,11,-12,8,-14,5,-15,2,-17,-1,-18,-3,-19,-5,-20,-6,-20,-7,-20,-7,-19,-7,-5,-2,0,0,0,0,0,0,0,0,0,0,0,0,0,0,0,0,0,0,-3,-3,-12,-11,-13,-12,-14,-13,-15,-14,-15,-15,-15,-15,-14,-14,-13,-14,-10,-14,-7,-13,-3,-13,0,-12,4,-12,8,-12,11,-12,14,-13,16,-14,17,-15,18,-17,17,-18,16,-19,14,-20,12,-20,9,-19,5,-17,3,-15]"
CSI_DATA,225383,d8:b1:90:db:e8:90,-51,11,1,6,0,0,1,0,0,0,1,-96,0,4,0,-810267852,0,100,0,128,1,"[100,-64,5,0,-11,-4,-14,1,-16,7,-17,11,-18,16,-18,20,-17,23,-16,25,-15,26,-14,26,-13,25,-12,23,-12,20,-13,17,-14,14,-15,10,-17,6,-19,2,-20,-1,-22,-3,-23,-5,-25,-7,-26,-8,-25,-9,-25,-10,-7,-3,0,0,0,0,0,0,0,0,0,0,0,0,0,0,0,0,0,0,-4,-4,-16,-14,-17,-15,-18,-17,-19,-18,-19,-19,-19,-19,-18,-19,-15,-18,-12,-18,-8,-17,-4,-16,1,-15,6,-15,10,-15,14,-15,18,-16,20,-17,22,-19,23,-20,22,-22,21,-24,19,-24,16,-24,12,-23,7,-21,4,-19]"
CSI_DATA,225384,d8:b1:90:db:e8:90,-52,11,1,6,0,0,1,0,0,0,1,-96,0,4,0,-810257707,0,100,0,128,1,"[100,-64,5,0,3,6,8,4,12,2,16,0,18,-2,20,-5,21,-7,22,-9,21,-10,20,-11,19,-11,18,-10,17,-8,15,-5,14,-2,13,1,12,4,12,7,11,10,11,12,10,14,10,15,10,16,9,17,9,17,2,4,0,0,0,0,0,0,0,0,0,0,0,0,0,0,0,0,0,0,0,3,2,15,2,16,2,18,2,19,2,20,2,20,1,19,0,17,-1,16,-3,13,-6,11,-8,8,-11,5,-14,3,-16,1,-19,-1,-21,-1,-23,-1,-24,0,-25,1,-25,3,-24,4,-22,6,-19,7,-15,8,-12,8]"
CSI_DATA,225385,d8:b1:90:db:e8:90,-51,11,1,6,0,0,1,0,0,0,1,-96,0,4,0,-810246533,0,100,0,128,1,"[100,-64,5,0,6,5,11,1,15,-3,17,-7,19,-11,20,-15,20,-18,20,-20,19,-21,18,-22,17,-21,16,-20,15,-18,15,-14,16,-11,16,-7,17,-3,18,0,19,3,20,6,21,7,21,9,21,10,21,10,20,10,5,2,0,0,0,0,0,0,0,0,0,0,0,0,0,0,0,0,0,0,1,4,4,18,4,20,4,22,4,24,4,24,4,24,3,23,1,22,-1,20,-3,17,-6,14,-9,11,-13,9,-17,7,-20,5,-23,4,-26,4,-28,5,-29,6,-29,8,-29,10,-27,12,-24,13,-20,13,-15,13,-12,13]"
CSI_DATA,225386,d8:b1:90:db:e8:90,-51,11,1,6,0,0,1,0,0,0,1,-96,0,4,0,-810236447,0,100,0,128,1,"[100,-64,5,0,-7,6,-3,11,1,15,4,18,8,21,11,22,14,22,17,22,18,21,19,20,18,19,17,18,15,17,12,17,8,17,4,17,0,17,-3,18,-6,18,-9,19,-12,19,-13,20,-14,20,-13,19,-13,19,-4,4,0,0,0,0,0,0,0,0,0,0,0,0,0,0,0,0,0,0,-5,0,-20,3,-22,3,-24,3,-25,3,-26,3,-26,3,-25,2,-23,0,-21,-2,-18,-4,-15,-7,-12,-10,-9,-13,-7,-17,-5,-20,-4,-24,-4,-26,-5,-28,-6,-30,-7,-30,-9,-29,-10,-28,-12,-25,-13,-21,-13,-17,-13,-13]"
CSI_DATA,225387,d8:b1:90:db:e8:90,-52,11,1,6,0,0,1,0,0,0,1,-96,0,4,0,-810221374,0,100,0,128,1,"[100,-64,5,0,-10,-2,-12,3,-13,7,-13,11,-13,15,-12,18,-11,20,-10,21,-9,21,-9,21,-8,20,-8,19,-8,16,-9,14,-10,11,-11,7,-13,4,-14,1,-16,-2,-17,-4,-18,-6,-19,-7,-19,-8,-18,-9,-18,-9,-5,-3,0,0,0,0,0,0,0,0,0,0,0,0,0,0,0,0,0,0,-4,-1,-16,-2,-18,-3,-19,-3,-20,-4,-21,-4,-20,-4,-19,-5,-17,-5,-15,-6,-12,-7,-8,-9,-4,-10,-1,-11,3,-13,5,-15,8,-16,9,-18,11,-20,11,-22,10,-23,9,-24,7,-23,5,-23,2,-21,0,-18,-2,-16]"
CSI_DATA,225388,d8:b1:90:db:e8:90,-51,11,1,6,0,0,1,0,0,0,1,-96,0,4,0,-810208904,0,100,0,128,1,"[100,-64,5,0,2,-10,-3,-13,-9,-15,-13,-16,-18,-16,-22,-16,-25,-15,-27,-14,-27,-13,-27,-12,-26,-11,-25,-10,-22,-11,-19,-11,-15,-13,-11,-14,-7,-16,-4,-18,-1,-20,2,-22,4,-23,6,-24,6,-24,7,-24,7,-24,1,-6,0,0,0,0,0,0,0,0,0,0,0,0,0,0,0,0,0,0,2,-4,12,-16,14,-18,15,-19,16,-20,17,-20,17,-20,17,-18,16,-16,16,-13,15,-9,14,-5,14,0,13,5,13,9,14,14,15,17,16,20,18,21,20,22,21,21,23,20,23,18,23,15,22,11,20,7,18,4]"
CSI_DATA,225389,d8:b1:90:db:e8:90,-51,11,1,6,0,0,1,0,0,0,1,-96,0,4,0,-810174278,0,100,0,128,1,"[100,-64,5,0,-7,-6,-12,-2,-16,1,-19,5,-22,10,-22,13,-23,16,-22,19,-22,20,-20,20,-19,20,-17,19,-17,17,-17,14,-17,10,-18,6,-18,2,-19,-1,-20,-5,-21,-8,-22,-9,-22,-10,-23,-11,-23,-12,-23,-13,-6,-4,0,0,0,0,0,0,0,0,0,0,0,0,0,0,0,0,0,0,-1,-5,-2,-20,-2,-22,-2,-24,-2,-25,-2,-26,-1,-26,-1,-25,0,-23,2,-21,4,-18,7,-15,10,-11,13,-9,16,-6,20,-4,22,-3,25,-3,27,-4,29,-5,29,-7,29,-9,27,-11,24,-12,20,-13,16,-14,12,-13]"
CSI_DATA,225390,d8:b1:90:db:e8:90,-51,11,1,6,0,0,1,0,0,0,1,-96,0,4,0,-810157541,0,100,0,128,1,"[100,-64,5,0,-10,1,-10,7,-10,13,-9,18,-7,22,-5,25,-3,28,-1,29,1,29,2,28,2,27,2,25,0,23,-2,20,-5,18,-8,15,-11,13,-14,10,-18,9,-20,7,-23,6,-24,5,-25,5,-24,4,-24,4,-6,0,0,0,0,0,0,0,0,0,0,0,0,0,0,0,0,0,0,0,-5,-2,-20,-6,-22,-7,-23,-8,-24,-9,-25,-9,-25,-9,-24,-9,-22,-10,-19,-10,-15,-11,-10,-12,-6,-14,-1,-15,3,-17,7,-19,9,-21,11,-24,12,-26,12,-28,10,-29,9,-30,6,-30,4,-29,0,-26,-2,-22,-4,-19]"
CSI_DATA,225391,d8:b1:90:db:e8:90,-51,11,1,6,0,0,1,0,0,0,1,-96,0,4,0,-810145484,0,100,0,128,1,"[100,-64,5,0,-9,4,-8,10,-6,15,-3,19,0,23,2,26,5,27,7,28,9,27,10,26,10,25,9,23,7,22,4,20,1,18,-3,17,-7,15,-11,14,-14,12,-17,12,-20,11,-22,11,-22,10,-22,10,-22,10,-6,2,0,0,0,0,0,0,0,0,0,0,0,0,0,0,0,0,0,0,-5,0,-21,1,-23,1,-25,1,-26,1,-26,0,-26,0,-25,-1,-23,-2,-21,-4,-18,-6,-14,-8,-10,-11,-6,-14,-3,-17,0,-21,2,-24,2,-26,3,-29,2,-30,1,-31,-1,-31,-3,-30,-5,-28,-8,-25,-9,-20,-9,-17]"
CSI_DATA,225392,d8:b1:90:db:e8:90,-52,11,1,6,0,0,1,0,0,0,1,-96,0,4,0,-810133054,0,100,0,128,1,"[100,-64,5,0,3,-12,-3,-15,-9,-17,-15,-19,-20,-19,-24,-19,-27,-18,-29,-17,-30,-15,-30,-14,-28,-13,-26,-13,-23,-13,-19,-13,-14,-14,-9,-15,-4,-17,1,-19,5,-20,8,-21,11,-22,13,-23,14,-23,15,-23,15,-22,3,-6,0,0,0,0,0,0,0,0,0,0,0,0,0,0,0,0,0,0,1,-6,5,-23,6,-25,7,-27,7,-28,8,-28,9,-28,9,-26,10,-23,10,-20,11,-15,11,-10,12,-4,13,2,15,7,17,12,19,16,21,19,23,20,26,21,27,20,28,19,29,16,28,13,26,9,23,5,21,2]"
CSI_DATA,225393,d8:b1:90:db:e8:90,-52,11,1,6,0,0,1,0,0,0,1,-96,0,4,0,-810119646,0,100,0,128,1,"[100,-64,5,0,-4,6,0,9,4,12,8,14,11,15,14,15,16,14,18,14,19,13,19,12,19,11,17,10,15,10,12,10,9,11,6,12,3,13,0,14,-3,15,-5,16,-7,17,-8,17,-9,17,-9,17,-9,17,-3,4,0,0,0,0,0,0,0,0,0,0,0,0,0,0,0,0,0,0,-3,2,-13,10,-14,10,-15,11,-16,12,-17,12,-17,12,-17,11,-16,9,-15,7,-14,4,-13,0,-11,-3,-10,-7,-10,-10,-10,-13,-10,-16,-11,-19,-12,-20,-13,-21,-14,-21,-15,-20,-16,-18,-17,-16,-16,-13,-15,-9,-14,-7]"
CSI_DATA,225394,d8:b1:90:db:e8:90,-51,11,1,6,0,0,1,0,0,0,1,-96,0,4,0,-810108111,0,100,0,128,1,"[100,-64,5,0,-13,-1,-14,4,-15,10,-15,15,-14,20,-13,23,-11,25,-10,27,-8,28,-7,28,-6,27,-7,25,-7,22,-9,19,-11,16,-13,12,-15,9,-18,6,-20,3,-22,1,-24,-1,-25,-2,-25,-3,-25,-4,-24,-4,-6,-1,0,0,0,0,0,0,0,0,0,0,0,0,0,0,0,0,0,0,-5,-2,-19,-7,-21,-7,-23,-8,-24,-9,-24,-9,-24,-10,-23,-10,-21,-10,-18,-11,-14,-12,-9,-13,-5,-14,0,-15,4,-17,7,-19,10,-21,12,-23,13,-25,13,-27,12,-28,11,-29,8,-29,5,-28,2,-26,-1,-23,-3,-20]"
CSI_DATA,225395,d8:b1:90:db:e8:90,-51,11,1,6,0,0,1,0,0,0,1,-96,0,4,0,-810087413,0,100,0,128,1,"[100,-64,5,0,9,4,12,-1,16,-5,18,-10,19,-14,19,-18,19,-21,18,-24,17,-25,15,-25,14,-24,14,-23,13,-20,14,-16,15,-13,16,-9,17,-5,18,-1,19,3,20,5,21,7,22,9,22,10,22,10,21,11,5,2,0,0,0,0,0,0,0,0,0,0,0,0,0,0,0,0,0,0,3,3,12,15,13,17,14,19,14,20,15,21,14,21,13,20,11,20,8,18,5,17,0,15,-4,13,-9,12,-13,12,-17,11,-21,12,-24,13,-25,14,-26,16,-26,17,-25,19,-23,20,-20,20,-16,20,-12,19,-8,17]"
CSI_DATA,225396,d8:b1:90:db:e8:90,-52,11,1,6,0,0,1,0,0,0,1,-96,0,4,0,-810073931,0,100,0,128,1,"[100,-64,5,0,0,7,5,7,10,7,14,6,18,5,20,3,22,2,23,0,23,-2,23,-3,22,-3,20,-2,18,-1,16,1,14,3,12,6,10,8,8,11,7,13,6,15,5,17,4,18,4,19,3,19,3,19,0,4,0,0,0,0,0,0,0,0,0,0,0,0,0,0,0,0,0,0,-2,3,-6,14,-7,16,-7,17,-8,18,-8,19,-8,18,-8,17,-9,16,-9,13,-10,10,-10,7,-11,3,-12,0,-14,-4,-15,-7,-17,-9,-19,-10,-21,-11,-22,-11,-23,-10,-24,-9,-24,-7,-23,-4,-21,-2,-18,0,-15,2]"
CSI_DATA,225397,d8:b1:90:db:e8:90,-51,11,1,6,0,0,1,0,0,0,1,-96,0,4,0,-810058540,0,100,0,128,1,"[100,-64,5,0,-7,-9,-13,-6,-17,-2,-21,1,-24,4,-26,8,-27,10,-27,12,-27,14,-26,15,-24,15,-23,13,-22,11,-21,8,-20,4,-19,-1,-18,-5,-18,-8,-17,-12,-17,-15,-17,-16,-17,-18,-16,-20,-16,-21,-16,-19,-5,-5,0,0,0,0,0,0,0,0,0,0,0,0,0,0,0,0,0,0,-2,-5,-7,-19,-7,-21,-7,-24,-7,-25,-7,-26,-7,-26,-6,-25,-4,-23,-2,-21,1,-18,4,-15,8,-12,12,-10,16,-7,20,-6,23,-4,26,-4,28,-5,30,-6,30,-7,30,-9,28,-11,25,-12,22,-13,17,-14,13,-13]"
CSI_DATA,225398,d8:b1:90:db:e8:90,-51,11,1,6,0,0,1,0,0,0,1,-96,0,4,0,-810043545,0,100,0,128,1,"[100,-64,5,0,8,4,12,-1,16,-7,18,-12,19,-17,20,-21,20,-24,19,-27,17,-28,16,-28,14,-28,14,-26,14,-23,14,-19,15,-15,17,-11,18,-7,20,-4,22,0,24,3,25,5,26,6,26,7,25,7,25,8,6,2,0,0,0,0,0,0,0,0,0,0,0,0,0,0,0,0,0,0,2,4,9,19,9,21,9,24,10,25,10,26,10,26,9,25,7,24,4,22,1,20,-3,17,-8,15,-12,12,-17,11,-21,10,-25,10,-27,10,-30,12,-31,14,-31,16,-30,18,-27,19,-24,20,-19,20,-14,19,-10,17]"
CSI_DATA,225399,d8:b1:90:db:e8:90,-52,11,1,6,0,0,1,0,0,0,1,-96,0,4,0,-810032212,0,100,0,128,1,"[100,-64,5,0,-8,-3,-10,1,-12,5,-14,9,-14,13,-14,16,-14,18,-13,20,-12,20,-11,20,-10,19,-10,18,-10,16,-10,13,-11,10,-12,7,-14,4,-15,1,-16,-2,-17,-4,-18,-6,-19,-7,-19,-8,-19,-8,-18,-8,-5,-2,0,0,0,0,0,0,0,0,0,0,0,0,0,0,0,0,0,0,-3,-3,-12,-11,-13,-12,-14,-14,-15,-15,-15,-15,-15,-15,-14,-15,-12,-14,-10,-14,-7,-13,-3,-12,1,-12,5,-11,8,-11,11,-11,14,-12,16,-13,18,-14,19,-15,19,-17,17,-18,16,-18,13,-19,10,-18,7,-16,4,-15]"
CSI_DATA,225400,d8:b1:90:db:e8:90,-51,11,1,6,0,0,1,0,0,0,1,-96,0,4,0,-810016385,0,100,0,128,1,"[100,-64,5,0,4,-8,0,-12,-4,-16,-9,-18,-13,-20,-17,-20,-20,-20,-22,-20,-23,-19,-24,-18,-23,-16,-22,-16,-19,-15,-16,-15,-12,-16,-9,-17,-5,-19,-2,-20,1,-21,4,-22,6,-23,7,-24,8,-24,8,-23,8,-23,2,-6,0,0,0,0,0,0,0,0,0,0,0,0,0,0,0,0,0,0,4,-2,17,-8,19,-8,21,-9,22,-9,23,-9,23,-9,23,-8,22,-6,20,-4,18,-1,16,3,13,6,11,10,10,14,9,18,9,21,9,24,10,26,12,27,13,27,15,26,16,24,17,21,17,17,16,12,15,9]"
CSI_DATA,225401,d8:b1:90:db:e8:90,-52,11,1,6,0,0,1,0,0,0,1,-96,0,4,0,-809985949,0,100,0,128,1,"[100,-64,5,0,-5,-7,-9,-5,-13,-3,-16,0,-19,2,-20,5,-21,7,-21,9,-21,10,-20,11,-19,11,-18,10,-17,8,-17,6,-16,3,-16,0,-15,-3,-15,-6,-15,-8,-15,-11,-15,-12,-15,-13,-15,-14,-15,-14,-15,-14,-4,-4,0,0,0,0,0,0,0,0,0,0,0,0,0,0,0,0,0,0,0,-4,1,-16,1,-17,1,-19,2,-20,2,-20,2,-20,3,-19,3,-18,5,-16,6,-14,7,-11,9,-8,11,-5,14,-3,16,-1,18,0,20,1,22,1,23,0,24,-1,24,-2,23,-4,21,-6,18,-7,14,-8,11,-9]"
CSI_DATA,225402,d8:b1:90:db:e8:90,-51,11,1,6,0,0,1,0,0,0,1,-96,0,4,0,-809974658,0,100,0,128,1,"[100,-64,5,0,-2,10,3,12,9,14,14,14,19,14,23,13,26,11,27,10,28,8,28,7,27,6,25,6,22,7,19,8,16,10,12,12,9,15,6,17,3,20,1,21,-1,23,-3,24,-4,25,-4,24,-4,24,-1,6,0,0,0,0,0,0,0,0,0,0,0,0,0,0,0,0,0,0,-3,3,-12,16,-13,17,-14,19,-15,20,-16,21,-16,20,-16,19,-16,17,-16,14,-16,10,-15,5,-15,0,-16,-4,-16,-9,-17,-13,-18,-16,-20,-19,-22,-20,-24,-20,-26,-20,-27,-18,-27,-15,-27,-12,-25,-9,-22,-5,-19,-2]"
CSI_DATA,225403,d8:b1:90:db:e8:90,-51,11,1,6,0,0,1,0,0,0,1,-96,0,4,0,-809960983,0,100,0,128,1,"[100,-64,5,0,3,-10,-3,-13,-9,-16,-14,-18,-19,-19,-23,-18,-26,-18,-29,-17,-30,-15,-30,-14,-29,-12,-27,-12,-24,-12,-21,-13,-17,-14,-13,-16,-10,-19,-6,-21,-3,-23,1,-25,2,-26,4,-26,5,-26,4,-27,4,-28,1,-8,0,0,0,0,0,0,0,0,0,0,0,0,0,0,0,0,0,0,4,-3,18,-12,20,-13,22,-14,23,-15,24,-15,24,-14,24,-13,23,-11,21,-8,20,-4,18,0,16,5,14,9,13,14,13,18,13,22,14,25,15,27,17,27,19,27,21,26,22,24,22,20,22,16,20,11,18,7]"
CSI_DATA,225404,d8:b1:90:db:e8:90,-51,11,1,6,0,0,1,0,0,0,1,-96,0,4,0,-809950470,0,100,0,128,1,"[100,-64,5,0,0,-10,-6,-12,-12,-12,-17,-12,-21,-11,-25,-10,-28,-9,-29,-7,-30,-5,-29,-4,-28,-3,-26,-3,-24,-5,-21,-6,-17,-8,-14,-11,-11,-14,-8,-17,-6,-20,-4,-22,-2,-23,-1,-24,-1,-25,0,-25,0,-25,0,-6,0,0,0,0,0,0,0,0,0,0,0,0,0,0,0,0,0,0,2,-5,9,-18,10,-20,11,-21,12,-22,13,-23,13,-22,13,-21,13,-19,13,-16,13,-12,13,-8,13,-3,14,2,15,6,16,10,18,13,20,16,22,17,24,17,26,16,27,15,27,12,26,9,24,6,21,2,18,0]"
CSI_DATA,225405,d8:b1:90:db:e8:90,-51,11,1,6,0,0,1,0,0,0,1,-96,0,4,0,-809937208,0,100,0,128,1,"[100,-64,5,0,9,-3,9,-9,8,-15,6,-20,4,-24,2,-27,0,-29,-2,-30,-3,-30,-5,-30,-5,-28,-4,-26,-2,-24,0,-22,3,-19,7,-17,10,-14,13,-12,16,-10,19,-8,22,-7,23,-7,23,-6,23,-5,23,-5,5,-2,0,0,0,0,0,0,0,0,0,0,0,0,0,0,0,0,0,0,4,0,20,2,21,3,23,4,24,4,25,5,25,5,24,5,22,6,19,7,15,9,10,10,6,12,2,14,-2,16,-6,19,-8,22,-10,24,-10,26,-10,28,-9,30,-7,30,-5,29,-2,28,1,25,3,21,5,17]"
CSI_DATA,225406,d8:b1:90:db:e8:90,-51,11,1,6,0,0,1,0,0,0,1,-96,0,4,0,-809924582,0,100,0,128,1,"[100,-64,5,0,0,-10,-7,-12,-13,-13,-19,-13,-24,-12,-27,-11,-30,-9,-32,-8,-33,-6,-33,-4,-31,-3,-29,-4,-27,-5,-24,-7,-20,-9,-17,-12,-14,-15,-11,-19,-9,-21,-7,-24,-5,-26,-5,-27,-4,-28,-4,-28,-3,-27,-1,-7,0,0,0,0,0,0,0,0,0,0,0,0,0,0,0,0,0,0,3,-5,13,-17,15,-19,17,-20,18,-21,19,-22,19,-21,19,-20,19,-17,18,-14,18,-10,17,-6,16,-1,17,4,17,9,18,13,19,17,21,19,23,21,25,21,27,20,28,19,28,16,28,12,25,8,22,4,19,1]"
CSI_DATA,225407,d8:b1:90:db:e8:90,-52,11,1,6,0,0,1,0,0,0,1,-96,0,4,0,-809906006,0,100,0,128,1,"[100,-64,5,0,0,12,7,13,13,13,19,12,24,11,28,9,30,7,32,6,32,3,32,2,30,2,28,2,25,4,22,6,18,8,15,11,12,14,9,18,5,21,3,23,1,25,0,26,-1,27,-1,27,-1,27,-1,6,0,0,0,0,0,0,0,0,0,0,0,0,0,0,0,0,0,0,-1,5,-4,21,-5,23,-6,25,-7,26,-7,27,-7,27,-8,25,-9,23,-10,20,-11,16,-13,11,-15,6,-17,1,-19,-3,-22,-7,-24,-10,-27,-12,-29,-13,-32,-13,-33,-11,-34,-10,-33,-7,-32,-4,-29,0,-25,3,-21,5]"
CSI_DATA,225408,d8:b1:90:db:e8:90,-51,11,1,6,0,0,1,0,0,0,1,-96,0,4,0,-809883729,0,100,0,128,1,"[100,-64,5,0,-9,1,-10,7,-9,13,-8,19,-6,23,-4,26,-1,28,1,29,3,29,4,29,4,28,4,27,2,25,0,23,-3,21,-6,19,-10,18,-13,16,-16,15,-19,14,-21,14,-22,13,-23,13,-22,12,-22,12,-6,3,0,0,0,0,0,0,0,0,0,0,0,0,0,0,0,0,0,0,-4,-3,-17,-12,-18,-13,-20,-15,-21,-16,-21,-17,-21,-17,-20,-17,-18,-17,-15,-17,-12,-17,-7,-18,-3,-18,1,-18,5,-19,9,-21,11,-22,13,-24,14,-26,14,-28,13,-30,11,-30,8,-30,5,-28,2,-26,-1,-22,-3,-19]"
CSI_DATA,225409,d8:b1:90:db:e8:90,-52,11,1,6,0,0,1,0,0,0,1,-96,0,4,0,-809871614,0,100,0,128,1,"[100,-64,5,0,-3,-6,-8,-6,-12,-5,-16,-3,-20,-1,-22,1,-23,3,-24,4,-24,6,-23,7,-22,7,-21,6,-19,5,-17,2,-16,-1,-14,-4,-13,-7,-12,-10,-11,-12,-10,-15,-10,-17,-10,-18,-9,-18,-9,-19,-9,-18,-3,-5,0,0,0,0,0,0,0,0,0,0,0,0,0,0,0,0,0,0,1,-4,4,-16,5,-17,5,-19,6,-20,6,-20,6,-20,6,-19,7,-18,7,-15,8,-12,9,-9,10,-5,12,-2,13,2,15,4,17,7,19,8,21,9,23,8,24,7,24,6,24,4,22,2,20,-1,17,-2,14,-4]"
CSI_DATA,225410,d8:b1:90:db:e8:90,-52,11,1,6,0,0,1,0,0,0,1,-96,0,4,0,-809859478,0,100,0,128,1,"[100,-64,5,0,-4,6,-1,9,3,12,7,13,10,14,13,15,16,15,18,14,18,13,18,13,18,12,16,11,15,11,12,11,10,12,6,13,4,14,1,15,-1,17,-3,18,-5,18,-7,18,-8,18,-7,18,-6,17,-2,4,0,0,0,0,0,0,0,0,0,0,0,0,0,0,0,0,0,0,-4,1,-14,5,-16,6,-17,6,-18,6,-19,6,-19,6,-19,5,-18,4,-17,2,-15,0,-13,-3,-12,-6,-10,-9,-9,-12,-8,-15,-8,-17,-9,-20,-10,-21,-11,-22,-12,-22,-13,-21,-14,-19,-15,-17,-15,-14,-14,-10,-12,-8]"
CSI_DATA,225411,d8:b1:90:db:e8:90,-51,11,1,6,0,0,1,0,0,0,1,-96,0,4,0,-809848048,0,100,0,128,1,"[100,-64,5,0,8,4,12,0,15,-5,18,-10,19,-14,20,-18,20,-21,19,-23,17,-24,16,-25,15,-24,14,-22,14,-19,14,-16,14,-12,15,-8,16,-4,17,0,19,3,20,6,21,8,21,10,21,11,21,11,21,11,5,2,0,0,0,0,0,0,0,0,0,0,0,0,0,0,0,0,0,0,2,3,10,16,11,18,12,20,12,21,13,22,12,22,11,21,9,20,6,19,3,17,-1,15,-5,13,-10,11,-14,10,-18,9,-22,9,-25,10,-27,11,-28,13,-28,14,-27,16,-25,17,-22,18,-18,18,-13,17,-10,15]"
CSI_DATA,225412,d8:b1:90:db:e8:90,-51,11,1,6,0,0,1,0,0,0,1,-96,0,4,0,-809833414,0,100,0,128,1,"[100,-64,5,0,-3,9,3,12,9,13,14,14,18,14,22,14,25,13,27,12,28,10,27,8,26,7,24,7,21,8,18,9,15,10,11,12,8,15,4,17,1,19,-1,21,-3,22,-5,23,-5,24,-6,24,-6,23,-2,5,0,0,0,0,0,0,0,0,0,0,0,0,0,0,0,0,0,0,-4,3,-13,15,-15,16,-16,17,-17,18,-18,19,-18,18,-18,17,-18,15,-17,12,-16,8,-15,4,-15,-1,-14,-6,-15,-10,-15,-14,-16,-18,-18,-21,-19,-22,-21,-22,-23,-22,-24,-21,-25,-19,-24,-15,-23,-11,-21,-7,-18,-4]"
CSI_DATA,225413,d8:b1:90:db:e8:90,-51,11,1,6,0,0,1,0,0,0,1,-96,0,4,0,-809822570,0,100,0,128,1,"[100,-64,5,0,3,29,3,28,3,28,4,27,4,27,5,26,5,26,6,25,6,25,7,24,7,24,7,24,7,24,7,24,7,24,6,24,6,24,5,23,5,23,4,23,4,22,3,21,3,21,2,21,0,21,0,5,0,0,0,0,0,0,0,0,0,0,0,0,0,0,0,0,0,0,1,5,3,20,3,21,2,22,1,22,0,23,0,23,0,24,0,24,-1,25,-1,25,-2,26,-2,26,-2,26,-2,26,-2,26,-2,26,-2,26,-1,26,0,27,0,27,1,28,2,28,2,29,2,29,2,29,2,29]"
CSI_DATA,225414,d8:b1:90:db:e8:90,-51,11,1,6,0,0,1,0,0,0,1,-96,0,4,0,-809808913,0,100,0,128,1,"[100,-64,5,0,-7,24,-7,24,-6,24,-6,24,-5,23,-5,23,-4,23,-3,22,-3,22,-3,22,-2,22,-2,22,-2,23,-2,23,-2,22,-3,22,-3,22,-4,21,-4,21,-4,20,-4,19,-5,19,-5,18,-6,18,-7,18,-2,4,0,0,0,0,0,0,0,0,0,0,0,0,0,0,0,0,0,0,-1,4,-4,18,-4,18,-5,19,-6,19,-6,19,-7,20,-8,20,-8,20,-8,20,-9,21,-10,21,-10,21,-10,21,-10,21,-10,21,-10,21,-10,21,-9,22,-9,22,-8,23,-8,23,-8,24,-8,24,-7,25,-7,25,-7,25]"
CSI_DATA,225415,d8:b1:90:db:e8:90,-52,11,1,6,0,0,1,0,0,0,1,-96,0,4,0,-809798492,0,100,0,128,1,"[100,-64,5,0,-6,-5,-10,-2,-13,1,-16,4,-17,7,-18,10,-19,12,-18,14,-18,15,-17,16,-16,16,-15,15,-14,13,-14,10,-14,8,-15,4,-15,1,-16,-2,-17,-4,-17,-6,-18,-8,-18,-9,-18,-9,-18,-9,-18,-10,-5,-3,0,0,0,0,0,0,0,0,0,0,0,0,0,0,0,0,0,0,-1,-4,-3,-15,-3,-17,-3,-19,-3,-20,-3,-20,-2,-20,-2,-20,-1,-18,1,-17,3,-15,5,-12,7,-10,10,-8,13,-6,15,-5,18,-4,20,-4,22,-5,23,-6,23,-7,22,-8,21,-10,19,-11,15,-12,12,-12,9,-11]"
CSI_DATA,225416,d8:b1:90:db:e8:90,-51,11,1,6,0,0,1,0,0,0,1,-96,0,4,0,-809778732,0,100,0,128,1,"[100,-64,5,0,8,-6,6,-12,3,-17,0,-21,-3,-25,-6,-27,-9,-28,-11,-29,-13,-28,-14,-27,-14,-25,-13,-24,-10,-22,-7,-21,-3,-20,1,-19,5,-18,8,-17,12,-16,15,-16,18,-16,19,-16,20,-16,20,-15,20,-14,5,-4,0,0,0,0,0,0,0,0,0,0,0,0,0,0,0,0,0,0,4,-1,19,-3,21,-3,23,-3,24,-2,25,-2,25,-2,25,-1,23,0,20,2,17,4,14,7,10,10,6,13,4,16,1,20,-1,23,-1,26,-1,28,0,30,2,31,3,31,6,30,8,27,9,23,10,18,11,15]"
CSI_DATA,225417,d8:b1:90:db:e8:90,-51,11,1,6,0,0,1,0,0,0,1,-96,0,4,0,-809767904,0,100,0,128,1,"[100,-64,5,0,9,-2,9,-9,9,-15,8,-21,6,-26,3,-30,1,-32,-1,-33,-3,-34,-5,-33,-5,-31,-4,-29,-3,-27,0,-24,3,-22,7,-19,11,-17,14,-15,18,-14,21,-13,23,-12,24,-11,25,-11,25,-10,24,-10,6,-3,0,0,0,0,0,0,0,0,0,0,0,0,0,0,0,0,0,0,4,2,19,10,20,12,21,13,22,14,23,15,23,15,22,15,20,15,17,15,12,15,8,16,3,16,-2,17,-7,18,-11,20,-14,22,-16,24,-17,26,-17,29,-16,31,-14,31,-11,31,-7,29,-4,27,0,23,2,19]"
CSI_DATA,225418,d8:b1:90:db:e8:90,-52,11,1,6,0,0,1,0,0,0,1,-96,0,4,0,-809755465,0,100,0,128,1,"[100,-64,5,0,-9,-1,-10,4,-11,8,-11,12,-10,16,-9,19,-8,21,-7,23,-6,23,-5,23,-4,22,-4,20,-5,18,-6,16,-8,13,-10,10,-12,8,-15,5,-17,3,-18,2,-19,0,-20,0,-20,-1,-20,-1,-19,-2,-5,-1,0,0,0,0,0,0,0,0,0,0,0,0,0,0,0,0,0,0,-4,-2,-14,-8,-15,-9,-16,-10,-17,-11,-18,-11,-18,-12,-17,-12,-15,-11,-13,-12,-10,-12,-6,-12,-2,-12,1,-12,5,-13,8,-14,10,-16,12,-17,13,-19,13,-20,13,-21,12,-22,10,-22,7,-22,4,-20,1,-18,0,-15]"
CSI_DATA,225419,d8:b1:90:db:e8:90,-51,11,1,6,0,0,1,0,0,0,1,-96,0,4,0,-809745376,0,100,0,128,1,"[100,-64,5,0,7,-9,3,-15,-1,-20,-5,-24,-10,-26,-14,-28,-18,-28,-20,-28,-22,-27,-22,-26,-22,-25,-20,-23,-17,-22,-13,-21,-9,-21,-4,-21,1,-21,5,-21,8,-22,12,-22,15,-22,17,-22,18,-22,18,-22,18,-21,4,-6,0,0,0,0,0,0,0,0,0,0,0,0,0,0,0,0,0,0,5,-2,20,-8,23,-8,25,-8,26,-9,27,-9,28,-8,27,-7,25,-6,23,-3,20,0,17,4,13,8,10,12,8,17,6,21,5,25,5,29,7,31,8,33,10,34,12,33,14,31,15,27,16,23,16,18,16,14]"
CSI_DATA,225420,d8:b1:90:db:e8:90,-51,11,1,6,0,0,1,0,0,0,1,-96,0,4,0,-809732952,0,100,0,128,1,"[100,-64,5,0,8,3,12,-2,15,-7,16,-12,17,-17,18,-20,17,-23,16,-25,15,-27,13,-27,12,-26,11,-24,11,-21,12,-17,13,-13,14,-9,16,-6,17,-2,19,1,20,4,21,6,22,7,23,8,22,8,22,9,5,2,0,0,0,0,0,0,0,0,0,0,0,0,0,0,0,0,0,0,3,3,12,15,13,16,14,18,15,19,15,20,15,20,14,20,12,19,9,18,5,17,1,15,-4,13,-8,12,-13,11,-17,11,-21,12,-23,13,-25,14,-26,16,-26,18,-25,19,-23,20,-19,20,-15,20,-11,18,-8,17]"
CSI_DATA,225421,d8:b1:90:db:e8:90,-52,11,1,6,0,0,1,0,0,0,1,-96,0,4,0,-809714297,0,100,0,128,1,"[100,-64,5,0,1,7,6,7,10,7,14,6,18,5,20,3,22,2,23,0,24,-2,23,-3,22,-3,20,-2,18,-1,16,1,14,3,12,6,10,8,8,11,6,14,5,16,4,17,4,18,3,19,3,19,3,19,0,4,0,0,0,0,0,0,0,0,0,0,0,0,0,0,0,0,0,0,-1,3,-5,14,-5,16,-6,17,-7,18,-7,19,-7,19,-8,18,-8,16,-8,14,-9,11,-10,7,-11,3,-12,0,-14,-3,-15,-6,-17,-8,-19,-10,-21,-10,-23,-10,-24,-9,-24,-8,-24,-6,-23,-4,-20,-2,-17,1,-15,2]"
CSI_DATA,225422,d8:b1:90:db:e8:90,-51,11,1,6,0,0,1,0,0,0,1,-96,0,4,0,-809700222,0,100,0,128,1,"[100,-64,5,0,1,-9,-5,-12,-11,-14,-16,-15,-20,-15,-24,-14,-27,-13,-29,-11,-30,-10,-29,-9,-28,-8,-27,-7,-24,-8,-21,-9,-17,-11,-14,-13,-10,-15,-7,-18,-4,-21,-2,-23,0,-24,1,-25,1,-26,1,-26,2,-25,0,-7,0,0,0,0,0,0,0,0,0,0,0,0,0,0,0,0,0,0,3,-4,15,-14,16,-15,18,-16,19,-17,20,-17,20,-17,20,-15,19,-14,18,-11,17,-7,15,-3,14,2,14,6,14,11,14,15,14,19,15,22,17,23,19,24,21,24,22,22,23,20,23,17,21,13,19,8,17,5]"
CSI_DATA,225423,d8:b1:90:db:e8:90,-52,11,1,6,0,0,1,0,0,0,1,-96,0,4,0,-809675264,0,100,0,128,1,"[100,-64,5,0,-6,-6,-10,-4,-14,-2,-17,1,-19,4,-20,7,-21,9,-21,11,-21,12,-20,13,-19,12,-18,11,-17,10,-16,7,-15,4,-15,1,-15,-3,-15,-6,-15,-9,-15,-11,-15,-13,-15,-14,-14,-15,-14,-15,-14,-15,-4,-4,0,0,0,0,0,0,0,0,0,0,0,0,0,0,0,0,0,0,-2,-4,-5,-15,-5,-17,-5,-19,-5,-20,-5,-20,-4,-20,-4,-19,-3,-18,-1,-17,1,-15,4,-12,6,-10,9,-8,12,-6,15,-4,18,-3,20,-3,22,-3,23,-4,24,-6,23,-7,22,-9,20,-10,17,-11,13,-11,10,-11]"
CSI_DATA,225424,d8:b1:90:db:e8:90,-51,11,1,6,0,0,1,0,0,0,1,-96,0,4,0,-809660928,0,100,0,128,1,"[100,-64,5,0,5,9,11,7,17,5,22,2,26,-2,29,-5,31,-7,32,-10,31,-12,30,-13,28,-13,27,-11,25,-9,23,-6,21,-2,19,2,17,7,16,12,15,16,15,19,14,22,14,23,13,23,12,24,13,24,3,6,0,0,0,0,0,0,0,0,0,0,0,0,0,0,0,0,0,0,0,5,1,22,0,24,0,26,0,28,-1,29,-1,28,-2,27,-3,25,-5,22,-7,19,-10,14,-13,10,-16,6,-20,2,-23,-2,-27,-4,-30,-5,-32,-5,-35,-4,-36,-2,-36,0,-34,2,-32,4,-28,7,-23,9,-18,9]"
CSI_DATA,225425,d8:b1:90:db:e8:90,-51,11,1,6,0,0,1,0,0,0,1,-96,0,4,0,-809648986,0,100,0,128,1,"[100,-64,5,0,-10,2,-10,8,-9,13,-8,18,-6,23,-4,26,-2,28,-1,29,1,29,3,28,3,27,3,25,1,24,-1,21,-3,19,-6,17,-9,16,-14,14,-17,13,-20,12,-22,11,-24,11,-24,10,-23,9,-23,8,-6,2,0,0,0,0,0,0,0,0,0,0,0,0,0,0,0,0,0,0,-5,-3,-18,-10,-19,-11,-20,-13,-21,-14,-22,-14,-22,-14,-21,-14,-19,-15,-16,-15,-12,-15,-8,-16,-4,-16,1,-17,4,-18,8,-19,10,-21,12,-23,13,-25,13,-27,12,-28,10,-29,8,-29,5,-28,2,-25,-2,-21,-4,-17]"
CSI_DATA,225426,d8:b1:90:db:e8:90,-51,11,1,6,0,0,1,0,0,0,1,-96,0,4,0,-809638265,0,100,0,128,1,"[100,-64,5,0,5,6,10,4,15,1,19,-3,23,-6,25,-10,26,-13,26,-15,25,-17,24,-18,22,-18,21,-17,20,-14,20,-11,19,-8,19,-4,19,0,19,3,20,7,20,9,21,11,21,12,21,13,21,13,20,13,5,3,0,0,0,0,0,0,0,0,0,0,0,0,0,0,0,0,0,0,-2,4,-5,18,-6,20,-7,22,-8,24,-8,24,-9,24,-9,23,-10,21,-10,19,-12,16,-13,12,-15,8,-17,4,-20,1,-23,-2,-25,-4,-27,-5,-30,-5,-31,-4,-32,-2,-32,0,-31,2,-28,4,-25,6,-20,8,-16,8]"
CSI_DATA,225427,d8:b1:90:db:e8:90,-51,11,1,6,0,0,1,0,0,0,1,-96,0,4,0,-809627811,0,100,0,128,1,"[100,-64,5,0,-1,-9,-7,-10,-13,-10,-18,-10,-22,-9,-25,-7,-28,-6,-29,-4,-30,-2,-29,-1,-28,0,-26,0,-24,-1,-22,-3,-19,-6,-17,-9,-14,-12,-12,-15,-10,-18,-9,-20,-8,-22,-7,-24,-7,-24,-7,-24,-6,-23,-2,-6,0,0,0,0,0,0,0,0,0,0,0,0,0,0,0,0,0,0,2,-4,11,-15,13,-17,15,-18,15,-19,16,-19,17,-19,16,-17,16,-16,16,-13,16,-9,15,-5,15,-1,15,3,15,7,16,11,18,14,19,16,21,17,23,17,24,16,25,15,25,13,25,9,23,6,20,2,17,0]"
CSI_DATA,225428,d8:b1:90:db:e8:90,-52,11,1,6,0,0,1,0,0,0,1,-96,0,4,0,-809607434,0,100,0,128,1,"[100,-64,5,0,6,-3,5,-8,4,-12,3,-16,1,-20,-1,-22,-3,-23,-4,-24,-6,-24,-6,-23,-6,-22,-6,-20,-4,-19,-2,-17,0,-15,3,-13,6,-12,9,-10,12,-9,14,-9,16,-8,17,-8,18,-7,18,-7,17,-6,4,-2,0,0,0,0,0,0,0,0,0,0,0,0,0,0,0,0,0,0,3,0,15,2,16,2,18,3,19,3,19,3,19,4,18,4,17,4,14,5,11,6,8,8,5,9,1,11,-2,12,-4,15,-6,17,-8,19,-8,21,-8,22,-7,23,-5,24,-3,23,-1,22,1,19,2,16,3,13]"
CSI_DATA,225429,d8:b1:90:db:e8:90,-51,11,1,6,0,0,1,0,0,0,1,-96,0,4,0,-809591897,0,100,0,128,1,"[100,-64,5,0,-3,-10,-9,-9,-15,-6,-20,-4,-24,-1,-27,2,-29,4,-30,6,-30,8,-29,8,-27,10,-27,10,-25,9,-22,6,-21,3,-19,-2,-20,-6,-21,-9,-19,-12,-19,-14,-19,-16,-18,-17,-19,-17,-19,-18,-17,-18,-4,-5,0,0,0,0,0,0,0,0,0,0,0,0,0,0,0,0,0,0,3,-4,14,-16,15,-17,15,-19,16,-20,16,-20,17,-19,18,-19,17,-17,17,-14,17,-10,16,-6,16,-2,17,2,18,6,19,9,21,12,23,14,25,13,27,13,28,12,29,9,29,7,27,4,24,0,21,-2,16,-3]"
CSI_DATA,225430,d8:b1:90:db:e8:90,-51,11,1,6,0,0,1,0,0,0,1,-96,0,4,0,-809569144,0,100,0,128,1,"[100,-64,5,0,1,-10,-5,-13,-11,-15,-16,-16,-21,-16,-26,-15,-29,-14,-31,-13,-32,-11,-32,-10,-30,-9,-28,-8,-26,-9,-23,-10,-19,-12,-15,-14,-12,-17,-9,-20,-6,-23,-4,-25,-2,-26,-1,-28,0,-28,0,-28,0,-27,0,-7,0,0,0,0,0,0,0,0,0,0,0,0,0,0,0,0,0,0,4,-4,17,-13,19,-14,21,-16,22,-16,23,-16,23,-16,23,-15,22,-13,21,-10,19,-6,18,-1,16,3,15,8,14,13,14,17,15,21,16,24,18,25,20,26,22,25,23,24,24,21,24,18,23,13,21,9,18,5]"
CSI_DATA,225431,d8:b1:90:db:e8:90,-51,11,1,6,0,0,1,0,0,0,1,-96,0,4,0,-809558122,0,100,0,128,1,"[100,-64,5,0,-3,9,3,12,8,14,13,15,18,15,22,15,24,14,26,12,27,11,27,10,26,9,24,9,21,9,18,10,15,11,11,13,7,15,4,16,1,18,-2,21,-4,22,-5,23,-6,24,-6,23,-7,22,-2,5,0,0,0,0,0,0,0,0,0,0,0,0,0,0,0,0,0,0,-4,3,-14,13,-16,15,-17,16,-19,17,-19,17,-19,17,-19,16,-18,14,-17,11,-17,7,-16,2,-15,-2,-14,-7,-14,-11,-14,-15,-15,-19,-16,-22,-18,-23,-20,-24,-21,-24,-23,-22,-24,-20,-24,-17,-22,-13,-20,-9,-18,-6]"
CSI_DATA,225432,d8:b1:90:db:e8:90,-51,11,1,6,0,0,1,0,0,0,1,-96,0,4,0,-809545588,0,100,0,128,1,"[100,-64,5,0,8,1,11,-4,12,-10,13,-15,13,-20,12,-24,11,-26,10,-28,8,-29,7,-28,6,-27,5,-26,6,-24,7,-21,9,-18,12,-15,15,-12,17,-9,19,-7,20,-5,22,-5,24,-4,24,-3,23,-1,23,0,5,0,0,0,0,0,0,0,0,0,0,0,0,0,0,0,0,0,0,0,2,3,11,14,12,16,13,18,13,19,14,20,14,20,13,20,11,19,9,18,5,17,1,16,-4,15,-8,14,-12,14,-15,14,-18,15,-21,16,-22,18,-23,19,-22,21,-21,22,-18,23,-15,23,-11,22,-7,19,-4,17]"
CSI_DATA,225433,d8:b1:90:db:e8:90,-51,11,1,6,0,0,1,0,0,0,1,-96,0,4,0,-809534170,0,100,0,128,1,"[100,-64,5,0,-11,1,-11,7,-11,13,-11,18,-9,22,-8,26,-6,28,-4,29,-2,30,-1,29,0,28,-1,26,-2,23,-4,21,-7,18,-10,15,-13,12,-16,10,-19,8,-21,6,-23,5,-25,4,-25,4,-25,3,-24,3,-6,0,0,0,0,0,0,0,0,0,0,0,0,0,0,0,0,0,0,0,-5,-2,-19,-8,-20,-9,-22,-11,-23,-11,-24,-12,-24,-12,-23,-12,-20,-12,-17,-13,-14,-13,-9,-14,-5,-15,0,-16,4,-17,8,-19,11,-21,13,-24,14,-26,14,-28,13,-29,11,-30,9,-29,5,-28,2,-26,-1,-22,-3,-19]"
CSI_DATA,225434,d8:b1:90:db:e8:90,-51,11,1,6,0,0,1,0,0,0,1,-96,0,4,0,-809523432,0,100,0,128,1,"[100,-64,5,0,-12,-7,-16,-2,-19,3,-21,7,-23,11,-24,15,-24,18,-23,19,-22,21,-21,21,-20,20,-18,18,-18,15,-17,12,-18,7,-18,3,-18,-1,-18,-6,-18,-10,-18,-13,-19,-15,-19,-17,-19,-18,-18,-18,-18,-18,-5,-5,0,0,0,0,0,0,0,0,0,0,0,0,0,0,0,0,0,0,-5,-3,-17,-11,-19,-12,-20,-14,-21,-15,-21,-16,-21,-16,-19,-16,-17,-16,-14,-15,-10,-15,-6,-14,-1,-14,4,-14,9,-14,13,-14,17,-15,20,-16,22,-18,23,-20,23,-21,22,-23,20,-24,16,-24,12,-23,8,-21,5,-20]"
CSI_DATA,225435,d8:b1:90:db:e8:90,-51,11,1,6,0,0,1,0,0,0,1,-96,0,4,0,-809505461,0,100,0,128,1,"[100,-64,5,0,-4,6,0,11,5,14,9,17,14,18,18,19,21,19,23,18,24,16,24,15,24,14,22,13,20,13,17,13,13,14,10,16,6,17,3,19,0,20,-2,22,-4,23,-5,24,-6,24,-6,23,-6,23,-2,5,0,0,0,0,0,0,0,0,0,0,0,0,0,0,0,0,0,0,-5,0,-20,1,-22,1,-24,1,-26,1,-26,1,-26,1,-26,0,-24,-1,-22,-3,-19,-5,-16,-8,-13,-11,-10,-15,-8,-18,-6,-21,-5,-24,-5,-27,-6,-29,-7,-30,-9,-30,-11,-30,-13,-28,-14,-25,-14,-21,-14,-16,-13,-12]"
CSI_DATA,225436,d8:b1:90:db:e8:90,-51,11,1,6,0,0,1,0,0,0,1,-96,0,4,0,-809475748,0,100,0,128,1,"[100,-64,5,0,7,-6,5,-11,2,-16,-1,-21,-4,-24,-7,-26,-10,-27,-12,-27,-14,-27,-15,-26,-15,-25,-14,-23,-11,-22,-8,-21,-5,-20,-1,-19,3,-19,7,-19,10,-19,12,-18,15,-18,16,-19,17,-19,16,-18,16,-17,4,-5,0,0,0,0,0,0,0,0,0,0,0,0,0,0,0,0,0,0,4,0,19,1,20,2,22,2,23,3,24,3,25,4,24,5,22,5,19,6,16,8,12,10,9,12,5,15,2,17,-1,20,-2,23,-3,26,-3,28,-2,29,-1,30,1,30,3,29,6,26,8,23,9,18,9,14]"
CSI_DATA,225437,d8:b1:90:db:e8:90,-51,11,1,6,0,0,1,0,0,0,1,-96,0,4,0,-809461123,0,100,0,128,1,"[100,-64,5,0,11,-4,11,-10,10,-16,8,-21,6,-25,4,-28,2,-30,1,-30,-1,-30,-2,-30,-3,-28,-2,-26,0,-24,2,-21,5,-18,8,-15,11,-12,15,-9,17,-7,20,-5,22,-3,24,-2,24,-2,24,-1,24,0,6,0,0,0,0,0,0,0,0,0,0,0,0,0,0,0,0,0,0,0,4,-1,19,-4,21,-4,23,-4,24,-4,25,-3,25,-3,24,-2,22,-1,19,1,16,4,12,6,8,9,4,12,1,16,-2,19,-4,22,-5,25,-5,27,-5,29,-4,31,-2,31,0,30,3,28,5,25,7,20,8,17]"
CSI_DATA,225438,d8:b1:90:db:e8:90,-51,11,1,6,0,0,1,0,0,0,1,-96,0,4,0,-809446264,0,100,0,128,1,"[100,-64,5,0,-2,8,3,11,9,12,13,13,18,13,21,13,24,12,26,10,27,9,27,7,26,6,24,6,22,6,19,8,16,10,13,11,10,14,7,17,4,19,2,21,0,22,-1,23,-1,22,0,22,-1,22,-1,5,0,0,0,0,0,0,0,0,0,0,0,0,0,0,0,0,0,0,-4,2,-17,9,-19,10,-21,10,-22,11,-23,11,-23,11,-22,10,-21,8,-20,6,-18,3,-17,-1,-15,-5,-13,-9,-13,-13,-13,-17,-13,-20,-14,-22,-16,-24,-17,-24,-19,-24,-20,-23,-21,-21,-21,-18,-20,-14,-19,-9,-16,-6]"
CSI_DATA,225439,d8:b1:90:db:e8:90,-51,11,1,6,0,0,1,0,0,0,1,-96,0,4,0,-809433743,0,100,0,128,1,"[100,-64,5,0,-4,-9,-10,-9,-15,-7,-20,-6,-24,-3,-26,-1,-28,1,-29,3,-29,5,-29,6,-27,6,-26,6,-24,4,-22,2,-21,-1,-19,-5,-18,-8,-16,-12,-15,-15,-14,-18,-14,-20,-14,-21,-14,-21,-13,-21,-12,-21,-3,-6,0,0,0,0,0,0,0,0,0,0,0,0,0,0,0,0,0,0,1,-5,6,-18,7,-20,8,-22,9,-23,9,-24,10,-23,10,-22,11,-20,11,-18,12,-14,13,-10,14,-6,16,-2,18,2,20,5,22,8,24,9,26,9,28,9,29,8,30,6,29,4,27,1,24,-2,20,-5,17,-6]"
CSI_DATA,225440,d8:b1:90:db:e8:90,-51,11,1,6,0,0,1,0,0,0,1,-96,0,4,0,-809422232,0,100,0,128,1,"[100,-64,5,0,0,9,6,10,12,10,17,10,21,8,25,7,27,5,28,4,29,2,28,1,27,0,25,0,23,2,21,4,18,6,16,9,14,12,12,15,10,18,8,20,7,21,6,23,5,23,5,23,5,23,1,5,0,0,0,0,0,0,0,0,0,0,0,0,0,0,0,0,0,0,-3,3,-12,15,-13,16,-14,18,-15,19,-16,19,-16,19,-16,18,-16,16,-16,13,-16,10,-16,5,-16,1,-17,-3,-17,-7,-19,-11,-20,-14,-22,-16,-24,-17,-26,-17,-27,-16,-28,-14,-28,-12,-27,-9,-24,-5,-21,-2,-18,0]"
CSI_DATA,225441,d8:b1:90:db:e8:90,-51,11,1,6,0,0,1,0,0,0,1,-96,0,4,0,-809409016,0,100,0,128,1,"[100,-64,5,0,-9,6,-6,11,-2,16,1,20,5,23,8,25,11,26,13,26,14,25,15,24,15,23,13,22,11,20,8,19,4,18,0,18,-4,17,-8,17,-11,16,-15,16,-17,16,-19,16,-20,16,-20,16,-19,15,-5,3,0,0,0,0,0,0,0,0,0,0,0,0,0,0,0,0,0,0,-5,1,-20,4,-22,4,-24,4,-25,4,-26,4,-26,4,-25,3,-24,2,-21,0,-19,-3,-15,-6,-12,-10,-9,-13,-7,-17,-4,-21,-3,-24,-3,-27,-3,-29,-5,-31,-6,-31,-8,-31,-10,-29,-11,-27,-13,-23,-13,-18,-13,-14]"
CSI_DATA,225442,d8:b1:90:db:e8:90,-52,11,1,6,0,0,1,0,0,0,1,-96,0,4,0,-809397524,0,100,0,128,1,"[100,-64,5,0,-9,1,-10,5,-10,10,-9,14,-8,17,-7,20,-5,22,-4,23,-3,23,-2,22,-2,21,-2,20,-3,18,-4,16,-6,13,-9,11,-11,9,-13,6,-15,4,-17,3,-19,2,-20,1,-20,0,-20,0,-20,0,-5,0,0,0,0,0,0,0,0,0,0,0,0,0,0,0,0,0,0,0,-4,-1,-15,-3,-17,-3,-18,-4,-19,-4,-20,-4,-20,-4,-19,-5,-17,-6,-15,-6,-12,-8,-9,-9,-6,-10,-2,-12,1,-14,3,-16,5,-17,7,-19,7,-21,7,-23,7,-24,5,-24,3,-24,1,-22,-1,-20,-3,-17,-4,-15]"
CSI_DATA,225443,d8:b1:90:db:e8:90,-51,11,1,6,0,0,1,0,0,0,1,-96,0,4,0,-809365772,0,100,0,128,1,"[100,-64,5,0,-3,9,2,12,7,15,12,16,16,17,20,17,23,16,25,15,26,14,26,12,25,11,23,10,20,11,17,11,13,12,9,14,5,16,2,17,-1,19,-4,20,-6,22,-8,22,-9,23,-9,23,-9,22,-3,5,0,0,0,0,0,0,0,0,0,0,0,0,0,0,0,0,0,0,-4,3,-15,12,-17,14,-18,15,-20,16,-20,16,-21,16,-20,14,-19,13,-18,10,-17,6,-16,1,-14,-3,-13,-8,-13,-12,-13,-16,-14,-20,-15,-23,-16,-25,-18,-25,-20,-25,-21,-24,-22,-22,-22,-19,-21,-14,-19,-10,-17,-7]"
CSI_DATA,225444,d8:b1:90:db:e8:90,-51,11,1,6,0,0,1,0,0,0,1,-96,0,4,0,-809355536,0,100,0,128,1,"[100,-64,5,0,9,0,11,-6,12,-11,13,-17,12,-21,11,-25,10,-27,9,-29,7,-30,6,-29,5,-28,5,-26,6,-23,7,-20,9,-17,12,-13,14,-10,16,-7,18,-4,21,-2,23,0,23,2,24,3,23,3,23,2,5,0,0,0,0,0,0,0,0,0,0,0,0,0,0,0,0,0,0,0,4,2,16,9,18,11,19,12,20,13,21,14,21,14,20,14,17,14,14,14,10,14,6,14,1,14,-4,14,-8,14,-13,16,-16,17,-18,19,-19,21,-20,23,-19,25,-18,26,-15,26,-12,25,-9,23,-5,20,-2,17]"
CSI_DATA,225445,d8:b1:90:db:e8:90,-52,11,1,6,0,0,1,0,0,0,1,-96,0,4,0,-809336736,0,100,0,128,1,"[100,-64,5,0,-9,-2,-12,2,-13,7,-14,11,-14,15,-14,18,-13,20,-12,22,-11,22,-10,22,-9,21,-8,19,-9,16,-9,13,-10,10,-12,7,-13,3,-14,-1,-15,-4,-16,-7,-17,-8,-18,-10,-18,-10,-18,-11,-18,-11,-5,-3,0,0,0,0,0,0,0,0,0,0,0,0,0,0,0,0,0,0,-4,-1,-17,-5,-18,-5,-19,-6,-20,-7,-21,-7,-20,-8,-19,-8,-17,-8,-15,-9,-11,-9,-7,-9,-3,-10,1,-11,5,-12,8,-14,11,-15,13,-17,15,-19,15,-20,15,-22,14,-22,12,-22,9,-22,6,-21,3,-18,1,-16]"
CSI_DATA,225446,d8:b1:90:db:e8:90,-51,11,1,6,0,0,1,0,0,0,1,-96,0,4,0,-809323232,0,100,0,128,1,"[100,-64,5,0,-1,10,5,11,11,12,16,13,20,12,24,11,27,10,28,8,29,6,29,4,27,4,25,4,23,5,20,7,17,9,13,11,10,14,7,17,4,19,2,22,1,23,0,24,-1,25,-1,25,-1,24,-1,6,0,0,0,0,0,0,0,0,0,0,0,0,0,0,0,0,0,0,-3,4,-11,16,-12,18,-13,19,-14,20,-15,21,-15,21,-15,20,-15,17,-15,14,-15,11,-15,6,-15,1,-16,-3,-17,-8,-18,-12,-19,-15,-21,-17,-23,-19,-25,-19,-26,-18,-27,-16,-28,-14,-27,-11,-25,-7,-22,-3,-19,-1]"
CSI_DATA,225447,d8:b1:90:db:e8:90,-52,11,1,6,0,0,1,0,0,0,1,-96,0,4,0,-809303994,0,100,0,128,1,"[100,-64,5,0,-1,-9,-6,-10,-10,-10,-14,-10,-18,-9,-20,-8,-22,-7,-23,-5,-24,-4,-23,-3,-22,-2,-21,-3,-19,-3,-16,-5,-14,-7,-11,-9,-9,-11,-6,-14,-4,-16,-3,-17,-1,-19,0,-20,0,-20,0,-20,0,-20,0,-5,0,0,0,0,0,0,0,0,0,0,0,0,0,0,0,0,0,0,0,-4,2,-15,2,-17,3,-18,3,-19,4,-20,4,-19,5,-18,5,-17,6,-15,7,-12,8,-9,9,-5,11,-2,13,1,14,4,16,6,18,7,20,8,21,8,22,8,23,6,22,5,21,2,19,0,16,-3,14,-4]"
CSI_DATA,225448,d8:b1:90:db:e8:90,-52,11,1,6,0,0,1,0,0,0,1,-96,0,4,0,-809291596,0,100,0,128,1,"[100,-64,5,0,-4,6,-1,10,3,12,6,14,10,16,13,16,15,16,17,16,18,15,18,14,17,13,16,12,14,12,11,11,8,12,5,12,2,13,-1,14,-4,15,-7,16,-8,16,-10,17,-10,17,-10,16,-10,16,-3,4,0,0,0,0,0,0,0,0,0,0,0,0,0,0,0,0,0,0,-4,1,-14,7,-15,7,-17,8,-18,8,-19,9,-19,8,-18,8,-17,6,-16,4,-15,2,-13,-2,-11,-5,-9,-8,-8,-12,-8,-15,-7,-18,-8,-20,-9,-22,-10,-23,-11,-23,-13,-22,-14,-21,-15,-18,-15,-15,-14,-11,-12,-8]"
CSI_DATA,225449,d8:b1:90:db:e8:90,-51,11,1,6,0,0,1,0,0,0,1,-96,0,4,0,-809265792,0,100,0,128,1,"[100,-64,5,0,-16,-3,-18,4,-19,10,-20,16,-19,21,-19,24,-18,27,-16,29,-15,29,-14,29,-13,28,-12,25,-12,22,-13,18,-15,14,-16,9,-18,5,-20,0,-21,-4,-23,-7,-24,-10,-25,-11,-25,-13,-25,-13,-25,-14,-6,-4,0,0,0,0,0,0,0,0,0,0,0,0,0,0,0,0,0,0,-6,-1,-23,-2,-24,-2,-26,-3,-28,-3,-29,-4,-28,-4,-27,-5,-24,-6,-21,-7,-17,-9,-12,-11,-7,-13,-2,-16,3,-18,7,-21,10,-23,12,-26,13,-29,13,-31,12,-32,11,-33,8,-33,5,-32,2,-29,-2,-26,-5,-23]"
CSI_DATA,225450,d8:b1:90:db:e8:90,-52,11,1,6,0,0,1,0,0,0,1,-96,0,4,0,-809255658,0,100,0,128,1,"[100,-64,5,0,7,-5,5,-10,3,-14,1,-18,-2,-20,-4,-22,-7,-23,-8,-24,-9,-24,-10,-23,-10,-22,-9,-21,-7,-19,-5,-18,-2,-17,1,-16,4,-15,7,-14,10,-14,13,-13,15,-13,16,-12,17,-12,17,-12,17,-11,4,-3,0,0,0,0,0,0,0,0,0,0,0,0,0,0,0,0,0,0,3,-1,15,-3,17,-3,18,-3,19,-3,20,-3,20,-2,19,-2,18,-1,16,1,14,3,11,5,8,8,5,11,3,13,2,16,0,19,0,21,0,23,1,24,2,24,4,24,5,23,7,21,8,18,8,15,9,12]"
CSI_DATA,225451,d8:b1:90:db:e8:90,-51,11,1,6,0,0,1,0,0,0,1,-96,0,4,0,-809243612,0,100,0,128,1,"[100,-64,5,0,-9,-7,-14,-3,-19,2,-23,6,-25,11,-27,15,-27,18,-27,20,-26,22,-24,22,-23,22,-22,20,-21,17,-20,13,-20,8,-19,4,-19,-1,-20,-6,-20,-10,-20,-13,-22,-16,-22,-18,-22,-19,-22,-19,-22,-18,-6,-5,0,0,0,0,0,0,0,0,0,0,0,0,0,0,0,0,0,0,-3,-5,-10,-21,-11,-23,-11,-25,-11,-27,-11,-27,-11,-27,-10,-26,-8,-25,-5,-23,-2,-20,2,-17,6,-14,11,-12,16,-10,21,-8,24,-7,28,-7,31,-8,32,-10,33,-12,32,-14,30,-16,27,-17,22,-17,17,-17,13,-16]"
CSI_DATA,225452,d8:b1:90:db:e8:90,-51,11,1,6,0,0,1,0,0,0,1,-96,0,4,0,-809230657,0,100,0,128,1,"[100,-64,5,0,4,-8,-1,-12,-5,-16,-9,-18,-13,-20,-17,-20,-20,-20,-22,-20,-23,-19,-24,-17,-23,-16,-22,-15,-19,-15,-16,-15,-13,-16,-9,-16,-5,-18,-2,-19,1,-20,3,-22,5,-23,7,-23,7,-23,7,-23,7,-22,1,-6,0,0,0,0,0,0,0,0,0,0,0,0,0,0,0,0,0,0,4,-2,18,-5,20,-5,22,-5,23,-6,24,-5,24,-5,23,-4,22,-3,20,-1,18,2,15,5,12,8,9,11,7,15,6,19,5,22,6,25,7,27,8,28,10,28,12,27,13,25,14,22,15,18,14,14,13,10]"
CSI_DATA,225453,d8:b1:90:db:e8:90,-51,11,1,6,0,0,1,0,0,0,1,-96,0,4,0,-809218598,0,100,0,128,1,"[100,-64,5,0,2,-9,-3,-13,-8,-16,-13,-18,-17,-18,-21,-18,-24,-17,-26,-16,-27,-15,-27,-14,-26,-12,-24,-12,-21,-12,-18,-12,-14,-13,-10,-14,-7,-16,-3,-18,0,-20,3,-22,4,-23,6,-23,7,-24,7,-24,7,-23,1,-6,0,0,0,0,0,0,0,0,0,0,0,0,0,0,0,0,0,0,3,-3,15,-13,17,-14,18,-15,19,-16,20,-16,21,-15,20,-14,19,-12,18,-10,16,-6,15,-2,13,3,12,7,11,11,11,16,12,19,12,22,14,24,16,25,18,25,19,23,20,21,20,18,20,14,18,10,17,6]"
CSI_DATA,225454,d8:b1:90:db:e8:90,-51,11,1,6,0,0,1,0,0,0,1,-96,0,4,0,-809194703,0,100,0,128,1,"[100,-64,5,0,-7,-12,-13,-10,-19,-7,-24,-4,-28,-1,-31,2,-33,4,-33,6,-33,8,-31,9,-30,9,-28,8,-25,6,-23,2,-20,-2,-18,-6,-15,-11,-13,-15,-11,-19,-9,-22,-8,-24,-7,-26,-6,-27,-6,-28,-5,-28,-2,-7,0,0,0,0,0,0,0,0,0,0,0,0,0,0,0,0,0,0,-3,-5,-10,-20,-11,-23,-11,-25,-11,-27,-11,-27,-11,-27,-9,-26,-7,-24,-4,-22,-1,-19,3,-16,7,-12,12,-9,17,-6,21,-4,25,-2,28,-1,31,-2,33,-3,34,-4,34,-6,32,-8,30,-10,26,-12,21,-13,17,-13]"
CSI_DATA,225455,d8:b1:90:db:e8:90,-51,11,1,6,0,0,1,0,0,0,1,-96,0,4,0,-809178071,0,100,0,128,1,"[100,-64,5,0,9,7,13,3,17,-1,21,-5,23,-9,24,-13,25,-16,24,-18,23,-19,22,-19,21,-18,20,-16,19,-14,18,-10,17,-6,16,-2,16,3,15,7,15,11,15,14,15,17,14,18,14,19,14,20,13,20,3,5,0,0,0,0,0,0,0,0,0,0,0,0,0,0,0,0,0,0,3,2,14,12,15,14,16,16,17,17,18,17,17,18,16,17,14,17,10,16,6,15,2,14,-3,12,-8,11,-13,11,-17,10,-20,10,-23,11,-26,12,-27,14,-27,16,-26,17,-25,18,-21,19,-17,19,-13,18,-9,17]"
CSI_DATA,225456,d8:b1:90:db:e8:90,-51,11,1,6,0,0,1,0,0,0,1,-96,0,4,0,-809158768,0,100,0,128,1,"[100,-64,5,0,9,0,11,-5,13,-11,13,-16,13,-21,12,-24,11,-27,9,-29,8,-29,6,-29,5,-28,5,-26,6,-24,7,-20,9,-17,11,-13,14,-10,16,-6,19,-4,21,-2,23,0,24,1,24,1,24,2,24,2,5,0,0,0,0,0,0,0,0,0,0,0,0,0,0,0,0,0,0,0,3,2,15,11,17,13,18,15,19,16,19,16,19,16,18,16,16,16,13,15,9,15,5,14,0,14,-5,14,-10,14,-14,15,-17,16,-20,18,-21,19,-21,21,-21,23,-20,24,-17,25,-14,24,-10,23,-6,20,-3,17]"
CSI_DATA,225457,d8:b1:90:db:e8:90,-51,11,1,6,0,0,1,0,0,0,1,-96,0,4,0,-809139439,0,100,0,128,1,"[100,-64,5,0,-9,-3,-12,3,-14,8,-15,13,-16,17,-15,21,-14,24,-13,26,-11,27,-10,26,-9,26,-8,24,-9,22,-10,19,-12,15,-14,12,-16,9,-18,6,-20,4,-22,1,-23,0,-24,-1,-24,-1,-24,-2,-23,-3,-6,-1,0,0,0,0,0,0,0,0,0,0,0,0,0,0,0,0,0,0,-3,-4,-11,-17,-11,-19,-12,-21,-13,-22,-13,-23,-12,-23,-11,-22,-10,-21,-7,-20,-4,-18,-1,-17,4,-15,8,-14,12,-13,16,-13,19,-13,22,-14,23,-15,24,-17,24,-19,23,-20,20,-21,17,-21,13,-20,9,-19,6,-17]"
CSI_DATA,225458,d8:b1:90:db:e8:90,-51,11,1,6,0,0,1,0,0,0,1,-96,0,4,0,-809126262,0,100,0,128,1,"[100,-64,5,0,0,-9,-5,-12,-11,-13,-16,-14,-20,-14,-24,-13,-27,-12,-28,-11,-29,-9,-29,-8,-28,-7,-26,-7,-23,-7,-19,-8,-16,-10,-12,-12,-9,-15,-5,-17,-2,-20,0,-22,2,-23,3,-24,4,-24,4,-24,5,-24,1,-6,0,0,0,0,0,0,0,0,0,0,0,0,0,0,0,0,0,0,2,-4,11,-17,12,-18,13,-20,14,-21,15,-21,15,-21,15,-20,15,-17,14,-14,14,-10,13,-6,13,-1,13,4,14,8,14,12,15,16,17,19,19,20,21,21,23,20,24,19,24,16,24,13,22,10,20,6,17,4]"
CSI_DATA,225459,d8:b1:90:db:e8:90,-52,11,1,6,0,0,1,0,0,0,1,-96,0,4,0,-809112779,0,100,0,128,1,"[100,-64,5,0,6,-4,4,-9,3,-13,1,-17,-1,-19,-4,-21,-6,-22,-8,-23,-9,-22,-10,-22,-10,-21,-9,-19,-8,-18,-6,-17,-3,-16,0,-15,3,-15,6,-15,9,-14,11,-14,13,-14,14,-14,14,-14,14,-14,14,-13,3,-4,0,0,0,0,0,0,0,0,0,0,0,0,0,0,0,0,0,0,3,0,14,2,16,3,17,3,18,4,18,4,19,5,18,5,16,6,14,6,12,7,9,9,6,10,3,12,0,14,-2,16,-4,18,-4,20,-4,21,-4,23,-3,24,-1,24,1,23,2,21,4,18,6,15,6,12]"
CSI_DATA,225460,d8:b1:90:db:e8:90,-51,11,1,6,0,0,1,0,0,0,1,-96,0,4,0,-809100042,0,100,0,128,1,"[100,-64,5,0,-1,10,5,12,12,14,18,14,23,14,27,12,30,11,32,9,32,7,32,6,30,5,28,5,25,6,22,7,18,10,14,12,11,15,7,18,4,21,2,24,0,25,-2,26,-2,27,-3,27,-3,27,-1,6,0,0,0,0,0,0,0,0,0,0,0,0,0,0,0,0,0,0,-3,4,-12,18,-14,20,-15,21,-17,23,-17,23,-17,23,-17,22,-17,19,-17,16,-17,11,-17,6,-17,1,-17,-4,-17,-9,-19,-14,-20,-18,-22,-21,-25,-22,-27,-22,-29,-21,-30,-19,-30,-17,-29,-13,-27,-9,-24,-5,-21,-2]"
CSI_DATA,225461,d8:b1:90:db:e8:90,-51,11,1,6,0,0,1,0,0,0,1,-96,0,4,0,-809082889,0,100,0,128,1,"[100,-64,5,0,-10,-3,-14,3,-16,8,-18,14,-18,19,-18,23,-18,26,-16,28,-15,29,-13,29,-12,28,-12,27,-12,24,-13,20,-14,17,-16,13,-18,9,-21,5,-23,2,-25,0,-26,-2,-27,-3,-27,-4,-27,-4,-27,-5,-7,-2,0,0,0,0,0,0,0,0,0,0,0,0,0,0,0,0,0,0,-3,-5,-12,-19,-13,-21,-13,-23,-14,-25,-14,-26,-14,-26,-12,-25,-10,-24,-8,-23,-4,-21,0,-18,5,-17,10,-15,15,-14,19,-14,22,-14,25,-15,27,-16,28,-18,28,-20,26,-21,24,-23,20,-23,16,-22,11,-20,7,-18]"
CSI_DATA,225462,d8:b1:90:db:e8:90,-51,11,1,6,0,0,1,0,0,0,1,-96,0,4,0,-809055047,0,100,0,128,1,"[100,-64,5,0,-1,-11,-6,-12,-12,-13,-17,-13,-22,-13,-25,-11,-28,-10,-30,-8,-30,-6,-30,-5,-29,-4,-27,-4,-25,-5,-21,-7,-18,-9,-15,-11,-12,-14,-9,-17,-6,-20,-4,-22,-3,-24,-2,-25,-1,-25,-1,-26,-1,-25,0,-7,0,0,0,0,0,0,0,0,0,0,0,0,0,0,0,0,0,0,2,-5,9,-18,10,-19,12,-21,13,-22,13,-23,14,-22,14,-21,14,-19,14,-16,14,-12,14,-8,14,-3,15,2,16,6,17,10,19,14,20,16,23,17,25,17,26,16,27,14,27,12,26,9,24,5,21,2,18,-1]"
CSI_DATA,225463,d8:b1:90:db:e8:90,-51,11,1,6,0,0,1,0,0,0,1,-96,0,4,0,-809044710,0,100,0,128,1,"[100,-64,5,0,-3,-8,-9,-8,-15,-7,-20,-6,-24,-4,-26,-1,-28,1,-29,3,-29,5,-28,6,-27,6,-26,5,-24,4,-22,1,-20,-2,-18,-5,-16,-8,-15,-12,-15,-15,-13,-17,-12,-19,-12,-21,-12,-22,-12,-22,-11,-22,-3,-6,0,0,0,0,0,0,0,0,0,0,0,0,0,0,0,0,0,0,1,-5,8,-18,9,-19,10,-21,10,-22,11,-23,11,-23,11,-21,11,-20,12,-17,13,-13,13,-9,14,-5,15,-1,17,3,19,7,21,9,23,11,25,12,27,11,28,10,28,8,28,6,26,3,24,0,20,-2,17,-4]"
CSI_DATA,225464,d8:b1:90:db:e8:90,-51,11,1,6,0,0,1,0,0,0,1,-96,0,4,0,-809032347,0,100,0,128,1,"[100,-64,5,0,-11,-2,-13,4,-14,10,-15,15,-14,20,-13,23,-12,26,-11,28,-10,28,-8,28,-8,27,-8,25,-8,22,-9,19,-11,16,-14,12,-16,10,-18,6,-20,3,-22,0,-23,-1,-26,-2,-25,-3,-24,-4,-23,-3,-6,-1,0,0,0,0,0,0,0,0,0,0,0,0,0,0,0,0,0,0,-5,-3,-17,-11,-19,-12,-20,-14,-21,-15,-22,-15,-22,-15,-21,-15,-18,-15,-15,-15,-11,-15,-7,-15,-2,-15,3,-15,8,-16,11,-17,15,-19,17,-20,18,-22,19,-24,18,-26,16,-27,14,-27,11,-26,7,-24,4,-22,1,-19]"
CSI_DATA,225465,d8:b1:90:db:e8:90,-51,11,1,6,0,0,1,0,0,0,1,-96,0,4,0,-809021985,0,100,0,128,1,"[100,-64,5,0,9,2,12,-4,15,-9,16,-15,16,-19,16,-23,15,-26,14,-28,13,-28,11,-28,10,-27,10,-25,10,-22,11,-18,12,-14,13,-10,15,-6,17,-2,19,1,20,4,21,6,22,8,22,9,22,10,22,10,5,2,0,0,0,0,0,0,0,0,0,0,0,0,0,0,0,0,0,0,4,2,16,10,18,12,19,13,20,14,21,15,21,15,19,14,17,14,14,14,10,14,5,13,0,13,-5,13,-10,13,-14,14,-18,15,-21,17,-23,19,-23,21,-22,22,-21,24,-19,24,-16,24,-12,23,-8,20,-5,18]"
CSI_DATA,225466,d8:b1:90:db:e8:90,-51,11,1,6,0,0,1,0,0,0,1,-96,0,4,0,-809011164,0,100,0,128,1,"[100,-64,5,0,10,-1,11,-7,12,-12,12,-18,11,-22,9,-25,8,-28,6,-29,5,-29,3,-29,3,-28,3,-26,4,-23,6,-20,8,-17,11,-14,13,-11,16,-8,18,-5,20,-3,22,-1,24,0,24,0,24,1,23,1,5,0,0,0,0,0,0,0,0,0,0,0,0,0,0,0,0,0,0,0,4,1,18,4,20,5,22,6,23,7,23,7,23,8,22,8,20,9,17,9,13,10,9,11,4,12,0,14,-4,16,-8,18,-11,20,-12,22,-13,24,-13,26,-13,28,-11,28,-8,28,-6,27,-2,24,1,21,3,18]"
CSI_DATA,225467,d8:b1:90:db:e8:90,-51,11,1,6,0,0,1,0,0,0,1,-96,0,4,0,-808996582,0,100,0,128,1,"[100,-64,5,0,9,3,12,-3,15,-8,17,-14,18,-19,19,-23,18,-26,16,-29,15,-30,13,-30,12,-29,11,-27,12,-24,12,-21,14,-17,16,-13,18,-9,20,-6,22,-3,24,0,25,2,26,3,27,4,26,4,26,4,6,1,0,0,0,0,0,0,0,0,0,0,0,0,0,0,0,0,0,0,2,4,9,19,10,21,10,23,10,25,11,25,11,25,10,25,8,24,5,22,2,20,-3,17,-7,15,-12,13,-16,12,-20,11,-24,11,-27,12,-29,13,-30,15,-30,17,-29,19,-26,20,-23,21,-18,20,-13,19,-9,17]"
CSI_DATA,225468,d8:b1:90:db:e8:90,-52,11,1,6,0,0,1,0,0,0,1,-96,0,4,0,-808983675,0,100,0,128,1,"[100,-64,5,0,4,5,8,3,12,1,15,-2,17,-5,19,-7,20,-10,20,-11,20,-13,19,-13,18,-13,16,-12,16,-10,15,-8,14,-5,14,-2,14,1,14,4,14,7,14,9,14,10,14,11,14,12,14,12,14,12,3,3,0,0,0,0,0,0,0,0,0,0,0,0,0,0,0,0,0,0,-1,3,-2,14,-2,16,-3,17,-3,18,-3,19,-4,19,-4,18,-4,17,-5,15,-7,12,-8,9,-10,6,-12,4,-14,1,-17,-1,-19,-2,-21,-3,-23,-2,-24,-2,-25,0,-24,1,-23,3,-22,4,-19,6,-15,6,-12,7]"
CSI_DATA,225469,d8:b1:90:db:e8:90,-52,11,1,6,0,0,1,0,0,0,1,-96,0,4,0,-808960245,0,100,0,128,1,"[100,-64,5,0,-9,4,-7,8,-5,13,-4,17,-1,20,1,22,3,23,4,24,6,23,7,22,7,21,6,20,4,18,2,16,-1,15,-4,13,-7,12,-11,10,-14,9,-16,8,-18,7,-19,7,-20,6,-20,6,-19,6,-5,1,0,0,0,0,0,0,0,0,0,0,0,0,0,0,0,0,0,0,-4,0,-16,3,-18,3,-19,3,-20,3,-21,3,-21,3,-20,2,-19,1,-17,-1,-14,-3,-12,-5,-9,-8,-6,-11,-4,-14,-1,-17,0,-19,0,-22,0,-24,0,-25,-1,-26,-2,-26,-4,-25,-6,-23,-8,-20,-9,-16,-9,-13]"
CSI_DATA,225470,d8:b1:90:db:e8:90,-51,11,1,6,0,0,1,0,0,0,1,-96,0,4,0,-808946302,0,100,0,128,1,"[100,-64,5,0,9,-1,10,-7,11,-13,10,-18,9,-23,8,-26,6,-29,5,-30,3,-31,1,-30,1,-29,1,-27,2,-24,4,-21,7,-18,9,-15,12,-12,15,-10,18,-7,20,-5,22,-4,24,-3,24,-2,24,-2,24,-2,5,-1,0,0,0,0,0,0,0,0,0,0,0,0,0,0,0,0,0,0,4,2,18,8,19,9,20,11,21,11,22,12,22,12,21,12,18,12,16,13,12,13,7,13,2,13,-3,14,-7,15,-11,17,-14,19,-16,21,-17,23,-17,25,-16,26,-15,27,-12,27,-9,26,-6,24,-3,21,0,18]"
CSI_DATA,225471,d8:b1:90:db:e8:90,-51,11,1,6,0,0,1,0,0,0,1,-96,0,4,0,-808930733,0,100,0,128,1,"[100,-64,5,0,-8,6,-5,11,-2,16,1,20,4,23,7,25,10,26,12,26,14,26,15,25,14,23,13,22,11,20,8,19,4,18,0,17,-5,16,-8,15,-12,14,-15,15,-18,14,-20,14,-20,14,-19,14,-20,14,-5,3,0,0,0,0,0,0,0,0,0,0,0,0,0,0,0,0,0,0,-5,1,-20,4,-22,4,-24,4,-25,4,-26,4,-26,4,-25,3,-23,1,-21,-1,-18,-3,-15,-7,-11,-10,-8,-13,-5,-17,-3,-20,-2,-24,-2,-27,-2,-29,-2,-31,-4,-31,-6,-31,-7,-30,-9,-27,-11,-23,-11,-19,-11,-15]"
CSI_DATA,225472,d8:b1:90:db:e8:90,-51,11,1,6,0,0,1,0,0,0,1,-96,0,4,0,-808919416,0,100,0,128,1,"[100,-64,5,0,-10,-1,-12,4,-14,10,-14,15,-14,20,-13,23,-12,26,-10,27,-9,28,-8,28,-7,27,-7,24,-7,22,-8,19,-10,16,-13,12,-15,9,-17,5,-20,2,-22,0,-23,-1,-24,-2,-25,-3,-25,-4,-24,-4,-6,-1,0,0,0,0,0,0,0,0,0,0,0,0,0,0,0,0,0,0,-4,-3,-16,-12,-18,-14,-19,-15,-20,-16,-21,-17,-21,-17,-19,-17,-17,-16,-14,-16,-10,-15,-5,-15,-1,-15,4,-14,9,-15,13,-16,16,-17,18,-19,20,-21,20,-23,20,-24,18,-25,16,-26,13,-25,9,-24,5,-21,3,-18]"
CSI_DATA,225473,d8:b1:90:db:e8:90,-51,11,1,6,0,0,1,0,0,0,1,-96,0,4,0,-808907207,0,100,0,128,1,"[100,-64,5,0,6,-8,2,-13,-1,-17,-5,-21,-9,-23,-12,-25,-15,-25,-17,-25,-19,-24,-20,-23,-19,-22,-17,-20,-15,-19,-12,-18,-8,-18,-3,-17,1,-17,5,-18,8,-18,12,-18,14,-18,16,-19,16,-19,16,-18,16,-18,4,-5,0,0,0,0,0,0,0,0,0,0,0,0,0,0,0,0,0,0,4,-2,18,-8,20,-8,22,-8,23,-8,24,-8,24,-8,23,-7,22,-5,20,-3,17,0,14,3,11,7,9,11,7,15,5,19,4,22,4,25,5,28,6,29,7,30,9,29,11,27,12,24,13,20,13,16,13,12]"
CSI_DATA,225474,d8:b1:90:db:e8:90,-51,11,1,6,0,0,1,0,0,0,1,-96,0,4,0,-808886874,0,100,0,128,1,"[100,-64,5,0,8,6,12,1,16,-3,20,-7,22,-11,23,-15,23,-18,23,-20,22,-21,20,-22,19,-21,18,-20,17,-17,17,-13,17,-9,17,-5,18,-1,18,3,19,6,19,9,20,12,20,13,20,14,20,15,19,15,4,3,0,0,0,0,0,0,0,0,0,0,0,0,0,0,0,0,0,0,2,4,9,17,10,19,10,21,10,22,11,23,10,23,9,22,7,21,5,20,1,18,-3,15,-7,13,-11,11,-15,9,-19,8,-23,8,-26,8,-28,9,-29,11,-29,12,-29,14,-27,15,-23,16,-19,17,-14,16,-11,15]"
CSI_DATA,225475,d8:b1:90:db:e8:90,-51,11,1,6,0,0,1,0,0,0,1,-96,0,4,0,-808872572,0,100,0,128,1,"[100,-64,5,0,1,-9,-5,-12,-10,-13,-15,-14,-19,-14,-23,-14,-26,-13,-27,-12,-28,-10,-28,-9,-27,-8,-25,-7,-23,-8,-20,-9,-17,-11,-13,-13,-10,-16,-7,-18,-5,-20,-3,-22,-1,-23,0,-24,1,-24,1,-24,1,-24,0,-6,0,0,0,0,0,0,0,0,0,0,0,0,0,0,0,0,0,0,3,-3,14,-13,16,-13,18,-14,19,-15,19,-15,20,-15,19,-14,19,-12,18,-9,17,-6,15,-2,14,2,13,6,13,10,13,14,14,18,15,20,16,22,18,22,19,22,21,21,22,18,21,15,20,11,18,7,16,4]"
CSI_DATA,225476,d8:b1:90:db:e8:90,-51,11,1,6,0,0,1,0,0,0,1,-96,0,4,0,-808851813,0,100,0,128,1,"[100,-64,5,0,-5,-7,-11,-5,-16,-3,-20,0,-24,3,-26,6,-27,9,-28,11,-27,12,-27,13,-25,13,-24,12,-22,10,-21,8,-20,4,-19,1,-19,-3,-19,-7,-19,-10,-19,-13,-19,-15,-19,-16,-19,-17,-19,-17,-18,-17,-5,-5,0,0,0,0,0,0,0,0,0,0,0,0,0,0,0,0,0,0,1,-5,7,-18,8,-20,9,-22,10,-23,11,-24,11,-24,11,-22,11,-20,12,-18,12,-14,13,-10,14,-6,16,-2,18,2,20,5,22,7,24,8,27,9,29,8,30,6,30,4,29,2,27,0,24,-3,19,-5,16,-6]"
CSI_DATA,225477,d8:b1:90:db:e8:90,-51,11,1,6,0,0,1,0,0,0,1,-96,0,4,0,-808836496,0,100,0,128,1,"[100,-64,5,0,-5,7,0,11,4,15,9,18,13,19,17,20,20,20,23,19,24,17,24,16,24,15,22,14,20,14,17,15,13,16,9,17,6,18,2,20,0,21,-2,22,-4,22,-6,23,-7,24,-6,25,-6,26,-2,6,0,0,0,0,0,0,0,0,0,0,0,0,0,0,0,0,0,0,-5,1,-20,4,-22,4,-24,4,-25,4,-26,4,-26,3,-26,2,-25,1,-23,-1,-20,-3,-17,-7,-14,-10,-12,-14,-10,-17,-8,-21,-7,-24,-8,-27,-9,-29,-10,-30,-12,-30,-13,-29,-15,-27,-16,-24,-16,-20,-15,-15,-14,-11]"
CSI_DATA,225478,d8:b1:90:db:e8:90,-52,11,1,7,0,0,1,0,1,0,1,-96,0,4,0,-808825170,0,100,0,128,1,"[100,-64,5,0,-7,-4,-11,-1,-13,3,-15,7,-16,10,-17,13,-17,16,-16,17,-16,18,-14,18,-13,18,-13,16,-12,14,-12,12,-13,9,-13,5,-14,2,-15,-1,-16,-4,-17,-6,-18,-8,-18,-9,-18,-10,-18,-10,-17,-10,-5,-3,0,0,0,0,0,0,0,0,0,0,0,0,0,0,0,0,0,0,-2,-4,-8,-14,-8,-16,-9,-17,-9,-18,-9,-19,-9,-19,-8,-18,-7,-17,-5,-16,-3,-14,1,-12,4,-11,7,-9,11,-8,14,-7,16,-7,19,-8,21,-9,21,-10,21,-11,21,-13,19,-14,17,-15,14,-14,10,-14,7,-13]"
CSI_DATA,225479,d8:b1:90:db:e8:90,-51,11,1,6,0,0,1,0,0,0,1,-96,0,4,0,-808813191,0,100,0,128,1,"[100,-64,5,0,-14,23,-14,23,-13,23,-13,22,-12,22,-12,22,-11,22,-11,22,-11,22,-10,22,-10,22,-10,21,-10,21,-10,21,-10,21,-10,21,-10,20,-10,20,-10,19,-10,19,-10,18,-11,18,-11,18,-11,17,-11,16,-3,4,0,0,0,0,0,0,0,0,0,0,0,0,0,0,0,0,0,0,-3,4,-9,17,-10,17,-11,17,-12,17,-13,17,-13,17,-14,17,-15,18,-15,18,-16,18,-16,18,-16,17,-16,18,-15,18,-15,18,-15,19,-15,19,-15,19,-15,19,-14,19,-14,20,-14,21,-14,21,-14,22,-14,22,-15,23]"
CSI_DATA,225480,d8:b1:90:db:e8:90,-51,11,1,6,0,0,1,0,0,0,1,-96,0,4,0,-808801269,0,100,0,128,1,"[100,-64,5,0,13,22,13,22,13,22,14,21,14,21,14,20,14,20,14,19,14,19,14,19,14,18,14,18,14,18,14,19,14,19,14,18,13,18,12,18,12,18,11,18,11,17,10,17,9,17,9,18,8,18,2,4,0,0,0,0,0,0,0,0,0,0,0,0,0,0,0,0,0,0,3,3,12,14,11,15,11,16,10,17,10,18,10,18,10,19,10,20,10,20,9,21,9,21,9,21,9,21,9,21,10,21,10,21,10,21,11,21,11,21,11,21,12,21,12,21,13,21,13,22,13,22,14,23]"
CSI_DATA,225481,d8:b1:90:db:e8:90,-51,11,1,6,0,0,1,0,0,0,1,-96,0,4,0,-808784010,0,100,0,128,1,"[100,-64,5,0,11,-25,10,-25,10,-25,10,-24,10,-24,9,-24,9,-24,8,-24,8,-24,7,-24,6,-24,6,-23,6,-23,6,-23,7,-23,7,-22,8,-22,8,-22,8,-21,8,-21,8,-20,8,-19,8,-19,9,-19,10,-18,2,-5,0,0,0,0,0,0,0,0,0,0,0,0,0,0,0,0,0,0,1,-5,6,-19,7,-19,8,-19,9,-19,9,-19,10,-19,11,-19,12,-19,12,-19,12,-19,12,-19,12,-20,12,-20,13,-20,13,-20,13,-20,13,-20,13,-21,12,-22,12,-22,11,-23,11,-23,10,-23,10,-24,10,-24,11,-25]"
CSI_DATA,225482,d8:b1:90:db:e8:90,-51,11,1,6,0,0,1,0,0,0,1,-96,0,4,0,-808773491,0,100,0,128,1,"[100,-64,5,0,25,-17,24,-17,24,-17,23,-17,23,-17,23,-17,22,-17,21,-17,20,-18,20,-18,20,-18,19,-18,19,-17,19,-17,19,-18,19,-17,19,-17,19,-16,19,-16,19,-15,19,-15,19,-14,18,-13,19,-13,19,-12,4,-3,0,0,0,0,0,0,0,0,0,0,0,0,0,0,0,0,0,0,4,-4,17,-13,18,-12,19,-12,19,-12,20,-11,21,-11,22,-10,22,-9,23,-9,23,-10,23,-10,23,-10,23,-10,24,-10,24,-10,24,-10,24,-11,24,-12,24,-12,24,-13,24,-14,24,-14,24,-15,24,-16,24,-16,25,-17]"
CSI_DATA,225483,d8:b1:90:db:e8:90,-51,11,1,6,0,0,1,0,0,0,1,-96,0,4,0,-808753224,0,100,0,128,1,"[100,-64,5,0,-14,-24,-14,-24,-14,-23,-15,-22,-15,-21,-15,-21,-15,-20,-15,-20,-15,-20,-15,-20,-15,-19,-15,-19,-15,-19,-15,-19,-15,-19,-15,-19,-15,-20,-14,-19,-13,-19,-13,-18,-12,-18,-11,-18,-11,-18,-9,-19,-8,-19,-2,-5,0,0,0,0,0,0,0,0,0,0,0,0,0,0,0,0,0,0,-3,-5,-11,-18,-10,-18,-10,-19,-10,-19,-9,-20,-9,-20,-9,-21,-9,-22,-8,-22,-8,-23,-7,-23,-7,-23,-7,-24,-8,-23,-8,-23,-8,-23,-9,-23,-9,-23,-10,-23,-11,-23,-11,-23,-12,-23,-12,-23,-13,-23,-13,-24,-13,-24]"
CSI_DATA,225484,d8:b1:90:db:e8:90,-51,11,1,6,0,0,1,0,0,0,1,-96,0,4,0,-808742866,0,100,0,128,1,"[100,-64,5,0,25,14,25,14,25,14,25,13,25,13,24,12,24,11,24,10,23,10,23,9,23,9,23,10,23,10,23,10,22,10,22,10,22,10,21,10,20,11,20,11,19,10,19,10,19,12,17,14,16,15,4,3,0,0,0,0,0,0,0,0,0,0,0,0,0,0,0,0,0,0,4,2,19,9,18,10,18,12,17,13,17,13,17,14,17,14,18,15,18,16,18,16,19,16,19,17,19,17,19,17,19,17,19,17,20,17,20,16,21,15,21,15,22,14,23,14,23,14,24,14,24,14,26,14]"
CSI_DATA,225485,d8:b1:90:db:e8:90,-51,11,1,6,0,0,1,0,0,0,1,-96,0,4,0,-808730100,0,100,0,128,1,"[100,-64,5,0,24,8,23,6,21,4,21,0,21,-4,22,-7,24,-9,26,-9,28,-8,29,-6,28,-4,26,-3,24,-2,20,-2,17,-3,15,-6,13,-11,14,-15,16,-18,19,-19,22,-17,24,-13,24,-9,22,-5,20,-1,4,0,0,0,0,0,0,0,0,0,0,0,0,0,0,0,0,0,0,0,1,6,3,24,1,21,0,16,3,13,7,11,11,11,14,14,17,17,17,21,16,24,13,25,10,24,9,22,9,20,10,17,12,16,14,14,16,13,18,12,21,11,22,11,24,10,25,10,26,10,26,10,27,10]"
CSI_DATA,225486,d8:b1:90:db:e8:90,-51,11,1,6,0,0,1,0,0,0,1,-96,0,4,0,-808718505,0,100,0,128,1,"[100,-64,5,0,-25,1,-24,1,-24,2,-24,2,-23,3,-22,3,-22,4,-22,4,-22,4,-21,4,-22,4,-21,4,-21,5,-21,5,-21,4,-21,4,-21,3,-20,3,-20,3,-19,3,-19,3,-19,3,-19,2,-18,1,-18,0,-5,0,0,0,0,0,0,0,0,0,0,0,0,0,0,0,0,0,0,0,-5,0,-18,0,-19,0,-19,-1,-19,-2,-19,-2,-20,-3,-20,-4,-20,-4,-21,-4,-21,-5,-21,-5,-21,-5,-21,-5,-21,-5,-22,-5,-22,-4,-22,-4,-22,-3,-22,-3,-22,-2,-23,-2,-23,-1,-23,-1,-23,0,-24,0,-24,0]"
CSI_DATA,225487,d8:b1:90:db:e8:90,-51,11,1,6,0,0,1,0,0,0,1,-96,0,4,0,-808704153,0,100,0,128,1,"[100,-64,5,0,-17,22,-16,22,-16,22,-15,22,-15,21,-15,21,-14,21,-14,22,-13,22,-12,22,-12,22,-12,23,-12,23,-12,22,-12,22,-12,21,-12,21,-12,20,-12,20,-13,19,-13,19,-13,18,-13,18,-14,17,-15,17,-4,4,0,0,0,0,0,0,0,0,0,0,0,0,0,0,0,0,0,0,-3,4,-12,17,-13,17,-14,17,-15,16,-15,16,-16,17,-17,17,-17,17,-18,17,-18,17,-18,17,-18,17,-18,17,-18,18,-18,18,-18,18,-18,18,-18,19,-17,19,-17,20,-17,21,-17,21,-16,22,-16,22,-16,22,-16,23]"
CSI_DATA,225488,d8:b1:90:db:e8:90,-51,11,1,6,0,0,1,0,0,0,1,-96,0,4,0,-808692260,0,100,0,128,1,"[100,-64,5,0,-26,-2,-26,-2,-25,-2,-25,-2,-25,-1,-25,-1,-24,0,-24,0,-24,0,-24,0,-24,1,-24,2,-24,2,-24,2,-23,2,-23,1,-23,1,-22,1,-22,1,-22,0,-21,0,-21,-1,-21,-1,-21,-2,-21,-3,-6,-1,0,0,0,0,0,0,0,0,0,0,0,0,0,0,0,0,0,0,-5,-1,-20,-1,-20,-2,-20,-3,-20,-4,-21,-4,-21,-5,-21,-5,-22,-5,-22,-6,-22,-6,-22,-6,-22,-6,-22,-6,-22,-6,-23,-6,-23,-5,-23,-5,-23,-5,-24,-4,-25,-4,-25,-3,-25,-3,-25,-2,-26,-2,-26,-2,-26,-2]"
CSI_DATA,225489,d8:b1:90:db:e8:90,-51,11,1,6,0,0,1,0,0,0,1,-96,0,4,0,-808681096,0,100,0,128,1,"[100,-64,5,0,8,25,8,25,8,25,8,24,8,24,9,23,9,22,10,22,10,22,10,21,10,21,11,21,11,21,11,21,11,20,10,20,10,20,9,20,9,19,9,19,9,19,8,18,7,18,6,19,5,19,1,4,0,0,0,0,0,0,0,0,0,0,0,0,0,0,0,0,0,0,2,3,8,16,7,18,8,19,7,19,5,20,5,20,5,21,5,21,5,22,4,23,4,23,4,23,4,23,4,24,4,24,5,24,5,24,6,24,6,24,7,24,8,24,8,24,8,24,9,25,9,25,9,25]"
CSI_DATA,225490,d8:b1:90:db:e8:90,-51,11,1,6,0,0,1,0,0,0,1,-96,0,4,0,-808655449,0,100,0,128,1,"[100,-64,5,0,-9,-27,-9,-26,-9,-26,-10,-25,-10,-25,-10,-24,-11,-24,-11,-24,-11,-23,-12,-22,-12,-22,-12,-22,-12,-22,-12,-22,-12,-22,-12,-21,-11,-21,-11,-21,-10,-21,-10,-21,-10,-21,-9,-20,-8,-20,-8,-20,-7,-21,-2,-6,0,0,0,0,0,0,0,0,0,0,0,0,0,0,0,0,0,0,-3,-5,-9,-18,-8,-19,-7,-20,-6,-21,-6,-21,-5,-21,-5,-22,-5,-22,-5,-23,-5,-23,-5,-24,-4,-24,-5,-24,-5,-24,-4,-24,-4,-24,-5,-24,-5,-24,-6,-24,-7,-24,-7,-25,-8,-25,-8,-25,-8,-26,-9,-26,-9,-27]"
CSI_DATA,225491,d8:b1:90:db:e8:90,-51,11,1,6,0,0,1,0,0,0,1,-96,0,4,0,-808642763,0,100,0,128,1,"[100,-64,5,0,-6,8,-1,13,3,17,8,20,12,23,16,24,19,24,22,23,23,22,24,20,23,19,22,18,19,17,16,17,12,18,7,18,3,19,-1,20,-5,21,-8,22,-10,23,-12,24,-12,24,-12,24,-12,23,-3,5,0,0,0,0,0,0,0,0,0,0,0,0,0,0,0,0,0,0,-6,1,-22,5,-24,5,-26,5,-28,5,-28,5,-28,5,-27,4,-26,2,-23,0,-21,-3,-18,-7,-14,-11,-11,-14,-9,-18,-7,-22,-7,-26,-7,-29,-8,-32,-9,-33,-11,-33,-12,-32,-14,-30,-15,-27,-16,-23,-16,-17,-15,-13]"
CSI_DATA,225492,d8:b1:90:db:e8:90,-51,11,1,6,0,0,1,0,0,0,1,-96,0,4,0,-808631474,0,100,0,128,1,"[100,-64,5,0,7,-7,5,-13,2,-17,-1,-22,-4,-25,-7,-27,-10,-28,-12,-28,-14,-28,-15,-27,-15,-25,-13,-24,-11,-22,-8,-21,-4,-20,0,-18,4,-18,8,-17,11,-17,14,-17,17,-16,20,-16,21,-15,20,-15,20,-14,4,-4,0,0,0,0,0,0,0,0,0,0,0,0,0,0,0,0,0,0,4,-1,19,-4,21,-4,23,-4,24,-4,25,-4,25,-4,24,-3,23,-1,20,1,17,3,14,6,10,9,7,13,5,16,2,20,1,23,0,26,1,28,2,30,3,31,5,30,7,29,9,27,10,23,11,18,11,14]"
CSI_DATA,225493,d8:b1:90:db:e8:90,-51,11,1,6,0,0,1,0,0,0,1,-96,0,4,0,-808619008,0,100,0,128,1,"[100,-64,5,0,9,2,13,-3,15,-9,17,-15,18,-20,17,-24,17,-27,16,-29,14,-30,13,-30,11,-29,11,-27,11,-24,12,-21,13,-17,15,-13,18,-9,20,-6,22,-3,24,0,25,1,26,3,27,4,26,4,26,4,6,1,0,0,0,0,0,0,0,0,0,0,0,0,0,0,0,0,0,0,2,4,11,18,11,20,12,22,13,23,13,24,13,24,12,24,10,23,7,22,3,20,-1,18,-6,16,-11,14,-15,13,-20,12,-23,13,-26,14,-28,15,-29,17,-29,19,-27,21,-25,22,-21,22,-17,21,-12,19,-8,18]"
CSI_DATA,225494,d8:b1:90:db:e8:90,-51,11,1,6,0,0,1,0,0,0,1,-96,0,4,0,-808607110,0,100,0,128,1,"[100,-64,5,0,-6,8,-2,13,3,17,7,21,11,23,15,24,19,25,21,24,23,23,24,21,23,20,21,19,18,18,15,18,11,18,7,19,3,19,-1,20,-5,21,-8,23,-11,24,-12,24,-13,24,-13,24,-13,23,-4,5,0,0,0,0,0,0,0,0,0,0,0,0,0,0,0,0,0,0,-6,0,-22,3,-24,3,-26,3,-28,3,-28,3,-29,3,-28,2,-26,0,-24,-2,-21,-4,-17,-8,-14,-11,-11,-15,-8,-19,-6,-23,-5,-26,-5,-29,-6,-32,-7,-33,-9,-33,-11,-33,-13,-31,-14,-28,-15,-23,-15,-18,-14,-14]"
CSI_DATA,225495,d8:b1:90:db:e8:90,-52,11,1,6,0,0,1,0,0,0,1,-96,0,4,0,-808596218,0,100,0,128,1,"[100,-64,5,0,4,-6,1,-10,-2,-13,-5,-16,-8,-18,-11,-19,-13,-19,-15,-19,-16,-19,-16,-18,-16,-17,-15,-16,-13,-15,-11,-15,-8,-15,-5,-15,-2,-16,1,-16,4,-16,6,-17,8,-18,9,-18,9,-18,9,-17,10,-17,2,-5,0,0,0,0,0,0,0,0,0,0,0,0,0,0,0,0,0,0,3,-1,14,-3,16,-3,17,-3,18,-3,19,-3,19,-3,19,-2,17,-1,16,0,14,2,12,5,9,7,7,10,5,13,4,15,3,18,3,20,4,22,5,23,6,23,7,22,9,21,10,19,10,16,10,12,10,9]"
CSI_DATA,225496,d8:b1:90:db:e8:90,-51,11,1,6,0,0,1,0,0,0,1,-96,0,4,0,-808584341,0,100,0,128,1,"[100,-64,5,0,-3,-10,-10,-10,-16,-10,-21,-8,-26,-7,-30,-4,-32,-2,-33,0,-34,2,-33,3,-31,4,-29,3,-27,2,-24,-1,-22,-4,-20,-8,-18,-11,-16,-15,-14,-19,-13,-22,-12,-24,-11,-25,-11,-26,-11,-26,-10,-25,-3,-7,0,0,0,0,0,0,0,0,0,0,0,0,0,0,0,0,0,0,2,-5,10,-19,11,-21,13,-23,14,-24,14,-24,15,-24,15,-23,15,-21,15,-17,15,-13,16,-9,16,-4,17,1,19,5,20,9,22,13,24,15,26,16,29,15,30,14,31,12,31,10,29,6,27,3,22,0,19,-3]"
CSI_DATA,225497,d8:b1:90:db:e8:90,-51,11,1,6,0,0,1,0,0,0,1,-96,0,4,0,-808551529,0,100,0,128,1,"[100,-64,5,0,-5,6,-1,11,3,15,7,18,11,20,14,21,17,21,19,20,21,19,21,17,21,16,19,15,16,15,14,15,10,15,6,16,2,17,-1,18,-4,18,-7,19,-9,20,-11,20,-11,21,-11,21,-11,21,-3,5,0,0,0,0,0,0,0,0,0,0,0,0,0,0,0,0,0,0,-5,0,-19,3,-21,3,-23,3,-25,3,-25,3,-25,3,-25,2,-23,0,-21,-1,-18,-4,-15,-6,-12,-10,-9,-13,-7,-16,-5,-20,-4,-23,-4,-26,-5,-28,-6,-29,-7,-30,-9,-29,-11,-27,-12,-25,-13,-21,-13,-16,-12,-12]"
CSI_DATA,225498,d8:b1:90:db:e8:90,-51,11,1,6,0,0,1,0,0,0,1,-96,0,4,0,-808536531,0,100,0,128,1,"[100,-64,5,0,3,-10,-2,-14,-7,-17,-11,-19,-15,-20,-19,-20,-22,-20,-24,-19,-26,-18,-26,-16,-25,-15,-23,-14,-21,-14,-17,-14,-13,-15,-9,-16,-5,-18,-1,-19,2,-20,5,-21,6,-23,7,-24,8,-23,9,-23,9,-23,2,-6,0,0,0,0,0,0,0,0,0,0,0,0,0,0,0,0,0,0,3,-4,15,-13,17,-14,18,-15,20,-16,20,-16,21,-15,20,-14,20,-12,19,-9,17,-6,15,-2,14,3,13,7,12,12,12,16,12,20,13,22,15,24,16,25,18,25,19,24,20,22,21,18,20,14,18,10,17,6]"
CSI_DATA,225499,d8:b1:90:db:e8:90,-51,11,1,6,0,0,1,0,0,0,1,-96,0,4,0,-808523745,0,100,0,128,1,"[100,-64,5,0,2,7,8,7,14,6,19,5,23,2,25,0,28,-2,29,-4,28,-6,27,-7,26,-7,24,-7,22,-6,21,-3,19,0,17,3,16,7,15,11,14,14,13,16,12,18,12,20,12,21,12,21,11,21,2,5,0,0,0,0,0,0,0,0,0,0,0,0,0,0,0,0,0,0,-3,3,-10,16,-11,17,-12,19,-13,20,-14,21,-14,20,-14,19,-14,18,-14,15,-14,11,-15,7,-15,3,-16,-1,-18,-5,-19,-9,-21,-11,-23,-13,-26,-14,-27,-13,-28,-12,-29,-10,-29,-8,-27,-5,-24,-2,-20,1,-17,3]"
CSI_DATA,225500,d8:b1:90:db:e8:90,-51,11,1,6,0,0,1,0,0,0,1,-96,0,4,0,-808513026,0,100,0,128,1,"[100,-64,5,0,3,-10,-3,-14,-8,-16,-13,-18,-17,-18,-21,-18,-24,-18,-26,-17,-27,-15,-27,-14,-26,-13,-24,-12,-21,-13,-18,-13,-14,-14,-10,-16,-6,-17,-3,-19,0,-21,3,-22,5,-23,7,-24,8,-24,8,-24,8,-24,2,-6,0,0,0,0,0,0,0,0,0,0,0,0,0,0,0,0,0,0,3,-4,13,-15,14,-16,16,-17,17,-18,18,-18,18,-18,18,-16,18,-14,17,-12,16,-8,15,-3,14,1,13,6,13,10,13,14,14,18,15,21,17,22,19,23,20,23,22,21,23,19,22,16,21,12,19,8,17,5]"
CSI_DATA,225501,d8:b1:90:db:e8:90,-52,11,1,6,0,0,1,0,0,0,1,-96,0,4,0,-808498914,0,100,0,128,1,"[100,-64,5,0,2,7,7,7,12,6,16,5,19,3,22,1,23,0,24,-2,24,-3,23,-4,22,-4,20,-3,18,-2,16,0,14,2,12,5,10,8,8,11,6,14,5,16,4,17,3,19,2,20,2,20,1,19,0,4,0,0,0,0,0,0,0,0,0,0,0,0,0,0,0,0,0,0,0,3,0,15,0,17,0,18,0,19,0,20,-1,20,-1,19,-2,17,-4,15,-5,13,-7,9,-9,6,-12,2,-14,-1,-16,-3,-19,-5,-21,-6,-23,-6,-24,-6,-25,-5,-25,-3,-25,-2,-24,0,-21,2,-17,4,-14,4]"
CSI_DATA,225502,d8:b1:90:db:e8:90,-51,11,1,6,0,0,1,0,0,0,1,-96,0,4,0,-808482433,0,100,0,128,1,"[100,-64,5,0,-3,8,3,11,8,14,13,15,17,15,21,15,24,14,26,13,27,11,27,9,26,8,24,8,22,9,19,10,15,12,12,13,9,16,6,18,3,20,1,22,-1,23,-2,24,-2,24,-2,24,-2,24,-1,6,0,0,0,0,0,0,0,0,0,0,0,0,0,0,0,0,0,0,-4,2,-16,11,-17,12,-19,13,-21,14,-21,14,-22,13,-21,12,-21,10,-20,8,-18,4,-17,0,-16,-4,-15,-8,-15,-12,-15,-16,-15,-19,-16,-22,-17,-23,-19,-24,-20,-24,-22,-22,-22,-20,-23,-16,-22,-12,-19,-8,-17,-5]"
CSI_DATA,225503,d8:b1:90:db:e8:90,-52,11,1,6,0,0,1,0,0,0,1,-96,0,4,0,-808470544,0,100,0,128,1,"[100,-64,5,0,-9,4,-8,8,-7,13,-5,16,-3,19,-1,21,1,23,2,23,4,23,4,23,4,21,3,20,2,18,0,16,-3,14,-6,12,-9,10,-11,8,-14,7,-16,5,-18,4,-20,4,-20,3,-20,3,-20,2,-5,0,0,0,0,0,0,0,0,0,0,0,0,0,0,0,0,0,0,0,-4,1,-15,4,-17,4,-18,5,-19,5,-20,5,-20,4,-19,4,-18,2,-16,0,-14,-2,-11,-4,-8,-7,-6,-10,-4,-13,-2,-16,-1,-19,0,-21,0,-23,-1,-25,-2,-25,-3,-25,-5,-24,-6,-23,-8,-20,-9,-16,-9,-13]"
CSI_DATA,225504,d8:b1:90:db:e8:90,-52,11,1,6,0,0,1,0,0,0,1,-96,0,4,0,-808450551,0,100,0,128,1,"[100,-64,5,0,7,0,9,-4,10,-9,10,-13,10,-16,9,-19,8,-21,7,-23,5,-23,4,-23,4,-23,4,-21,4,-19,5,-17,7,-15,9,-12,11,-10,13,-8,15,-6,17,-5,18,-4,19,-3,19,-3,19,-3,19,-3,4,-1,0,0,0,0,0,0,0,0,0,0,0,0,0,0,0,0,0,0,2,2,9,11,10,12,11,13,11,14,12,15,11,15,10,15,9,15,7,14,4,13,1,12,-2,12,-5,11,-9,11,-12,12,-14,12,-16,13,-17,15,-17,16,-17,17,-16,18,-14,19,-11,18,-8,17,-5,15,-3,13]"
CSI_DATA,225505,d8:b1:90:db:e8:90,-51,11,1,6,0,0,1,0,0,0,1,-96,0,4,0,-808440297,0,100,0,128,1,"[100,-64,5,0,4,6,10,4,15,2,19,-2,23,-5,25,-8,26,-11,26,-13,25,-15,24,-16,22,-16,21,-14,20,-12,19,-9,18,-5,17,-2,17,2,17,6,17,9,17,12,17,14,18,15,18,15,18,16,17,16,4,4,0,0,0,0,0,0,0,0,0,0,0,0,0,0,0,0,0,0,-1,4,-3,18,-4,20,-5,22,-5,24,-6,24,-6,24,-6,23,-7,21,-8,18,-9,15,-11,12,-13,8,-16,4,-18,1,-21,-2,-24,-4,-26,-4,-28,-4,-30,-4,-31,-2,-31,-1,-30,1,-27,4,-24,6,-19,7,-15,8]"
CSI_DATA,225506,d8:b1:90:db:e8:90,-51,11,1,6,0,0,1,0,0,0,1,-96,0,4,0,-808428599,0,100,0,128,1,"[100,-64,5,0,9,-2,9,-8,9,-14,8,-19,7,-23,5,-26,3,-29,1,-30,-1,-30,-2,-29,-3,-28,-2,-27,-1,-25,2,-22,5,-20,8,-18,11,-15,14,-13,17,-12,20,-11,21,-10,22,-9,22,-9,22,-8,21,-7,5,-2,0,0,0,0,0,0,0,0,0,0,0,0,0,0,0,0,0,0,4,1,16,8,18,10,19,11,20,12,21,13,21,13,20,13,18,13,15,14,11,14,7,14,3,15,-1,16,-5,17,-9,19,-12,20,-14,22,-14,24,-14,26,-13,27,-12,28,-9,27,-6,26,-3,24,0,20,2,17]"
CSI_DATA,225507,d8:b1:90:db:e8:90,-51,11,1,6,0,0,1,0,0,0,1,-96,0,4,0,-808414893,0,100,0,128,1,"[100,-64,5,0,3,9,10,8,16,7,21,5,26,3,29,0,31,-2,32,-4,32,-7,31,-8,30,-8,28,-7,26,-6,23,-2,21,1,19,5,18,9,16,13,15,16,14,19,13,21,13,23,12,24,12,24,12,24,2,5,0,0,0,0,0,0,0,0,0,0,0,0,0,0,0,0,0,0,-2,4,-8,19,-9,21,-11,23,-12,25,-12,25,-13,25,-13,24,-13,22,-14,19,-14,15,-16,10,-17,5,-18,0,-20,-4,-23,-8,-25,-11,-27,-13,-30,-13,-32,-13,-33,-11,-33,-9,-33,-7,-31,-4,-28,-1,-23,2,-19,4]"
CSI_DATA,225508,d8:b1:90:db:e8:90,-51,11,1,6,0,0,1,0,0,0,1,-96,0,4,0,-808402010,0,100,0,128,1,"[100,-64,5,0,2,-10,-4,-13,-9,-16,-14,-17,-18,-18,-22,-17,-25,-17,-27,-15,-28,-14,-28,-13,-27,-12,-25,-11,-22,-11,-19,-12,-15,-14,-11,-15,-8,-17,-4,-19,-1,-21,2,-22,4,-24,5,-25,6,-25,6,-25,6,-24,1,-6,0,0,0,0,0,0,0,0,0,0,0,0,0,0,0,0,0,0,3,-4,13,-15,14,-16,16,-18,17,-19,18,-19,18,-18,18,-17,18,-15,17,-12,16,-8,15,-4,14,1,13,5,13,10,14,14,15,18,16,20,18,22,20,23,21,22,22,21,23,19,23,15,22,11,20,7,18,4]"
CSI_DATA,225509,d8:b1:90:db:e8:90,-51,11,1,6,0,0,1,0,0,0,1,-96,0,4,0,-808390408,0,100,0,128,1,"[100,-64,5,0,-9,6,-6,12,-3,16,0,21,4,24,7,26,10,27,12,27,14,26,15,25,14,24,13,22,11,21,8,20,4,19,0,18,-4,17,-8,16,-12,16,-15,16,-18,16,-19,16,-20,16,-20,15,-20,15,-5,3,0,0,0,0,0,0,0,0,0,0,0,0,0,0,0,0,0,0,-5,0,-20,3,-22,3,-24,3,-25,3,-26,2,-26,2,-25,2,-23,0,-21,-2,-18,-4,-15,-7,-12,-10,-8,-14,-5,-18,-3,-21,-2,-24,-2,-27,-2,-29,-3,-31,-4,-32,-6,-31,-7,-30,-10,-27,-12,-23,-12,-18,-12,-15]"
CSI_DATA,225510,d8:b1:90:db:e8:90,-51,11,1,6,0,0,1,0,0,0,1,-96,0,4,0,-808377893,0,100,0,128,1,"[100,-64,5,0,-6,-9,-12,-8,-17,-5,-22,-3,-25,1,-27,4,-29,6,-29,8,-29,9,-28,10,-27,10,-25,9,-23,7,-21,4,-20,1,-18,-3,-17,-7,-16,-11,-15,-15,-15,-17,-14,-20,-13,-21,-13,-22,-13,-23,-12,-22,-3,-6,0,0,0,0,0,0,0,0,0,0,0,0,0,0,0,0,0,0,-1,-5,-2,-20,-2,-22,-1,-24,-1,-26,-1,-26,-1,-26,0,-25,1,-24,3,-21,5,-18,8,-14,11,-10,14,-6,17,-3,20,-1,23,1,26,2,28,2,30,1,31,-1,31,-3,30,-5,27,-6,24,-8,19,-9,16,-10]"
CSI_DATA,225511,d8:b1:90:db:e8:90,-51,11,1,6,0,0,1,0,0,0,1,-96,0,4,0,-808348789,0,100,0,128,1,"[100,-64,5,0,-8,4,-7,9,-5,15,-3,19,-1,23,2,26,5,27,7,28,8,27,9,26,10,25,9,23,7,22,4,20,1,19,-3,17,-7,16,-10,15,-13,14,-16,14,-18,14,-20,14,-21,13,-20,13,-20,13,-5,3,0,0,0,0,0,0,0,0,0,0,0,0,0,0,0,0,0,0,-5,-1,-19,-5,-21,-6,-23,-6,-24,-7,-24,-8,-24,-8,-24,-8,-22,-9,-19,-10,-15,-11,-11,-12,-7,-14,-3,-16,0,-18,3,-21,5,-23,7,-25,7,-28,7,-29,6,-30,4,-30,1,-30,-1,-28,-3,-24,-6,-20,-7,-16]"
CSI_DATA,225512,d8:b1:90:db:e8:90,-52,11,1,6,0,0,1,0,0,0,1,-96,0,4,0,-808336959,0,100,0,128,1,"[100,-64,5,0,4,5,8,3,12,1,16,-1,18,-4,20,-7,21,-9,21,-11,20,-12,19,-13,18,-13,17,-12,16,-10,16,-8,15,-5,15,-2,14,1,14,4,14,7,15,9,15,10,15,11,15,12,15,12,14,12,3,3,0,0,0,0,0,0,0,0,0,0,0,0,0,0,0,0,0,0,-1,3,-2,14,-3,16,-3,17,-3,18,-3,19,-4,19,-4,18,-5,17,-6,15,-7,13,-9,10,-11,7,-13,4,-15,2,-17,0,-19,-2,-21,-2,-23,-2,-24,-1,-25,0,-25,1,-24,3,-22,5,-19,6,-15,7,-12,7]"
CSI_DATA,225513,d8:b1:90:db:e8:90,-51,11,1,6,0,0,1,0,0,0,1,-96,0,4,0,-808317837,0,100,0,128,1,"[100,-64,5,0,8,-3,8,-9,7,-15,6,-20,5,-24,2,-27,0,-29,-2,-30,-4,-29,-6,-29,-6,-28,-6,-26,-4,-24,-1,-22,2,-20,5,-18,8,-17,12,-16,15,-14,18,-14,20,-13,20,-13,21,-14,22,-13,22,-12,5,-3,0,0,0,0,0,0,0,0,0,0,0,0,0,0,0,0,0,0,4,1,17,8,18,9,19,11,21,12,21,12,21,13,20,13,18,13,15,13,12,13,8,14,4,14,-1,16,-4,17,-8,19,-11,21,-12,23,-13,25,-13,27,-12,28,-10,28,-7,28,-4,26,-1,24,2,20,4,17]"
CSI_DATA,225514,d8:b1:90:db:e8:90,-51,11,1,6,0,0,1,0,0,0,1,-96,0,4,0,-808306062,0,100,0,128,1,"[100,-64,5,0,-12,1,-12,7,-12,13,-11,18,-10,22,-8,25,-6,27,-5,29,-3,29,-2,28,-2,27,-2,25,-3,23,-5,20,-8,17,-10,14,-13,11,-17,8,-19,5,-21,3,-23,2,-25,1,-25,0,-25,0,-25,-1,-6,-1,0,0,0,0,0,0,0,0,0,0,0,0,0,0,0,0,0,0,-5,-1,-20,-2,-21,-3,-23,-4,-24,-4,-25,-4,-25,-5,-24,-5,-22,-6,-19,-7,-15,-9,-12,-11,-7,-13,-3,-15,1,-17,4,-20,7,-22,8,-25,9,-27,9,-29,8,-30,6,-30,4,-30,2,-28,-1,-25,-4,-22,-6,-18]"
CSI_DATA,225515,d8:b1:90:db:e8:90,-51,11,1,6,0,0,1,0,0,0,1,-96,0,4,0,-808292942,0,100,0,128,1,"[100,-64,5,0,-12,4,-11,11,-10,17,-8,22,-5,26,-3,30,0,31,2,32,4,32,5,31,5,30,4,28,3,26,0,23,-4,20,-8,18,-11,15,-15,13,-19,11,-22,10,-24,9,-26,8,-27,7,-27,7,-27,6,-7,1,0,0,0,0,0,0,0,0,0,0,0,0,0,0,0,0,0,0,-6,0,-22,0,-24,-1,-26,-1,-28,-1,-29,-2,-29,-2,-27,-3,-25,-4,-22,-5,-18,-7,-14,-10,-10,-13,-5,-16,-2,-20,1,-23,4,-26,5,-29,5,-32,5,-34,3,-35,1,-35,-1,-34,-4,-31,-7,-28,-9,-23,-10,-19]"
CSI_DATA,225516,d8:b1:90:db:e8:90,-52,11,1,6,0,0,1,0,0,0,1,-96,0,4,0,-808275722,0,100,0,128,1,"[100,-64,5,0,3,5,8,3,12,1,16,-1,19,-3,21,-6,22,-8,22,-10,21,-11,20,-12,19,-12,18,-11,16,-9,15,-6,14,-3,13,0,13,3,12,6,12,9,12,12,12,13,12,15,12,15,12,16,11,15,2,3,0,0,0,0,0,0,0,0,0,0,0,0,0,0,0,0,0,0,-1,3,-2,15,-3,17,-3,18,-3,20,-4,20,-4,20,-4,19,-5,17,-6,15,-7,12,-8,9,-10,6,-12,3,-14,0,-17,-3,-19,-5,-22,-6,-24,-6,-25,-5,-26,-4,-26,-2,-25,-1,-23,2,-20,3,-16,4,-13,5]"
CSI_DATA,225517,d8:b1:90:db:e8:90,-51,11,1,6,0,0,1,0,0,0,1,-96,0,4,0,-808247223,0,100,0,128,1,"[100,-64,5,0,-2,8,3,10,9,12,14,13,18,14,22,13,25,12,26,11,27,9,27,7,26,6,24,6,22,7,19,8,16,10,12,12,9,15,7,17,4,19,2,21,0,22,-1,23,-1,24,-1,24,-1,23,-1,5,0,0,0,0,0,0,0,0,0,0,0,0,0,0,0,0,0,0,-4,2,-16,11,-17,12,-19,13,-20,14,-21,14,-21,14,-21,12,-20,10,-19,8,-18,4,-17,1,-15,-4,-14,-8,-14,-12,-14,-16,-15,-19,-16,-22,-17,-23,-19,-24,-20,-23,-21,-22,-22,-20,-22,-16,-21,-13,-19,-8,-17,-5]"
CSI_DATA,225518,d8:b1:90:db:e8:90,-51,11,1,6,0,0,1,0,0,0,1,-96,0,4,0,-808235262,0,100,0,128,1,"[100,-64,5,0,8,0,10,-6,11,-12,11,-17,11,-22,10,-26,8,-28,6,-30,4,-30,3,-30,2,-29,2,-27,3,-25,5,-23,7,-20,10,-17,13,-15,16,-13,18,-11,21,-9,22,-8,23,-8,24,-7,24,-7,23,-6,5,-2,0,0,0,0,0,0,0,0,0,0,0,0,0,0,0,0,0,0,2,3,11,15,12,17,12,19,13,20,14,21,14,22,13,21,11,21,8,20,4,18,0,17,-4,16,-8,15,-12,15,-16,15,-19,16,-21,17,-23,18,-23,21,-22,22,-21,23,-18,24,-15,23,-11,22,-7,19,-4,16]"
CSI_DATA,225519,d8:b1:90:db:e8:90,-51,11,1,6,0,0,1,0,0,0,1,-96,0,4,0,-808222970,0,100,0,128,1,"[100,-64,5,0,-1,10,5,11,11,12,17,12,21,12,24,11,27,10,29,8,29,6,29,5,28,4,25,4,23,5,20,7,17,9,14,11,11,14,8,16,5,19,2,21,0,23,-1,24,-1,24,-1,25,-1,25,-1,6,0,0,0,0,0,0,0,0,0,0,0,0,0,0,0,0,0,0,-3,4,-10,16,-12,18,-13,20,-14,21,-14,21,-15,21,-15,20,-15,18,-15,15,-15,11,-15,6,-15,2,-16,-3,-17,-8,-18,-12,-20,-15,-22,-17,-24,-19,-26,-19,-27,-17,-28,-16,-28,-13,-27,-10,-25,-7,-22,-3,-19,-1]"
CSI_DATA,225520,d8:b1:90:db:e8:90,-51,11,1,6,0,0,1,0,0,0,1,-96,0,4,0,-808210257,0,100,0,128,1,"[100,-64,5,0,8,-1,9,-7,10,-13,9,-18,8,-22,7,-26,5,-28,3,-29,2,-30,0,-29,-1,-28,0,-26,1,-24,3,-22,5,-19,8,-16,11,-14,14,-12,17,-10,19,-8,21,-8,22,-7,23,-7,23,-6,22,-6,5,-2,0,0,0,0,0,0,0,0,0,0,0,0,0,0,0,0,0,0,3,2,14,11,15,13,16,15,17,16,18,16,18,17,17,16,15,16,12,16,8,15,4,15,0,14,-5,15,-9,15,-13,16,-15,18,-18,19,-19,21,-19,23,-18,24,-16,25,-14,25,-11,24,-7,22,-4,19,-1,16]"
CSI_DATA,225521,d8:b1:90:db:e8:90,-51,11,1,6,0,0,1,0,0,0,1,-96,0,4,0,-808198260,0,100,0,128,1,"[100,-64,5,0,-9,-7,-14,-3,-18,0,-21,4,-24,8,-25,12,-25,15,-25,17,-24,18,-23,18,-22,18,-20,17,-19,15,-19,11,-18,7,-18,3,-18,-1,-19,-5,-19,-9,-19,-12,-20,-14,-20,-15,-20,-16,-19,-17,-19,-17,-5,-5,0,0,0,0,0,0,0,0,0,0,0,0,0,0,0,0,0,0,-2,-5,-8,-18,-8,-20,-9,-23,-9,-24,-9,-25,-8,-25,-7,-24,-6,-23,-3,-21,0,-18,3,-16,7,-13,11,-11,15,-9,19,-7,22,-7,25,-7,28,-7,29,-9,29,-10,28,-12,27,-14,24,-15,20,-15,15,-15,12,-15]"
CSI_DATA,225522,d8:b1:90:db:e8:90,-51,11,1,6,0,0,1,0,0,0,1,-96,0,4,0,-808186535,0,100,0,128,1,"[100,-64,5,0,8,-1,10,-6,11,-12,11,-17,11,-21,9,-25,8,-27,6,-29,4,-29,3,-29,2,-28,2,-26,3,-24,5,-21,7,-18,10,-15,12,-13,15,-10,18,-8,20,-7,22,-6,23,-5,23,-5,23,-4,23,-4,5,-1,0,0,0,0,0,0,0,0,0,0,0,0,0,0,0,0,0,0,3,3,13,13,14,15,14,17,15,18,16,18,16,19,14,18,13,18,10,17,6,16,3,15,-2,14,-6,14,-11,14,-14,15,-17,16,-20,17,-21,19,-21,21,-21,22,-19,23,-17,23,-13,23,-10,22,-7,19,-3,16]"
CSI_DATA,225523,d8:b1:90:db:e8:90,-52,11,1,6,0,0,1,0,0,0,1,-96,0,4,0,-808170600,0,100,0,128,1,"[100,-64,5,0,-3,-7,-8,-7,-12,-7,-16,-5,-20,-4,-22,-2,-24,0,-25,2,-25,3,-24,4,-23,4,-22,4,-21,3,-19,1,-18,-2,-16,-4,-15,-7,-14,-10,-14,-13,-13,-15,-13,-16,-12,-17,-12,-18,-12,-18,-12,-17,-3,-5,0,0,0,0,0,0,0,0,0,0,0,0,0,0,0,0,0,0,1,-4,8,-13,9,-14,10,-16,11,-17,11,-17,12,-17,12,-16,12,-15,12,-12,12,-10,13,-6,13,-3,14,0,15,3,16,6,17,8,19,10,21,10,22,10,23,9,23,7,23,5,21,3,19,1,16,-2,14,-3]"
CSI_DATA,225524,d8:b1:90:db:e8:90,-51,11,1,6,0,0,1,0,0,0,1,-96,0,4,0,-808141833,0,100,0,128,1,"[100,-64,5,0,5,-7,2,-12,-1,-17,-4,-20,-8,-23,-12,-25,-15,-26,-17,-25,-19,-25,-20,-23,-19,-22,-18,-21,-16,-20,-13,-19,-10,-19,-6,-19,-2,-20,1,-21,5,-21,7,-22,9,-23,11,-23,11,-23,11,-23,11,-22,2,-6,0,0,0,0,0,0,0,0,0,0,0,0,0,0,0,0,0,0,4,0,19,3,21,4,22,4,24,5,25,5,25,5,24,6,22,7,20,8,16,10,13,11,9,13,5,16,2,18,0,21,-2,24,-3,27,-3,29,-1,30,0,31,2,31,4,29,6,27,8,23,9,18,9,14]"
CSI_DATA,225525,d8:b1:90:db:e8:90,-51,11,1,6,0,0,1,0,0,0,1,-96,0,4,0,-808129601,0,100,0,128,1,"[100,-64,5,0,-2,-12,-8,-13,-14,-13,-19,-13,-24,-12,-27,-10,-30,-8,-31,-6,-32,-5,-31,-4,-30,-3,-27,-3,-25,-4,-22,-6,-18,-9,-15,-12,-12,-15,-9,-18,-6,-20,-4,-23,-2,-25,-1,-26,0,-26,0,-27,0,-26,0,-7,0,0,0,0,0,0,0,0,0,0,0,0,0,0,0,0,0,0,0,-5,3,-20,4,-22,5,-24,5,-25,6,-26,7,-26,7,-25,7,-22,8,-19,10,-16,11,-11,13,-6,15,-2,17,2,19,6,22,9,24,11,26,12,28,12,30,11,31,9,30,6,29,3,26,0,22,-3,19,-5]"
CSI_DATA,225526,d8:b1:90:db:e8:90,-51,11,1,6,0,0,1,0,0,0,1,-96,0,4,0,-808116600,0,100,0,128,1,"[100,-64,5,0,7,-3,8,-9,7,-14,6,-19,5,-23,3,-26,1,-28,-1,-30,-3,-30,-4,-29,-5,-28,-5,-26,-3,-24,-1,-22,2,-20,6,-17,9,-16,12,-14,15,-12,18,-11,20,-11,21,-11,21,-10,22,-9,22,-7,5,-2,0,0,0,0,0,0,0,0,0,0,0,0,0,0,0,0,0,0,3,2,16,9,17,10,19,12,20,13,20,13,20,14,19,14,17,13,14,13,10,14,6,14,2,14,-2,15,-6,16,-10,18,-12,19,-14,21,-15,23,-15,25,-14,26,-12,27,-10,27,-7,26,-4,23,-1,20,1,17]"
CSI_DATA,225527,d8:b1:90:db:e8:90,-51,11,1,6,0,0,1,0,0,0,1,-96,0,4,0,-808106105,0,100,0,128,1,"[100,-64,5,0,-10,-2,-13,4,-14,9,-15,14,-15,19,-14,23,-13,25,-12,27,-11,27,-9,27,-8,26,-8,25,-8,22,-10,18,-11,15,-13,11,-16,8,-18,4,-20,1,-22,-2,-23,-3,-24,-4,-25,-5,-25,-5,-24,-5,-6,-2,0,0,0,0,0,0,0,0,0,0,0,0,0,0,0,0,0,0,-4,-3,-16,-12,-17,-14,-19,-16,-20,-17,-20,-17,-20,-17,-18,-17,-16,-17,-13,-16,-10,-16,-5,-15,-1,-15,4,-14,9,-15,13,-15,17,-17,19,-18,21,-20,22,-22,21,-23,20,-24,17,-25,14,-24,10,-23,6,-20,3,-18]"
CSI_DATA,225528,d8:b1:90:db:e8:90,-51,11,1,6,0,0,1,0,0,0,1,-96,0,4,0,-808092993,0,100,0,128,1,"[100,-64,5,0,-2,8,4,11,9,12,14,13,18,13,22,13,25,11,27,10,27,8,27,7,26,6,24,6,22,6,19,8,16,9,13,12,10,14,7,17,5,19,3,21,1,22,0,23,0,24,0,23,0,23,0,5,0,0,0,0,0,0,0,0,0,0,0,0,0,0,0,0,0,0,-4,2,-16,11,-17,12,-19,13,-20,13,-21,14,-21,13,-21,12,-20,10,-19,8,-18,4,-16,1,-15,-4,-14,-8,-14,-12,-14,-16,-15,-19,-16,-22,-17,-23,-19,-24,-20,-23,-21,-22,-22,-19,-22,-16,-21,-12,-19,-8,-17,-5]"
CSI_DATA,225529,d8:b1:90:db:e8:90,-51,11,1,6,0,0,1,0,0,0,1,-96,0,4,0,-808078200,0,100,0,128,1,"[100,-64,5,0,8,5,12,1,16,-4,19,-8,21,-12,22,-16,22,-18,22,-21,20,-22,19,-23,18,-22,17,-20,16,-17,16,-14,16,-10,16,-6,17,-1,17,3,18,6,18,9,19,11,19,13,20,14,19,14,19,14,4,3,0,0,0,0,0,0,0,0,0,0,0,0,0,0,0,0,0,0,2,4,9,17,9,18,9,21,10,22,10,23,10,22,9,22,7,21,4,19,1,17,-3,15,-7,12,-11,10,-15,8,-19,7,-23,7,-26,7,-28,8,-29,9,-29,11,-29,13,-27,14,-23,15,-19,16,-15,15,-11,14]"
CSI_DATA,225530,d8:b1:90:db:e8:90,-51,11,1,6,0,0,1,0,0,0,1,-96,0,4,0,-808067137,0,100,0,128,1,"[100,-64,5,0,-10,-1,-12,4,-14,10,-14,16,-14,20,-13,24,-12,26,-10,28,-9,28,-7,28,-6,27,-6,25,-6,22,-8,19,-10,16,-12,12,-15,9,-17,6,-20,3,-22,1,-24,-1,-25,-2,-25,-2,-25,-3,-24,-3,-6,-1,0,0,0,0,0,0,0,0,0,0,0,0,0,0,0,0,0,0,-4,-3,-17,-12,-18,-13,-19,-15,-20,-16,-21,-16,-21,-17,-19,-16,-17,-16,-14,-16,-10,-15,-6,-15,-1,-15,4,-15,8,-15,12,-16,15,-17,18,-19,20,-21,20,-23,20,-24,18,-25,16,-26,12,-25,8,-24,5,-21,2,-18]"
CSI_DATA,225531,d8:b1:90:db:e8:90,-51,11,1,6,0,0,1,0,0,0,1,-96,0,4,0,-808038421,0,100,0,128,1,"[100,-64,5,0,-9,-1,-11,5,-12,11,-12,16,-12,20,-11,24,-10,26,-8,28,-7,28,-5,28,-4,27,-4,25,-5,22,-7,20,-9,17,-11,14,-14,11,-17,8,-19,6,-22,4,-23,3,-25,3,-25,2,-24,1,-24,1,-6,0,0,0,0,0,0,0,0,0,0,0,0,0,0,0,0,0,0,0,-4,-4,-15,-13,-15,-15,-16,-17,-17,-18,-18,-19,-17,-19,-16,-19,-14,-18,-12,-18,-8,-17,-4,-16,0,-16,5,-15,9,-16,13,-16,16,-17,18,-18,20,-20,20,-22,19,-23,18,-25,16,-25,12,-24,9,-23,5,-20,2,-17]"
CSI_DATA,225532,d8:b1:90:db:e8:90,-52,11,1,6,0,0,1,0,0,0,1,-96,0,4,0,-808028131,0,100,0,128,1,"[100,-64,5,0,-7,4,-6,8,-4,13,-1,17,1,20,4,21,7,22,8,23,9,22,10,21,10,21,9,19,7,18,5,17,2,16,-1,15,-4,14,-7,14,-10,14,-12,14,-14,13,-16,13,-17,13,-17,13,-16,12,-4,3,0,0,0,0,0,0,0,0,0,0,0,0,0,0,0,0,0,0,-4,-1,-16,-3,-18,-3,-19,-4,-20,-4,-21,-4,-21,-5,-20,-5,-19,-5,-17,-6,-14,-8,-10,-10,-7,-11,-4,-13,-1,-15,1,-18,3,-20,4,-22,4,-24,3,-26,2,-26,0,-26,-2,-25,-3,-23,-5,-21,-6,-17,-7,-14]"
CSI_DATA,225533,d8:b1:90:db:e8:90,-51,11,1,6,0,0,1,0,0,0,1,-96,0,4,0,-808013953,0,100,0,128,1,"[100,-64,5,0,-4,7,0,12,5,16,10,18,14,19,18,20,21,20,24,18,25,17,25,16,24,14,22,13,20,13,17,13,13,14,9,15,5,17,1,19,-2,20,-4,21,-6,22,-9,23,-9,23,-8,24,-9,24,-3,6,0,0,0,0,0,0,0,0,0,0,0,0,0,0,0,0,0,0,-5,1,-20,6,-22,6,-24,7,-25,7,-26,7,-26,7,-25,6,-24,4,-22,2,-19,-1,-16,-5,-14,-8,-11,-12,-9,-16,-8,-20,-7,-24,-8,-27,-9,-29,-10,-30,-12,-30,-14,-29,-16,-27,-17,-24,-16,-20,-16,-15,-15,-11]"
CSI_DATA,225534,d8:b1:90:db:e8:90,-52,11,1,6,0,0,1,0,0,0,1,-96,0,4,0,-808002243,0,100,0,128,1,"[100,-64,5,0,-6,4,-4,9,-2,12,1,16,4,18,7,19,9,20,11,20,12,20,12,19,12,18,11,17,9,16,7,15,4,15,1,14,-1,14,-4,14,-7,15,-9,15,-11,15,-13,15,-13,15,-13,15,-13,14,-4,3,0,0,0,0,0,0,0,0,0,0,0,0,0,0,0,0,0,0,-4,-1,-16,-1,-17,-1,-18,-1,-19,-1,-20,-2,-20,-2,-20,-2,-18,-3,-17,-4,-14,-6,-11,-8,-9,-10,-6,-12,-4,-15,-2,-17,-1,-19,0,-21,-1,-23,-1,-24,-3,-25,-4,-25,-6,-23,-7,-21,-8,-18,-9,-14,-9,-11]"
CSI_DATA,225535,d8:b1:90:db:e8:90,-51,11,1,6,0,0,1,0,0,0,1,-96,0,4,0,-807990607,0,100,0,128,1,"[100,-64,5,0,0,-9,-5,-12,-11,-14,-16,-15,-20,-15,-24,-15,-27,-14,-29,-13,-29,-11,-29,-10,-28,-9,-26,-8,-24,-9,-20,-10,-17,-12,-13,-14,-10,-16,-6,-19,-3,-21,-1,-23,1,-24,2,-25,3,-26,3,-26,3,-25,0,-7,0,0,0,0,0,0,0,0,0,0,0,0,0,0,0,0,0,0,3,-4,14,-14,16,-16,17,-17,19,-18,20,-18,20,-18,20,-16,19,-14,18,-11,17,-7,15,-3,14,1,14,6,14,11,14,15,14,19,15,22,17,23,19,24,20,24,22,22,23,20,22,17,21,13,19,8,17,5]"
CSI_DATA,225536,d8:b1:90:db:e8:90,-52,11,1,6,0,0,1,0,0,0,1,-96,0,4,0,-807976383,0,100,0,128,1,"[100,-64,5,0,-4,-7,-8,-7,-13,-6,-17,-4,-20,-2,-22,0,-23,2,-24,4,-24,5,-23,6,-22,6,-21,6,-19,4,-17,2,-15,-1,-14,-4,-13,-7,-12,-10,-11,-13,-10,-15,-10,-17,-9,-18,-9,-18,-9,-19,-9,-18,-2,-5,0,0,0,0,0,0,0,0,0,0,0,0,0,0,0,0,0,0,0,-4,2,-15,2,-17,3,-19,3,-20,3,-20,4,-20,4,-19,4,-18,5,-15,6,-13,8,-9,9,-6,11,-3,13,0,15,3,17,4,19,6,21,6,23,6,24,4,24,3,23,1,22,-1,19,-3,16,-4,13,-5]"
CSI_DATA,225537,d8:b1:90:db:e8:90,-52,11,1,6,0,0,1,0,0,0,1,-96,0,4,0,-807965964,0,100,0,128,1,"[100,-64,5,0,-8,-1,-10,3,-11,8,-12,12,-12,15,-11,18,-10,20,-9,22,-8,22,-7,22,-6,21,-6,20,-6,17,-7,15,-9,12,-10,9,-12,6,-14,4,-16,1,-18,-1,-19,-2,-20,-3,-20,-3,-20,-3,-19,-4,-5,-1,0,0,0,0,0,0,0,0,0,0,0,0,0,0,0,0,0,0,-4,-3,-13,-9,-14,-11,-15,-12,-16,-13,-16,-13,-16,-13,-15,-13,-13,-13,-11,-13,-8,-12,-5,-12,-1,-12,3,-12,7,-12,10,-13,12,-14,15,-15,16,-16,16,-18,16,-19,15,-20,13,-20,10,-20,7,-19,4,-16,2,-14]"
CSI_DATA,225538,d8:b1:90:db:e8:90,-52,11,1,6,0,0,1,0,0,0,1,-96,0,4,0,-807940463,0,100,0,128,1,"[100,-64,5,0,-3,-8,-7,-9,-12,-8,-16,-7,-19,-6,-22,-5,-24,-3,-25,-2,-25,0,-24,1,-23,1,-22,1,-20,0,-18,-2,-16,-5,-14,-7,-11,-10,-9,-13,-8,-15,-7,-17,-6,-19,-5,-20,-5,-20,-5,-20,-4,-20,-1,-5,0,0,0,0,0,0,0,0,0,0,0,0,0,0,0,0,0,0,0,-4,3,-15,4,-17,4,-18,5,-19,5,-20,6,-20,6,-19,6,-17,7,-15,8,-12,9,-9,10,-5,12,-2,13,1,15,4,17,6,19,8,21,8,22,8,23,7,24,6,23,4,22,2,19,-1,16,-3,14,-4]"
CSI_DATA,225539,d8:b1:90:db:e8:90,-51,11,1,6,0,0,1,0,0,0,1,-96,0,4,0,-807929522,0,100,0,128,1,"[100,-64,5,0,-8,5,-6,12,-3,17,0,22,3,26,6,28,9,30,12,30,14,29,15,28,15,26,13,25,11,23,8,22,4,21,0,20,-4,19,-8,19,-12,19,-15,19,-18,18,-20,18,-20,18,-20,18,-20,17,-5,4,0,0,0,0,0,0,0,0,0,0,0,0,0,0,0,0,0,0,-6,-1,-22,-3,-24,-4,-26,-5,-27,-5,-28,-6,-28,-6,-27,-6,-25,-7,-22,-9,-19,-10,-14,-12,-10,-15,-6,-18,-2,-20,1,-24,3,-26,4,-29,4,-32,4,-34,2,-34,0,-34,-2,-33,-5,-31,-7,-27,-9,-22,-10,-18]"
CSI_DATA,225540,d8:b1:90:db:e8:90,-51,11,1,6,0,0,1,0,0,0,1,-96,0,4,0,-807916846,0,100,0,128,1,"[100,-64,5,0,-3,8,2,12,7,14,12,16,16,16,20,16,23,16,25,14,26,13,26,11,25,10,23,10,21,10,18,11,15,12,11,14,8,16,5,19,2,21,0,22,-2,23,-3,25,-3,25,-2,24,-2,25,-1,6,0,0,0,0,0,0,0,0,0,0,0,0,0,0,0,0,0,0,-4,2,-16,9,-18,10,-20,11,-21,11,-22,12,-23,11,-22,10,-22,8,-20,6,-19,3,-17,-1,-16,-5,-14,-9,-13,-13,-13,-17,-13,-21,-14,-23,-15,-25,-17,-26,-19,-25,-20,-24,-21,-21,-21,-18,-20,-14,-19,-10,-17,-7]"
CSI_DATA,225541,d8:b1:90:db:e8:90,-51,11,1,6,0,0,1,0,0,0,1,-96,0,4,0,-807906571,0,100,0,128,1,"[100,-64,5,0,7,-8,3,-14,-1,-20,-5,-24,-9,-28,-13,-30,-17,-31,-20,-31,-22,-30,-22,-28,-22,-27,-20,-25,-18,-24,-14,-23,-9,-22,-5,-22,0,-23,5,-23,9,-24,13,-24,15,-24,17,-24,18,-24,18,-24,18,-23,4,-6,0,0,0,0,0,0,0,0,0,0,0,0,0,0,0,0,0,0,5,-1,21,-1,23,-1,26,-1,27,-1,28,-2,28,-1,28,-1,26,0,23,2,20,5,16,8,12,11,8,15,5,19,2,23,1,27,0,30,1,33,2,35,4,36,6,36,8,34,10,31,12,26,12,21,12,16]"
CSI_DATA,225542,d8:b1:90:db:e8:90,-51,11,1,6,0,0,1,0,0,0,1,-96,0,4,0,-807893948,0,100,0,128,1,"[100,-64,5,0,-10,-3,-13,2,-16,7,-17,12,-18,17,-18,20,-17,23,-16,25,-14,26,-13,26,-12,25,-11,23,-12,20,-12,17,-13,13,-15,9,-17,5,-18,1,-20,-2,-21,-5,-23,-7,-23,-8,-24,-9,-23,-9,-23,-9,-6,-3,0,0,0,0,0,0,0,0,0,0,0,0,0,0,0,0,0,0,-4,-4,-15,-13,-16,-15,-17,-17,-18,-18,-19,-19,-18,-19,-17,-19,-15,-18,-12,-18,-8,-17,-4,-15,1,-14,6,-14,10,-14,14,-14,18,-15,21,-16,23,-18,24,-19,23,-20,22,-22,20,-23,17,-23,13,-22,8,-20,6,-18]"
CSI_DATA,225543,d8:b1:90:db:e8:90,-51,11,1,6,0,0,1,0,0,0,1,-96,0,4,0,-807883045,0,100,0,128,1,"[100,-64,5,0,-4,9,1,13,6,16,10,18,15,19,19,19,22,18,23,17,25,16,25,15,24,14,22,13,19,13,16,13,12,14,9,15,5,17,1,18,-3,20,-5,21,-7,22,-9,22,-10,23,-10,22,-10,22,-3,5,0,0,0,0,0,0,0,0,0,0,0,0,0,0,0,0,0,0,-4,3,-15,12,-17,13,-19,14,-20,15,-21,15,-21,15,-21,13,-20,11,-19,9,-18,5,-16,0,-15,-4,-14,-8,-13,-13,-13,-17,-13,-20,-14,-23,-16,-25,-17,-26,-19,-26,-20,-24,-21,-22,-21,-19,-21,-15,-19,-11,-17,-8]"
CSI_DATA,225544,d8:b1:90:db:e8:90,-52,11,1,6,0,0,1,0,0,0,1,-96,0,4,0,-807866874,0,100,0,128,1,"[100,-64,5,0,-7,9,-3,15,2,19,6,22,10,24,14,25,17,26,20,26,21,24,22,23,21,21,19,20,16,19,12,19,8,18,3,18,-2,18,-6,18,-10,18,-14,18,-17,19,-19,18,-20,19,-20,19,-20,18,-5,4,0,0,0,0,0,0,0,0,0,0,0,0,0,0,0,0,0,0,-5,3,-18,12,-20,13,-22,14,-23,15,-23,15,-24,15,-23,14,-22,11,-21,8,-19,4,-17,-1,-15,-5,-13,-10,-11,-15,-10,-20,-10,-24,-11,-27,-12,-30,-13,-31,-15,-31,-17,-30,-18,-28,-20,-25,-20,-20,-19,-15,-17,-11]"
CSI_DATA,225545,d8:b1:90:db:e8:90,-51,11,1,6,0,0,1,0,0,0,1,-96,0,4,0,-807855288,0,100,0,128,1,"[100,-64,5,0,-7,-7,-12,-4,-17,0,-20,4,-23,8,-24,11,-25,14,-25,16,-24,17,-23,18,-21,18,-20,17,-20,14,-19,11,-19,7,-19,4,-19,0,-20,-4,-20,-7,-21,-10,-21,-12,-21,-13,-21,-14,-21,-14,-21,-14,-6,-4,0,0,0,0,0,0,0,0,0,0,0,0,0,0,0,0,0,0,-1,-5,-2,-19,-2,-21,-1,-23,-1,-25,-1,-25,-1,-25,0,-24,1,-23,2,-21,5,-18,7,-15,10,-12,13,-9,17,-6,20,-4,23,-3,25,-2,28,-3,29,-4,30,-6,29,-8,27,-9,24,-11,21,-12,16,-13,12,-12]"
CSI_DATA,225546,d8:b1:90:db:e8:90,-51,11,1,7,0,0,1,0,0,0,1,-96,0,4,0,-807826273,0,100,0,128,1,"[100,-64,5,0,23,-13,22,-13,22,-13,22,-13,21,-13,21,-13,20,-13,20,-13,20,-13,19,-13,19,-14,19,-14,18,-13,18,-13,19,-14,19,-14,18,-14,19,-13,18,-13,18,-12,17,-11,18,-10,17,-10,17,-9,17,-8,4,-2,0,0,0,0,0,0,0,0,0,0,0,0,0,0,0,0,0,0,4,-3,16,-12,16,-12,17,-11,17,-10,18,-10,18,-10,19,-10,20,-10,20,-9,21,-9,21,-9,21,-9,21,-9,22,-9,22,-9,22,-10,22,-10,22,-11,22,-11,22,-11,22,-11,22,-12,22,-12,22,-13,23,-13,24,-13]"
CSI_DATA,225547,d8:b1:90:db:e8:90,-51,11,1,7,0,0,1,0,0,0,1,-96,0,4,0,-807815871,0,100,0,128,1,"[100,-64,5,0,-20,21,-19,21,-19,21,-18,20,-17,20,-17,20,-16,20,-15,20,-15,20,-15,20,-15,20,-15,20,-14,21,-14,21,-14,20,-14,19,-14,19,-14,18,-14,17,-15,16,-15,16,-15,16,-15,16,-16,14,-17,13,-5,3,0,0,0,0,0,0,0,0,0,0,0,0,0,0,0,0,0,0,-4,3,-14,15,-14,15,-15,14,-16,14,-16,14,-17,14,-18,14,-19,14,-19,14,-20,14,-20,13,-20,13,-21,13,-20,14,-20,14,-20,15,-20,15,-20,16,-20,17,-19,17,-19,18,-19,18,-19,19,-19,19,-19,19,-19,20]"
CSI_DATA,225548,d8:b1:90:db:e8:90,-51,11,1,7,0,0,1,0,0,0,1,-96,0,4,0,-807803517,0,100,0,128,1,"[100,-64,5,0,25,-4,25,-5,25,-5,25,-4,25,-5,24,-5,24,-5,23,-6,23,-6,23,-6,22,-6,22,-6,22,-7,21,-7,21,-7,22,-6,21,-6,21,-6,20,-6,20,-6,20,-5,19,-4,20,-4,19,-2,18,0,4,0,0,0,0,0,0,0,0,0,0,0,0,0,0,0,0,0,0,0,4,-2,18,-5,18,-4,19,-3,19,-3,20,-2,20,-2,21,-2,22,-1,22,-1,22,0,22,0,22,0,22,0,23,0,23,0,23,-1,23,-1,23,-2,24,-2,24,-3,25,-3,25,-3,25,-3,25,-4,26,-4,26,-4]"
CSI_DATA,225549,d8:b1:90:db:e8:90,-52,11,1,7,0,0,1,0,0,0,1,-96,0,4,0,-807792191,0,100,0,128,1,"[100,-64,5,0,-8,27,-8,27,-7,27,-7,27,-7,26,-6,26,-6,26,-6,25,-5,25,-5,25,-4,25,-4,24,-4,24,-4,24,-4,24,-4,24,-4,24,-5,23,-5,23,-5,23,-6,22,-6,21,-7,21,-7,21,-8,20,-2,5,0,0,0,0,0,0,0,0,0,0,0,0,0,0,0,0,0,0,-1,5,-4,20,-5,20,-6,20,-7,20,-8,21,-8,21,-9,21,-9,22,-10,22,-10,23,-11,23,-11,23,-11,23,-11,23,-11,23,-11,23,-10,23,-10,24,-9,25,-9,25,-8,26,-8,26,-8,26,-8,26,-8,27,-7,27]"
CSI_DATA,225550,d8:b1:90:db:e8:90,-51,11,1,7,0,0,1,0,0,0,1,-96,0,4,0,-807780792,0,100,0,128,1,"[100,-64,5,0,-10,22,-10,22,-9,21,-9,21,-8,21,-8,21,-8,21,-7,20,-7,20,-7,20,-6,20,-6,20,-6,20,-6,20,-6,20,-6,20,-6,20,-6,19,-7,19,-7,19,-7,18,-8,17,-8,17,-8,16,-9,15,-3,3,0,0,0,0,0,0,0,0,0,0,0,0,0,0,0,0,0,0,-2,4,-6,16,-7,16,-8,16,-8,16,-9,16,-10,16,-10,17,-10,17,-11,17,-11,17,-11,17,-11,17,-11,17,-11,18,-11,18,-11,19,-11,19,-11,19,-11,19,-11,19,-11,20,-10,20,-11,20,-11,20,-11,21,-10,21]"
CSI_DATA,225551,d8:b1:90:db:e8:90,-51,11,1,7,0,0,1,0,0,0,1,-96,0,4,0,-807760517,0,100,0,128,1,"[100,-64,5,0,3,28,3,28,3,28,3,28,4,27,4,27,5,26,5,26,6,25,6,25,6,24,7,24,7,24,7,24,7,24,7,24,7,24,6,23,6,23,5,22,5,22,4,21,3,21,2,22,1,22,0,5,0,0,0,0,0,0,0,0,0,0,0,0,0,0,0,0,0,0,1,5,3,21,2,21,2,21,1,22,0,22,0,23,-1,23,-1,24,-1,24,-2,25,-2,25,-2,25,-2,25,-2,25,-2,26,-2,26,-2,26,-1,26,0,26,1,27,1,27,2,27,2,28,2,28,2,28,3,29]"
CSI_DATA,225552,d8:b1:90:db:e8:90,-52,11,1,7,0,0,1,0,0,0,1,-96,0,4,0,-807734386,0,100,0,128,1,"[100,-64,5,0,-13,-23,-13,-23,-13,-22,-13,-22,-13,-22,-13,-21,-13,-21,-14,-20,-14,-19,-14,-19,-15,-18,-15,-18,-15,-18,-15,-19,-15,-18,-15,-18,-14,-18,-14,-18,-13,-17,-12,-17,-12,-17,-11,-17,-10,-17,-9,-18,-8,-18,-2,-5,0,0,0,0,0,0,0,0,0,0,0,0,0,0,0,0,0,0,-3,-4,-10,-15,-10,-16,-10,-18,-10,-18,-9,-19,-9,-19,-9,-20,-9,-21,-9,-21,-8,-21,-8,-21,-8,-21,-8,-22,-8,-22,-8,-23,-8,-23,-8,-23,-9,-23,-9,-22,-9,-22,-10,-22,-11,-23,-11,-22,-12,-23,-12,-23,-12,-23]"
CSI_DATA,225553,d8:b1:90:db:e8:90,-51,11,1,7,0,0,1,0,0,0,1,-96,0,4,0,-807721505,0,100,0,128,1,"[100,-64,5,0,0,29,0,29,1,28,1,27,2,27,3,27,3,27,3,26,4,25,4,25,4,25,4,26,4,26,4,26,4,26,4,25,4,25,4,24,3,24,3,24,2,23,1,23,1,23,0,23,-1,23,-1,5,0,0,0,0,0,0,0,0,0,0,0,0,0,0,0,0,0,0,0,5,2,21,1,21,-1,21,-1,22,-2,22,-2,23,-3,23,-4,23,-4,24,-5,24,-5,25,-5,25,-5,25,-5,26,-5,26,-4,25,-4,26,-3,26,-2,26,-1,26,-1,27,-1,28,-1,28,0,29,0,30,0,30]"
CSI_DATA,225554,d8:b1:90:db:e8:90,-52,11,1,7,0,0,1,0,0,0,1,-96,0,4,0,-807708911,0,100,0,128,1,"[100,-64,5,0,-15,20,-16,20,-16,20,-16,20,-14,21,-13,20,-13,19,-13,19,-13,19,-12,20,-11,20,-12,20,-13,20,-12,20,-12,20,-11,19,-12,19,-13,18,-13,17,-13,17,-12,15,-13,15,-15,15,-14,15,-12,15,-3,3,0,0,0,0,0,0,0,0,0,0,0,0,0,0,0,0,0,0,-3,4,-9,18,-9,17,-11,15,-13,15,-14,16,-14,16,-14,16,-14,15,-15,14,-17,15,-18,16,-17,17,-16,16,-16,15,-17,15,-18,16,-17,18,-15,18,-15,17,-16,16,-17,18,-16,20,-15,21,-15,20,-16,20,-17,21]"
CSI_DATA,225555,d8:b1:90:db:e8:90,-51,11,1,7,0,0,1,0,0,0,1,-96,0,4,0,-807698431,0,100,0,128,1,"[100,-64,5,0,-22,-10,-22,-10,-22,-10,-22,-9,-22,-9,-21,-8,-21,-8,-21,-7,-21,-7,-21,-6,-21,-6,-21,-6,-21,-6,-21,-6,-21,-6,-20,-6,-20,-6,-20,-6,-19,-6,-18,-6,-18,-7,-18,-7,-17,-7,-17,-8,-16,-9,-4,-3,0,0,0,0,0,0,0,0,0,0,0,0,0,0,0,0,0,0,-5,-2,-18,-5,-18,-6,-17,-7,-17,-7,-17,-8,-18,-8,-18,-9,-18,-9,-18,-10,-18,-10,-18,-11,-18,-11,-18,-11,-18,-11,-18,-11,-18,-11,-19,-11,-19,-11,-20,-11,-21,-11,-21,-11,-21,-10,-22,-10,-22,-10,-22,-10,-23,-10]"
CSI_DATA,225556,d8:b1:90:db:e8:90,-51,11,1,6,0,0,1,0,0,0,1,-96,0,4,0,-807685723,0,100,0,128,1,"[100,-64,5,0,-7,-8,-12,-6,-17,-3,-22,0,-25,3,-27,6,-28,9,-28,11,-28,12,-27,13,-25,13,-24,12,-22,9,-20,6,-19,3,-18,-1,-17,-6,-16,-10,-16,-13,-15,-17,-15,-19,-14,-20,-14,-21,-14,-21,-13,-21,-4,-6,0,0,0,0,0,0,0,0,0,0,0,0,0,0,0,0,0,0,-1,-5,-4,-20,-4,-22,-4,-24,-4,-25,-4,-26,-3,-26,-2,-25,-1,-23,1,-21,3,-18,6,-14,9,-11,13,-7,16,-4,20,-2,23,0,26,1,28,1,30,0,31,-2,30,-4,29,-6,26,-8,23,-9,18,-10,14,-11]"
CSI_DATA,225557,d8:b1:90:db:e8:90,-52,11,1,6,0,0,1,0,0,0,1,-96,0,4,0,-807674395,0,100,0,128,1,"[100,-64,5,0,7,0,9,-5,10,-9,10,-13,10,-17,9,-20,8,-22,7,-23,5,-24,4,-24,4,-23,4,-21,4,-19,5,-16,7,-14,9,-11,11,-8,13,-6,15,-3,17,-2,18,0,19,0,19,1,19,1,19,1,4,0,0,0,0,0,0,0,0,0,0,0,0,0,0,0,0,0,0,0,3,1,12,8,13,9,14,10,15,11,15,12,15,12,15,12,13,11,10,11,7,11,4,11,0,11,-4,11,-7,11,-10,12,-13,13,-15,15,-16,16,-17,18,-16,19,-15,20,-13,20,-10,19,-7,18,-4,16,-2,13]"
CSI_DATA,225558,d8:b1:90:db:e8:90,-52,11,1,6,0,0,1,0,0,0,1,-96,0,4,0,-807657959,0,100,0,128,1,"[100,-64,5,0,8,0,9,-5,10,-9,11,-13,10,-17,10,-20,9,-22,8,-23,6,-24,5,-24,4,-23,4,-21,5,-19,6,-17,8,-14,10,-11,12,-8,14,-5,16,-3,17,-2,18,0,19,1,20,1,19,2,19,2,4,0,0,0,0,0,0,0,0,0,0,0,0,0,0,0,0,0,0,0,3,1,13,7,14,8,15,9,16,10,17,10,16,11,15,11,14,11,11,11,8,11,4,11,1,11,-3,11,-7,12,-10,13,-12,14,-14,16,-15,17,-15,19,-15,20,-14,21,-12,21,-9,20,-6,19,-3,16,-1,14]"
CSI_DATA,225559,d8:b1:90:db:e8:90,-51,11,1,6,0,0,1,0,0,0,1,-96,0,4,0,-807646014,0,100,0,128,1,"[100,-64,5,0,-5,11,-6,19,-5,25,-4,29,-2,32,1,32,5,30,8,27,12,23,16,19,19,16,20,15,20,14,18,14,15,16,12,17,9,20,4,23,0,26,-4,28,-7,30,-10,29,-11,28,-10,27,-10,25,-3,6,0,0,0,0,0,0,0,0,0,0,0,0,0,0,0,0,0,0,-5,-5,-17,-20,-17,-24,-17,-28,-16,-30,-14,-31,-12,-30,-9,-28,-7,-24,-4,-20,-2,-15,-1,-12,0,-10,2,-10,4,-12,7,-15,9,-19,10,-24,10,-29,10,-34,10,-38,10,-40,9,-40,8,-38,6,-32,4,-25,3,-19]"
CSI_DATA,225560,d8:b1:90:db:e8:90,-50,11,1,6,0,0,1,0,0,0,1,-96,0,4,0,-807616701,0,100,0,128,1,"[100,-64,5,0,6,-3,7,-9,8,-15,7,-21,5,-25,3,-29,1,-31,-1,-32,-3,-32,-4,-31,-5,-30,-5,-28,-3,-26,-1,-23,2,-20,6,-18,10,-16,13,-14,17,-12,20,-12,22,-11,23,-10,24,-10,23,-10,22,-9,5,-3,0,0,0,0,0,0,0,0,0,0,0,0,0,0,0,0,0,0,3,3,15,13,16,15,17,17,18,18,18,19,19,20,18,19,15,19,12,18,8,17,4,16,-1,15,-6,15,-10,15,-15,17,-18,18,-20,19,-22,21,-22,23,-22,25,-20,26,-17,27,-14,26,-10,24,-6,20,-4,17]"
CSI_DATA,225561,d8:b1:90:db:e8:90,-51,11,1,6,0,0,1,0,0,0,1,-96,0,4,0,-807600680,0,100,0,128,1,"[100,-64,5,0,-7,-9,-13,-6,-18,-3,-22,0,-25,4,-27,7,-28,10,-28,12,-28,14,-26,14,-25,14,-24,13,-22,11,-20,8,-19,4,-19,0,-19,-4,-18,-8,-17,-12,-17,-15,-17,-17,-17,-19,-17,-20,-17,-21,-15,-20,-4,-5,0,0,0,0,0,0,0,0,0,0,0,0,0,0,0,0,0,0,-1,-5,-3,-20,-3,-22,-3,-24,-3,-25,-3,-26,-2,-26,-1,-25,0,-23,2,-21,4,-18,7,-14,10,-11,13,-8,17,-5,20,-3,23,-1,26,-1,28,-1,30,-2,31,-3,30,-5,29,-7,26,-9,22,-11,18,-11,14,-12]"
CSI_DATA,225562,d8:b1:90:db:e8:90,-51,11,1,6,0,0,1,0,0,0,1,-96,0,4,0,-807588942,0,100,0,128,1,"[100,-64,5,0,-7,10,-3,14,1,18,6,20,10,22,13,23,16,24,18,23,19,22,20,20,19,19,17,18,15,18,11,17,7,17,3,17,-1,18,-5,18,-9,18,-12,18,-14,18,-16,18,-17,19,-17,18,-17,18,-4,4,0,0,0,0,0,0,0,0,0,0,0,0,0,0,0,0,0,0,-4,3,-15,12,-16,13,-18,14,-19,15,-20,15,-20,15,-20,14,-19,11,-18,8,-17,5,-16,1,-15,-4,-13,-8,-13,-13,-12,-17,-13,-20,-14,-23,-14,-25,-16,-26,-17,-26,-19,-25,-20,-23,-21,-20,-20,-16,-19,-11,-18,-8]"
CSI_DATA,225563,d8:b1:90:db:e8:90,-52,11,1,6,0,0,1,0,0,0,1,-96,0,4,0,-807574976,0,100,0,128,1,"[100,-64,5,0,-7,4,-6,8,-4,12,-2,16,0,19,3,21,5,22,6,22,8,22,8,21,8,20,7,19,6,18,4,17,1,16,-2,15,-5,14,-7,13,-10,13,-12,13,-14,13,-15,13,-16,12,-16,12,-15,12,-4,2,0,0,0,0,0,0,0,0,0,0,0,0,0,0,0,0,0,0,-4,-1,-15,-4,-16,-4,-18,-5,-19,-6,-19,-6,-20,-6,-19,-6,-17,-7,-15,-8,-13,-9,-9,-10,-6,-12,-3,-13,0,-15,2,-17,3,-19,4,-21,4,-23,4,-24,2,-25,1,-25,-1,-24,-3,-21,-4,-16,-6,-14,-6,-13]"
CSI_DATA,225564,d8:b1:90:db:e8:90,-51,11,1,6,0,0,1,0,0,0,1,-96,0,4,0,-807562235,0,100,0,128,1,"[100,-64,5,0,2,-9,-3,-12,-8,-14,-13,-16,-17,-17,-21,-17,-24,-16,-26,-15,-27,-13,-27,-12,-26,-11,-24,-10,-22,-11,-19,-11,-16,-13,-12,-14,-9,-17,-6,-19,-3,-20,-1,-22,1,-23,2,-24,3,-25,3,-24,3,-24,0,-6,0,0,0,0,0,0,0,0,0,0,0,0,0,0,0,0,0,0,3,-3,16,-10,18,-10,20,-11,21,-11,22,-12,22,-11,22,-10,20,-9,19,-6,17,-3,15,1,14,5,12,9,11,13,10,16,10,20,11,23,13,24,14,25,16,25,17,24,18,21,19,19,18,15,17,10,15,6]"
CSI_DATA,225565,d8:b1:90:db:e8:90,-52,11,1,6,0,0,1,0,0,0,1,-96,0,4,0,-807548215,0,100,0,128,1,"[100,-64,5,0,5,3,9,0,12,-3,15,-6,17,-10,18,-13,18,-15,18,-17,17,-18,16,-18,15,-18,14,-16,13,-14,13,-12,13,-8,13,-5,13,-1,14,2,15,5,15,7,16,9,16,10,16,11,16,11,16,11,3,2,0,0,0,0,0,0,0,0,0,0,0,0,0,0,0,0,0,0,0,3,3,15,3,16,3,18,3,19,3,20,3,20,2,19,1,18,0,16,-3,14,-5,11,-8,8,-11,6,-14,4,-17,3,-19,2,-22,1,-24,2,-25,3,-26,4,-25,6,-24,7,-21,8,-18,9,-14,9,-11,9]"
CSI_DATA,225566,d8:b1:90:db:e8:90,-51,11,1,6,0,0,1,0,0,0,1,-96,0,4,0,-807526544,0,100,0,128,1,"[100,-64,5,0,-7,-6,-12,-4,-17,0,-20,3,-23,7,-25,10,-25,13,-25,15,-25,16,-23,17,-22,17,-21,15,-20,13,-19,10,-18,7,-18,3,-19,-1,-19,-5,-19,-8,-20,-11,-20,-13,-20,-14,-20,-15,-20,-15,-19,-15,-5,-4,0,0,0,0,0,0,0,0,0,0,0,0,0,0,0,0,0,0,-1,-5,-1,-19,0,-21,0,-24,0,-25,1,-26,1,-25,1,-24,3,-22,4,-20,6,-17,8,-14,11,-10,14,-7,17,-4,20,-2,23,0,25,0,28,0,29,-1,30,-3,29,-5,28,-7,25,-9,22,-10,17,-10,13,-11]"
CSI_DATA,225567,d8:b1:90:db:e8:90,-52,11,1,6,0,0,1,0,0,0,1,-96,0,4,0,-807515491,0,100,0,128,1,"[100,-64,5,0,2,-7,-2,-10,-6,-12,-10,-13,-14,-14,-16,-14,-19,-14,-20,-13,-21,-12,-21,-11,-21,-10,-19,-9,-17,-10,-15,-10,-12,-11,-9,-12,-6,-14,-4,-15,-2,-17,0,-18,2,-19,3,-20,3,-20,3,-20,3,-19,0,-5,0,0,0,0,0,0,0,0,0,0,0,0,0,0,0,0,0,0,3,-2,12,-8,14,-8,15,-9,16,-9,17,-9,17,-9,16,-8,16,-7,15,-5,14,-3,12,0,11,4,10,7,9,10,8,13,8,16,9,18,10,19,11,20,12,20,14,19,14,17,15,15,14,11,13,8,12,5]"
CSI_DATA,225568,d8:b1:90:db:e8:90,-51,11,1,6,0,0,1,0,0,0,1,-96,0,4,0,-807503375,0,100,0,128,1,"[100,-64,5,0,8,4,13,0,17,-4,20,-9,23,-14,24,-18,24,-21,23,-24,22,-25,20,-26,19,-25,18,-23,17,-20,17,-17,18,-13,18,-8,20,-4,21,0,22,5,23,7,24,9,24,10,24,10,25,11,25,12,6,3,0,0,0,0,0,0,0,0,0,0,0,0,0,0,0,0,0,0,1,4,5,20,5,22,5,24,5,26,5,27,5,27,4,26,3,25,0,23,-3,20,-7,16,-11,13,-15,10,-19,8,-23,6,-26,6,-29,6,-31,7,-33,8,-33,10,-32,12,-30,13,-27,15,-22,15,-17,15,-13,14]"
CSI_DATA,225569,d8:b1:90:db:e8:90,-52,11,1,6,0,0,1,0,0,0,1,-96,0,4,0,-807491779,0,100,0,128,1,"[100,-64,5,0,-8,-1,-10,4,-11,8,-12,13,-12,16,-11,19,-10,22,-9,23,-7,24,-6,23,-6,22,-5,21,-6,19,-7,16,-9,14,-11,11,-13,8,-15,6,-17,4,-19,2,-20,1,-21,0,-21,0,-21,-1,-21,-1,-5,-1,0,0,0,0,0,0,0,0,0,0,0,0,0,0,0,0,0,0,-3,-3,-12,-11,-13,-12,-14,-14,-15,-15,-15,-16,-15,-16,-14,-15,-12,-15,-10,-15,-7,-14,-3,-14,0,-13,4,-13,8,-13,11,-13,14,-14,16,-15,17,-17,17,-18,17,-19,16,-20,14,-21,11,-20,8,-19,5,-17,2,-15]"
CSI_DATA,225570,d8:b1:90:db:e8:90,-51,11,1,6,0,0,1,0,0,0,1,-96,0,4,0,-807481018,0,100,0,128,1,"[100,-64,5,0,6,6,12,3,17,0,21,-4,23,-8,25,-12,26,-15,26,-17,25,-19,23,-20,22,-19,21,-18,20,-15,19,-12,19,-8,18,-4,19,1,19,5,19,8,19,11,20,13,20,15,20,15,19,16,19,16,4,4,0,0,0,0,0,0,0,0,0,0,0,0,0,0,0,0,0,0,0,4,2,19,2,21,1,24,1,25,1,26,1,26,0,25,-1,23,-3,21,-6,18,-8,14,-12,11,-15,7,-19,5,-22,2,-25,1,-28,0,-31,1,-32,2,-33,4,-32,6,-30,7,-28,9,-24,11,-18,11,-14,11]"
CSI_DATA,225571,d8:b1:90:db:e8:90,-52,11,1,6,0,0,1,0,0,0,1,-96,0,4,0,-807469744,0,100,0,128,1,"[100,-64,5,0,0,6,5,7,9,8,13,8,17,7,20,6,22,4,23,3,23,1,23,0,21,0,20,0,18,1,16,3,14,5,12,7,10,9,8,11,7,14,6,16,5,17,4,18,4,18,4,18,4,18,1,4,0,0,0,0,0,0,0,0,0,0,0,0,0,0,0,0,0,0,-3,2,-10,11,-11,12,-13,13,-13,13,-14,14,-14,14,-14,13,-14,11,-14,9,-13,6,-13,3,-13,0,-12,-4,-13,-7,-14,-10,-15,-13,-16,-14,-18,-15,-19,-15,-20,-15,-21,-13,-21,-11,-20,-9,-19,-6,-16,-3,-14,-1]"
CSI_DATA,225572,d8:b1:90:db:e8:90,-51,11,1,6,0,0,1,0,0,0,1,-96,0,4,0,-807452366,0,100,0,128,1,"[100,-64,5,0,-8,-4,-13,1,-16,5,-19,10,-21,14,-21,18,-21,21,-20,24,-19,25,-18,26,-16,25,-15,23,-15,21,-15,17,-16,14,-17,10,-18,6,-20,2,-22,-2,-23,-4,-25,-6,-25,-7,-26,-7,-25,-7,-25,-8,-6,-2,0,0,0,0,0,0,0,0,0,0,0,0,0,0,0,0,0,0,-1,-5,-3,-21,-2,-23,-2,-26,-2,-27,-2,-28,-2,-28,-1,-27,0,-25,2,-23,4,-20,7,-16,10,-13,14,-9,18,-7,21,-5,25,-4,28,-3,30,-4,31,-6,32,-7,31,-9,29,-11,26,-13,22,-14,17,-14,13,-13]"
CSI_DATA,225573,d8:b1:90:db:e8:90,-51,11,1,6,0,0,1,0,0,0,1,-96,0,4,0,-807426412,0,100,0,128,1,"[100,-64,5,0,8,4,13,-1,17,-6,20,-11,21,-16,22,-20,22,-23,21,-26,19,-27,18,-28,16,-27,15,-25,15,-22,16,-18,16,-14,18,-10,19,-6,21,-2,22,2,23,5,24,7,25,8,25,9,25,9,24,9,6,2,0,0,0,0,0,0,0,0,0,0,0,0,0,0,0,0,0,0,2,4,8,19,8,21,8,24,9,25,9,26,9,26,8,26,6,24,3,22,0,20,-4,17,-9,14,-13,12,-17,10,-21,9,-25,9,-28,9,-30,10,-32,12,-32,14,-31,15,-28,17,-25,17,-20,18,-15,17,-11,16]"
CSI_DATA,225574,d8:b1:90:db:e8:90,-51,11,1,6,0,0,1,0,0,0,1,-96,0,4,0,-807413315,0,100,0,128,1,"[100,-64,5,0,-10,2,-10,8,-9,14,-8,19,-7,23,-5,26,-3,28,-1,29,1,29,2,28,3,27,2,25,1,23,-2,20,-5,18,-8,15,-12,13,-15,10,-18,8,-20,6,-23,5,-24,5,-25,4,-24,4,-24,4,-6,0,0,0,0,0,0,0,0,0,0,0,0,0,0,0,0,0,0,0,-5,-1,-20,-4,-22,-5,-23,-6,-25,-6,-25,-7,-25,-7,-24,-7,-22,-8,-19,-9,-15,-10,-11,-12,-7,-13,-2,-15,2,-17,5,-20,8,-22,10,-25,11,-27,11,-29,10,-30,8,-30,6,-30,3,-28,0,-25,-3,-21,-5,-18]"
CSI_DATA,225575,d8:b1:90:db:e8:90,-51,11,1,6,0,0,1,0,0,0,1,-96,0,4,0,-807401957,0,100,0,128,1,"[100,-64,5,0,-10,0,-12,6,-13,11,-12,17,-12,21,-11,25,-9,28,-7,29,-6,29,-5,29,-4,27,-4,25,-5,22,-7,20,-9,17,-11,13,-14,10,-17,7,-20,5,-22,2,-23,1,-25,0,-25,-1,-24,-1,-24,-1,-6,-1,0,0,0,0,0,0,0,0,0,0,0,0,0,0,0,0,0,0,-5,-3,-18,-10,-19,-11,-21,-12,-22,-13,-22,-14,-22,-14,-21,-14,-19,-13,-16,-14,-12,-14,-7,-14,-2,-15,3,-15,7,-16,11,-17,14,-19,16,-21,17,-23,18,-25,17,-26,15,-28,13,-28,10,-26,6,-24,3,-21,1,-18]"
CSI_DATA,225576,d8:b1:90:db:e8:90,-51,11,1,6,0,0,1,0,0,0,1,-96,0,4,0,-807386640,0,100,0,128,1,"[100,-64,5,0,6,7,11,5,16,2,21,-1,24,-4,26,-7,27,-10,27,-12,27,-14,25,-15,24,-15,22,-13,20,-11,19,-8,18,-4,17,0,16,4,15,8,15,12,14,15,14,17,14,19,14,20,13,20,13,20,3,5,0,0,0,0,0,0,0,0,0,0,0,0,0,0,0,0,0,0,0,4,3,18,3,20,3,22,3,24,3,25,2,25,1,24,0,22,-2,20,-4,17,-7,13,-11,10,-14,6,-17,4,-21,1,-24,-1,-27,-1,-29,-1,-31,0,-32,1,-31,3,-30,5,-28,7,-24,9,-19,10,-15,10]"
CSI_DATA,225577,d8:b1:90:db:e8:90,-51,11,1,6,0,0,1,0,0,0,1,-96,0,4,0,-807376009,0,100,0,128,1,"[100,-64,5,0,-1,-8,-7,-10,-13,-12,-18,-12,-23,-11,-26,-10,-29,-8,-30,-7,-31,-5,-30,-3,-29,-2,-27,-2,-24,-3,-21,-5,-18,-8,-15,-10,-12,-13,-9,-17,-7,-20,-5,-22,-4,-24,-3,-25,-2,-25,-3,-25,-2,-25,-1,-7,0,0,0,0,0,0,0,0,0,0,0,0,0,0,0,0,0,0,3,-4,13,-16,14,-17,16,-18,17,-19,18,-20,18,-19,18,-18,17,-16,17,-13,16,-9,15,-5,14,0,14,5,14,9,15,14,16,17,17,20,19,22,21,22,23,21,24,20,25,17,24,14,22,10,20,6,17,3]"
CSI_DATA,225578,d8:b1:90:db:e8:90,-52,11,1,6,0,0,1,0,0,0,1,-96,0,4,0,-807359173,0,100,0,128,1,"[100,-64,5,0,3,-8,-1,-11,-4,-14,-8,-16,-11,-17,-15,-17,-17,-17,-19,-16,-20,-16,-20,-15,-19,-14,-17,-13,-15,-13,-13,-13,-9,-13,-6,-14,-3,-15,0,-16,3,-16,5,-17,7,-18,8,-18,9,-18,9,-18,9,-18,2,-5,0,0,0,0,0,0,0,0,0,0,0,0,0,0,0,0,0,0,2,-3,11,-10,13,-11,14,-11,15,-12,16,-12,16,-12,16,-11,15,-9,14,-7,13,-4,12,-1,11,3,10,6,9,9,9,13,9,16,9,18,10,20,12,20,13,20,14,19,15,18,15,15,15,12,14,9,13,6]"
CSI_DATA,225579,d8:b1:90:db:e8:90,-51,11,1,6,0,0,1,0,0,0,1,-96,0,4,0,-807346789,0,100,0,128,1,"[100,-64,5,0,5,7,11,6,16,4,20,1,24,-2,26,-4,28,-7,28,-9,28,-11,27,-12,25,-12,23,-11,21,-9,20,-6,18,-2,17,2,15,6,14,10,13,14,12,16,12,18,12,20,11,21,11,21,11,21,2,5,0,0,0,0,0,0,0,0,0,0,0,0,0,0,0,0,0,0,0,4,1,19,1,21,1,23,0,24,0,25,-1,25,-2,24,-3,22,-4,19,-6,16,-9,12,-11,8,-14,5,-18,2,-21,-1,-24,-3,-27,-4,-29,-4,-31,-3,-32,-2,-31,0,-30,2,-28,4,-24,6,-20,7,-16,8]"
CSI_DATA,225580,d8:b1:90:db:e8:90,-51,11,1,6,0,0,1,0,0,0,1,-96,0,4,0,-807334863,0,100,0,128,1,"[100,-64,5,0,8,6,13,2,17,-2,20,-5,23,-9,24,-13,24,-16,24,-18,23,-20,22,-20,21,-20,19,-18,18,-16,18,-12,18,-8,18,-4,18,0,18,4,18,8,19,11,19,13,19,14,19,16,19,16,18,16,4,4,0,0,0,0,0,0,0,0,0,0,0,0,0,0,0,0,0,0,1,4,7,17,7,19,7,22,8,23,8,24,7,24,6,23,5,22,2,20,-1,18,-5,15,-8,12,-12,9,-17,7,-20,6,-24,5,-27,6,-29,6,-30,8,-31,9,-30,11,-28,13,-25,14,-21,15,-16,14,-12,13]"
CSI_DATA,225581,d8:b1:90:db:e8:90,-52,11,1,6,0,0,1,0,0,0,1,-96,0,4,0,-807312320,0,100,0,128,1,"[100,-64,5,0,-6,7,-2,11,2,14,5,16,9,18,12,19,14,19,16,18,17,17,17,17,16,16,14,15,12,14,10,13,6,13,3,13,-1,13,-4,14,-7,14,-10,14,-12,15,-14,15,-15,15,-15,14,-15,14,-4,3,0,0,0,0,0,0,0,0,0,0,0,0,0,0,0,0,0,0,-3,2,-12,10,-14,11,-15,12,-16,12,-16,12,-17,12,-16,11,-16,10,-15,7,-14,4,-13,0,-11,-3,-10,-7,-9,-11,-9,-14,-9,-17,-10,-20,-11,-22,-12,-23,-14,-22,-15,-22,-16,-20,-16,-18,-16,-14,-15,-11,-14,-8]"
CSI_DATA,225582,d8:b1:90:db:e8:90,-52,11,1,6,0,0,1,0,0,0,1,-96,0,4,0,-807302011,0,100,0,128,1,"[100,-64,5,0,-4,-7,-9,-6,-13,-5,-17,-3,-20,-1,-22,1,-23,3,-24,5,-24,6,-23,7,-22,7,-20,6,-19,5,-17,2,-16,-1,-14,-4,-12,-7,-11,-9,-11,-12,-10,-15,-10,-16,-9,-18,-9,-18,-9,-19,-8,-19,-2,-5,0,0,0,0,0,0,0,0,0,0,0,0,0,0,0,0,0,0,0,-4,0,-16,0,-17,1,-19,1,-20,1,-21,1,-20,2,-20,2,-18,4,-16,5,-13,7,-10,9,-7,11,-4,13,-1,15,1,18,3,20,4,21,4,23,4,24,2,24,1,23,-1,22,-2,19,-4,15,-6,12,-6]"
CSI_DATA,225583,d8:b1:90:db:e8:90,-52,11,1,6,0,0,1,0,0,0,1,-96,0,4,0,-807287832,0,100,0,128,1,"[100,-64,5,0,-9,-6,-12,-3,-15,1,-17,4,-18,8,-19,11,-19,13,-19,15,-19,16,-18,16,-17,15,-16,14,-15,12,-15,9,-15,6,-15,3,-15,-1,-15,-4,-15,-7,-16,-9,-17,-11,-17,-12,-16,-13,-16,-13,-16,-13,-4,-4,0,0,0,0,0,0,0,0,0,0,0,0,0,0,0,0,0,0,-3,-3,-10,-12,-10,-14,-11,-15,-12,-16,-12,-17,-12,-17,-11,-16,-9,-16,-7,-15,-4,-14,-1,-12,3,-11,6,-10,10,-10,13,-9,16,-9,18,-10,19,-11,20,-12,20,-13,19,-15,18,-16,15,-16,12,-16,9,-15,6,-14]"
CSI_DATA,225584,d8:b1:90:db:e8:90,-51,11,1,6,0,0,1,0,0,0,1,-96,0,4,0,-807276352,0,100,0,128,1,"[100,-64,5,0,-12,1,-13,7,-13,12,-12,18,-11,22,-9,25,-7,27,-6,29,-4,29,-3,28,-3,27,-3,25,-4,22,-6,19,-8,16,-11,13,-14,10,-16,8,-19,5,-21,3,-23,2,-25,0,-25,-1,-25,-1,-24,-1,-6,-1,0,0,0,0,0,0,0,0,0,0,0,0,0,0,0,0,0,0,-5,-1,-19,-4,-21,-5,-23,-6,-24,-6,-25,-7,-24,-7,-23,-7,-21,-8,-18,-9,-15,-10,-10,-12,-6,-13,-2,-15,2,-17,6,-19,8,-22,10,-24,11,-26,11,-28,10,-29,8,-30,6,-30,3,-28,0,-25,-2,-22,-4,-18]"
CSI_DATA,225585,d8:b1:90:db:e8:90,-51,11,1,6,0,0,1,0,0,0,1,-96,0,4,0,-807255909,0,100,0,128,1,"[100,-64,5,0,3,8,9,7,14,6,19,4,23,2,26,0,28,-3,29,-5,28,-7,27,-8,26,-8,24,-8,23,-6,21,-3,20,0,18,3,17,7,16,11,15,14,14,16,13,18,13,19,13,20,13,20,12,20,3,5,0,0,0,0,0,0,0,0,0,0,0,0,0,0,0,0,0,0,-2,4,-6,17,-8,19,-9,21,-9,22,-10,23,-11,22,-11,21,-11,19,-12,17,-12,13,-14,9,-15,5,-17,1,-19,-2,-21,-6,-23,-8,-25,-9,-28,-10,-29,-9,-30,-8,-30,-6,-30,-4,-28,-1,-25,2,-20,4,-17,5]"
CSI_DATA,225586,d8:b1:90:db:e8:90,-51,11,1,6,0,0,1,0,0,0,1,-96,0,4,0,-807219440,0,100,0,128,1,"[100,-64,5,0,3,-9,-3,-14,-8,-17,-13,-19,-18,-20,-22,-21,-25,-20,-28,-19,-29,-17,-29,-15,-28,-14,-26,-14,-23,-13,-20,-14,-16,-15,-12,-17,-8,-19,-4,-21,-1,-22,2,-24,4,-26,5,-27,6,-27,6,-27,6,-26,1,-7,0,0,0,0,0,0,0,0,0,0,0,0,0,0,0,0,0,0,4,-3,19,-10,21,-10,23,-11,25,-11,26,-11,26,-11,25,-10,24,-8,22,-5,20,-2,17,2,15,7,12,11,11,15,10,20,9,24,10,27,11,29,13,30,15,30,16,29,18,27,19,23,18,18,17,13,16,9]"
CSI_DATA,225587,d8:b1:90:db:e8:90,-52,11,1,6,0,0,1,0,0,0,1,-96,0,4,0,-807208332,0,100,0,128,1,"[100,-64,5,0,0,7,5,8,10,8,14,7,17,6,20,5,22,3,23,2,23,0,23,-1,22,-1,20,-1,19,0,17,2,15,4,13,6,11,9,10,11,9,13,8,15,7,17,6,18,6,18,6,18,6,18,1,4,0,0,0,0,0,0,0,0,0,0,0,0,0,0,0,0,0,0,-3,2,-9,11,-10,12,-11,14,-12,15,-13,15,-13,15,-13,14,-13,12,-13,10,-13,7,-13,4,-13,1,-13,-3,-14,-6,-15,-9,-16,-11,-18,-13,-19,-13,-20,-13,-21,-12,-22,-11,-22,-9,-21,-7,-19,-4,-17,-1,-14,0]"
CSI_DATA,225588,d8:b1:90:db:e8:90,-51,11,1,6,0,0,1,0,0,0,1,-96,0,4,0,-807191901,0,100,0,128,1,"[100,-64,5,0,2,10,8,10,14,9,19,8,23,6,26,4,29,2,30,0,30,-1,29,-3,28,-3,26,-2,23,-1,21,2,19,5,16,8,14,11,12,14,10,17,7,20,5,23,4,23,5,24,6,24,5,23,1,5,0,0,0,0,0,0,0,0,0,0,0,0,0,0,0,0,0,0,-1,4,-4,19,-5,20,-5,22,-6,24,-7,25,-7,24,-8,23,-8,21,-9,18,-11,15,-12,10,-14,6,-16,1,-18,-3,-21,-6,-23,-9,-25,-10,-28,-11,-30,-11,-31,-9,-31,-8,-30,-5,-29,-3,-26,0,-22,3,-18,4]"
CSI_DATA,225589,d8:b1:90:db:e8:90,-51,11,1,6,0,0,1,0,0,0,1,-96,0,4,0,-807181604,0,100,0,128,1,"[100,-64,5,0,-4,9,1,13,6,16,10,18,15,19,18,19,21,19,23,18,25,16,25,15,24,14,22,14,19,13,16,14,12,15,8,16,4,17,0,18,-3,20,-6,21,-9,22,-10,22,-11,22,-11,22,-11,22,-3,5,0,0,0,0,0,0,0,0,0,0,0,0,0,0,0,0,0,0,-4,3,-15,13,-16,14,-18,15,-19,16,-20,16,-20,16,-20,14,-20,13,-19,10,-18,6,-16,2,-15,-3,-14,-8,-14,-12,-14,-16,-14,-20,-15,-23,-16,-25,-18,-26,-20,-26,-21,-24,-22,-22,-22,-19,-21,-15,-20,-10,-18,-7]"
CSI_DATA,225590,d8:b1:90:db:e8:90,-51,11,1,6,0,0,1,0,0,0,1,-96,0,4,0,-807170560,0,100,0,128,1,"[100,-64,5,0,-3,6,2,10,6,14,11,16,16,17,19,17,22,17,24,16,25,14,26,12,25,11,23,11,21,11,18,11,14,13,11,14,7,16,4,18,1,20,-1,21,-3,23,-4,23,-4,24,-4,24,-4,23,-1,5,0,0,0,0,0,0,0,0,0,0,0,0,0,0,0,0,0,0,-5,0,-20,3,-22,3,-24,3,-25,3,-26,3,-26,3,-25,2,-24,1,-22,-1,-19,-4,-16,-7,-13,-10,-11,-13,-9,-17,-7,-21,-6,-24,-6,-27,-7,-29,-9,-30,-10,-30,-12,-29,-14,-27,-15,-24,-15,-20,-14,-15,-13,-11]"
CSI_DATA,225591,d8:b1:90:db:e8:90,-52,11,1,6,0,0,1,0,0,0,1,-96,0,4,0,-807152467,0,100,0,128,1,"[100,-64,5,0,5,-6,2,-10,-1,-14,-3,-17,-6,-19,-9,-21,-11,-21,-13,-21,-14,-20,-15,-20,-14,-18,-13,-17,-11,-16,-9,-15,-5,-15,-2,-14,2,-14,5,-14,8,-14,10,-14,12,-14,13,-14,14,-14,14,-14,14,-13,3,-4,0,0,0,0,0,0,0,0,0,0,0,0,0,0,0,0,0,0,3,-2,14,-6,16,-6,17,-6,18,-7,19,-6,19,-6,18,-5,17,-4,15,-2,13,0,11,3,9,6,7,9,5,12,3,15,2,18,2,20,3,22,4,23,5,24,6,23,8,22,9,20,10,17,10,13,10,10]"
CSI_DATA,225592,d8:b1:90:db:e8:90,-51,11,1,6,0,0,1,0,0,0,1,-96,0,4,0,-807120276,0,100,0,128,1,"[100,-64,5,0,-5,-9,-11,-9,-17,-8,-23,-6,-27,-3,-30,0,-32,2,-33,5,-33,7,-32,8,-30,8,-28,7,-26,6,-24,3,-22,-1,-20,-5,-19,-9,-18,-13,-16,-17,-16,-20,-15,-22,-15,-23,-15,-24,-15,-24,-14,-24,-4,-6,0,0,0,0,0,0,0,0,0,0,0,0,0,0,0,0,0,0,1,-5,6,-21,8,-23,9,-25,10,-26,10,-27,11,-26,12,-25,12,-22,12,-19,13,-16,14,-11,15,-6,17,-2,19,2,22,6,24,9,26,11,29,11,31,11,32,10,33,8,32,5,30,2,26,-1,22,-4,18,-6]"
CSI_DATA,225593,d8:b1:90:db:e8:90,-52,11,1,6,0,0,1,0,0,0,1,-96,0,4,0,-807107862,0,100,0,128,1,"[100,-64,5,0,-3,-9,-8,-9,-12,-9,-16,-8,-19,-6,-22,-4,-24,-3,-25,-1,-25,0,-24,1,-23,1,-22,1,-20,0,-18,-2,-16,-4,-14,-7,-12,-10,-10,-13,-8,-15,-7,-17,-6,-19,-5,-20,-5,-20,-5,-20,-5,-20,-1,-5,0,0,0,0,0,0,0,0,0,0,0,0,0,0,0,0,0,0,0,-4,3,-15,4,-17,5,-18,5,-19,6,-20,6,-19,6,-18,7,-17,7,-15,8,-12,9,-8,10,-5,12,-2,13,2,15,5,17,7,19,8,20,9,22,8,23,8,24,6,23,4,22,2,19,0,16,-2,14,-4]"
CSI_DATA,225594,d8:b1:90:db:e8:90,-51,11,1,6,0,0,1,0,0,0,1,-96,0,4,0,-807096465,0,100,0,128,1,"[100,-64,5,0,0,-10,-6,-12,-11,-14,-16,-14,-20,-14,-24,-13,-27,-12,-29,-10,-29,-8,-29,-7,-28,-6,-26,-6,-24,-6,-21,-8,-18,-10,-15,-12,-13,-15,-10,-18,-8,-21,-7,-22,-6,-23,-4,-23,-4,-24,-4,-24,-3,-25,-1,-7,0,0,0,0,0,0,0,0,0,0,0,0,0,0,0,0,0,0,3,-3,14,-12,16,-13,18,-14,19,-15,19,-16,20,-15,20,-14,19,-12,18,-9,17,-6,16,-2,15,2,14,6,14,10,14,14,15,17,16,20,18,21,20,21,22,21,23,19,23,16,23,13,21,9,19,5,17,3]"
CSI_DATA,225595,d8:b1:90:db:e8:90,-51,11,1,6,0,0,1,0,0,0,1,-96,0,4,0,-807085258,0,100,0,128,1,"[100,-64,5,0,-10,1,-11,7,-11,13,-10,18,-8,22,-7,25,-5,28,-3,29,-1,29,0,28,1,27,0,26,-1,24,-3,21,-6,19,-8,17,-11,15,-15,13,-18,11,-20,10,-22,9,-23,8,-24,8,-23,8,-23,7,-6,1,0,0,0,0,0,0,0,0,0,0,0,0,0,0,0,0,0,0,-4,-3,-16,-11,-18,-12,-19,-14,-20,-15,-20,-16,-21,-16,-19,-16,-17,-16,-15,-16,-11,-16,-7,-16,-3,-16,2,-17,6,-17,9,-19,12,-20,14,-22,15,-24,15,-26,14,-27,12,-28,10,-28,7,-27,3,-24,0,-21,-2,-18]"
CSI_DATA,225596,d8:b1:90:db:e8:90,-51,11,1,6,0,0,1,0,0,0,1,-96,0,4,0,-807072168,0,100,0,128,1,"[100,-64,5,0,3,-9,-1,-13,-5,-16,-10,-19,-14,-20,-18,-21,-21,-20,-23,-20,-24,-18,-24,-17,-24,-16,-22,-15,-20,-15,-17,-15,-13,-16,-10,-17,-6,-18,-3,-20,0,-21,3,-23,4,-24,6,-24,6,-24,7,-24,7,-23,1,-6,0,0,0,0,0,0,0,0,0,0,0,0,0,0,0,0,0,0,4,-2,17,-7,19,-7,21,-7,23,-8,23,-8,24,-7,23,-6,22,-5,20,-3,18,0,15,4,13,8,11,11,9,15,8,18,8,22,8,24,9,26,11,27,12,27,14,26,15,24,16,21,16,17,16,12,15,9]"
CSI_DATA,225597,d8:b1:90:db:e8:90,-51,11,1,6,0,0,1,0,0,0,1,-96,0,4,0,-807060028,0,100,0,128,1,"[100,-64,5,0,-6,-9,-12,-7,-17,-4,-21,-2,-24,0,-27,4,-28,7,-28,9,-27,10,-27,11,-26,12,-24,11,-22,8,-22,5,-21,3,-19,-1,-19,-5,-19,-9,-19,-12,-18,-14,-17,-16,-17,-18,-18,-19,-17,-18,-16,-18,-4,-5,0,0,0,0,0,0,0,0,0,0,0,0,0,0,0,0,0,0,0,-5,3,-19,4,-21,5,-23,5,-24,6,-25,6,-25,7,-24,7,-22,8,-19,10,-16,11,-12,13,-8,15,-5,18,-1,20,1,23,3,25,4,27,5,30,4,31,2,30,0,29,-1,27,-3,23,-6,19,-8,15,-9]"
CSI_DATA,225598,d8:b1:90:db:e8:90,-52,11,1,6,0,0,1,0,0,0,1,-96,0,4,0,-807048951,0,100,0,128,1,"[100,-64,5,0,-7,5,-5,10,-2,13,1,17,4,19,6,20,8,21,10,21,11,20,12,19,12,18,11,17,9,16,6,15,3,15,0,14,-4,14,-7,13,-10,13,-12,12,-14,12,-16,12,-16,12,-16,12,-16,12,-4,2,0,0,0,0,0,0,0,0,0,0,0,0,0,0,0,0,0,0,-4,1,-15,4,-17,4,-18,5,-19,5,-20,5,-20,4,-19,4,-18,2,-17,0,-15,-2,-12,-5,-10,-7,-7,-10,-6,-14,-4,-17,-3,-19,-3,-22,-4,-23,-4,-24,-6,-25,-7,-24,-8,-23,-10,-21,-11,-17,-11,-14,-10,-11]"
CSI_DATA,225599,d8:b1:90:db:e8:90,-50,11,1,6,0,0,1,0,0,0,1,-96,0,4,0,-807018415,0,100,0,128,1,"[100,-64,5,0,-8,-6,-13,-2,-18,2,-22,6,-24,10,-26,14,-26,17,-26,19,-25,21,-23,22,-21,21,-20,20,-19,17,-18,13,-18,9,-18,5,-19,0,-19,-4,-20,-8,-21,-11,-22,-13,-22,-14,-23,-15,-22,-16,-22,-16,-6,-4,0,0,0,0,0,0,0,0,0,0,0,0,0,0,0,0,0,0,-1,-6,-3,-22,-2,-24,-2,-26,-2,-28,-2,-29,-2,-28,-1,-27,0,-25,2,-23,4,-19,7,-16,10,-12,14,-8,18,-5,22,-2,25,-1,28,0,31,-1,33,-2,33,-4,33,-6,31,-8,28,-10,24,-11,19,-12,15,-12]"
CSI_DATA,225600,d8:b1:90:db:e8:90,-52,11,1,6,0,0,1,0,0,0,1,-96,0,4,0,-807004965,0,100,0,128,1,"[100,-64,5,0,7,0,9,-4,11,-8,11,-12,11,-16,11,-19,10,-21,9,-23,8,-23,7,-23,6,-22,6,-21,6,-18,7,-16,9,-12,10,-9,12,-6,13,-4,15,-1,17,1,18,2,19,3,19,4,19,4,18,5,4,1,0,0,0,0,0,0,0,0,0,0,0,0,0,0,0,0,0,0,3,1,12,8,13,9,14,10,15,11,16,11,16,12,15,12,13,12,11,11,7,11,4,11,0,11,-4,11,-7,11,-11,12,-14,13,-16,14,-17,15,-17,17,-17,18,-16,19,-14,19,-11,19,-8,18,-5,16,-3,14]"
CSI_DATA,225601,d8:b1:90:db:e8:90,-51,11,1,6,0,0,1,0,0,0,1,-96,0,4,0,-806990632,0,100,0,128,1,"[100,-64,5,0,-10,-2,-13,4,-14,10,-15,15,-15,19,-14,23,-13,26,-12,27,-11,28,-9,28,-8,26,-8,24,-8,22,-10,18,-12,15,-14,11,-16,8,-18,4,-20,1,-21,-1,-23,-3,-24,-4,-26,-5,-25,-5,-24,-7,-6,-2,0,0,0,0,0,0,0,0,0,0,0,0,0,0,0,0,0,0,-4,-3,-17,-12,-18,-13,-19,-15,-20,-16,-20,-17,-20,-17,-19,-17,-17,-16,-14,-16,-10,-16,-5,-15,-1,-15,4,-14,9,-15,13,-15,16,-17,19,-18,21,-20,21,-22,21,-24,19,-25,17,-25,13,-25,10,-23,6,-21,3,-18]"
CSI_DATA,225602,d8:b1:90:db:e8:90,-51,11,1,6,0,0,1,0,0,0,1,-96,0,4,0,-806980293,0,100,0,128,1,"[100,-64,5,0,-12,-5,-16,-1,-18,4,-21,9,-22,13,-22,16,-22,19,-21,21,-20,22,-19,22,-18,21,-17,19,-16,17,-16,13,-16,9,-16,5,-17,0,-17,-4,-18,-8,-19,-11,-19,-13,-20,-15,-20,-16,-19,-17,-19,-17,-5,-5,0,0,0,0,0,0,0,0,0,0,0,0,0,0,0,0,0,0,-5,-3,-17,-11,-19,-12,-20,-14,-21,-15,-21,-15,-21,-15,-19,-15,-17,-15,-14,-15,-10,-15,-5,-14,0,-14,5,-13,10,-14,14,-14,17,-15,20,-16,22,-18,23,-20,23,-21,22,-22,19,-23,16,-23,12,-22,8,-21,5,-19]"
CSI_DATA,225603,d8:b1:90:db:e8:90,-51,11,1,6,0,0,1,0,0,0,1,-96,0,4,0,-806969100,0,100,0,128,1,"[100,-64,5,0,9,-5,8,-11,6,-17,4,-22,1,-26,-2,-28,-4,-30,-6,-30,-8,-30,-9,-29,-9,-28,-8,-26,-6,-24,-3,-22,0,-20,4,-18,8,-16,12,-15,15,-14,18,-13,20,-12,22,-12,22,-11,22,-11,22,-10,5,-3,0,0,0,0,0,0,0,0,0,0,0,0,0,0,0,0,0,0,4,-1,19,-1,21,-1,23,0,24,0,25,0,25,1,24,2,22,3,20,4,16,6,12,9,8,11,5,14,1,17,-2,20,-4,23,-5,26,-5,28,-4,30,-3,31,-1,31,1,30,3,28,6,24,7,20,8,16]"
CSI_DATA,225604,d8:b1:90:db:e8:90,-52,11,1,6,0,0,1,0,0,0,1,-96,0,4,0,-806957124,0,100,0,128,1,"[100,-64,5,0,7,-2,7,-7,7,-12,6,-16,4,-19,3,-22,1,-23,0,-24,-2,-24,-3,-24,-3,-23,-3,-21,-2,-20,0,-18,3,-16,5,-14,8,-13,10,-12,13,-11,15,-10,16,-9,18,-9,18,-8,18,-8,17,-7,4,-2,0,0,0,0,0,0,0,0,0,0,0,0,0,0,0,0,0,0,3,1,13,6,14,7,15,8,16,8,17,9,17,9,16,10,14,10,12,10,9,10,6,11,2,12,-1,12,-4,13,-7,15,-9,16,-10,18,-11,20,-11,21,-10,22,-8,23,-6,22,-4,21,-2,19,1,16,2,13]"
CSI_DATA,225605,d8:b1:90:db:e8:90,-51,11,1,6,0,0,1,0,0,0,1,-96,0,4,0,-806946356,0,100,0,128,1,"[100,-64,5,0,2,-10,-3,-13,-9,-16,-14,-17,-18,-18,-22,-18,-25,-17,-27,-16,-28,-15,-28,-14,-27,-12,-25,-12,-22,-12,-19,-13,-15,-14,-11,-15,-7,-17,-4,-19,-1,-21,2,-23,4,-24,6,-24,7,-25,7,-24,7,-24,1,-6,0,0,0,0,0,0,0,0,0,0,0,0,0,0,0,0,0,0,3,-4,12,-15,14,-17,15,-18,16,-19,17,-19,17,-19,17,-18,17,-15,16,-12,16,-9,15,-4,14,1,14,5,14,10,14,14,15,18,16,20,18,22,20,23,22,22,23,21,23,18,23,15,22,11,19,7,17,4]"
CSI_DATA,225606,d8:b1:90:db:e8:90,-52,11,1,6,0,0,1,0,0,0,1,-96,0,4,0,-806933487,0,100,0,128,1,"[100,-64,5,0,6,4,10,1,13,-2,16,-6,17,-9,18,-12,19,-14,18,-16,18,-17,17,-17,15,-17,14,-16,14,-13,13,-11,13,-8,14,-4,14,-1,14,2,15,5,15,8,15,9,16,10,16,11,16,12,15,12,3,3,0,0,0,0,0,0,0,0,0,0,0,0,0,0,0,0,0,0,1,3,7,13,7,14,7,16,8,17,8,18,7,18,6,17,5,17,3,15,1,14,-3,12,-6,10,-9,8,-12,7,-16,6,-18,6,-21,6,-22,7,-23,8,-24,9,-23,11,-21,12,-19,13,-16,13,-12,12,-9,11]"
CSI_DATA,225607,d8:b1:90:db:e8:90,-51,11,1,6,0,0,1,0,0,0,1,-96,0,4,0,-806908302,0,100,0,128,1,"[100,-64,5,0,-1,11,5,13,11,14,16,13,20,13,24,12,26,10,28,9,29,7,28,6,27,6,25,6,22,7,19,8,16,10,12,12,9,15,6,17,3,20,1,21,-1,23,-3,24,-3,24,-4,24,-4,24,-1,6,0,0,0,0,0,0,0,0,0,0,0,0,0,0,0,0,0,0,-2,4,-6,17,-7,19,-8,21,-8,22,-9,23,-9,23,-10,22,-10,20,-11,17,-12,13,-13,8,-14,4,-15,-1,-17,-5,-19,-8,-21,-11,-23,-13,-25,-14,-27,-14,-29,-13,-29,-11,-29,-9,-28,-6,-26,-3,-22,0,-19,2]"
CSI_DATA,225608,d8:b1:90:db:e8:90,-52,11,1,6,0,0,1,0,0,0,1,-96,0,4,0,-806897271,0,100,0,128,1,"[100,-64,5,0,8,-4,7,-9,6,-13,5,-17,3,-21,1,-23,-1,-24,-2,-25,-3,-25,-4,-24,-4,-23,-3,-21,-2,-19,0,-17,3,-14,6,-12,8,-10,11,-9,13,-7,16,-5,18,-4,19,-3,19,-2,19,-2,19,-2,4,-1,0,0,0,0,0,0,0,0,0,0,0,0,0,0,0,0,0,0,3,-2,14,-6,15,-6,17,-6,18,-6,19,-6,19,-6,18,-5,17,-4,15,-2,13,1,10,3,7,6,5,9,2,12,1,15,-1,18,-1,20,-1,22,-1,23,0,24,2,24,3,23,5,21,6,19,7,15,8,12]"
CSI_DATA,225609,d8:b1:90:db:e8:90,-51,11,1,6,0,0,1,0,0,0,1,-96,0,4,0,-806883074,0,100,0,128,1,"[100,-64,5,0,-3,9,3,12,8,15,13,16,17,17,21,16,24,15,26,14,27,13,27,11,26,10,23,10,21,10,18,10,14,12,10,14,6,15,3,17,-1,19,-4,20,-5,21,-6,22,-7,23,-8,22,-8,21,-2,5,0,0,0,0,0,0,0,0,0,0,0,0,0,0,0,0,0,0,-4,3,-14,13,-16,15,-18,16,-19,17,-19,17,-20,17,-19,15,-19,13,-18,10,-17,7,-15,2,-14,-2,-14,-7,-14,-12,-14,-16,-14,-19,-16,-22,-17,-24,-19,-25,-21,-24,-22,-23,-22,-21,-23,-18,-22,-14,-20,-9,-17,-6]"
CSI_DATA,225610,d8:b1:90:db:e8:90,-51,11,1,6,0,0,1,0,0,0,1,-96,0,4,0,-806870708,0,100,0,128,1,"[100,-64,5,0,-1,10,5,12,11,13,17,13,21,13,24,12,27,11,29,9,29,7,29,5,27,5,25,5,22,5,19,7,15,9,11,11,8,14,4,16,1,19,-2,21,-4,22,-5,23,-5,24,-6,24,-6,24,-2,5,0,0,0,0,0,0,0,0,0,0,0,0,0,0,0,0,0,0,-2,4,-7,18,-8,20,-9,22,-10,24,-10,24,-11,24,-11,22,-11,20,-12,16,-12,12,-13,8,-14,3,-15,-2,-16,-7,-18,-11,-20,-14,-22,-17,-24,-18,-26,-18,-27,-18,-28,-16,-28,-14,-27,-10,-25,-6,-22,-3,-19,0]"
CSI_DATA,225611,d8:b1:90:db:e8:90,-51,11,1,6,0,0,1,0,0,0,1,-96,0,4,0,-806860283,0,100,0,128,1,"[100,-64,5,0,-2,10,3,13,9,15,14,15,19,15,22,15,25,14,27,13,28,11,28,10,27,8,24,8,22,9,19,10,15,12,11,14,8,16,4,18,1,20,-1,22,-3,23,-4,24,-5,24,-5,24,-5,24,-2,6,0,0,0,0,0,0,0,0,0,0,0,0,0,0,0,0,0,0,-3,3,-13,14,-14,16,-16,17,-17,18,-18,19,-18,18,-18,17,-18,15,-17,12,-17,8,-16,4,-15,-1,-15,-6,-15,-10,-16,-14,-17,-18,-18,-21,-20,-22,-22,-23,-24,-22,-25,-21,-25,-18,-25,-15,-24,-11,-21,-7,-19,-4]"
CSI_DATA,225612,d8:b1:90:db:e8:90,-52,11,1,6,0,0,1,0,0,0,1,-96,0,4,0,-806843201,0,100,0,128,1,"[100,-64,5,0,6,-5,4,-10,2,-14,0,-18,-2,-20,-5,-22,-7,-23,-9,-23,-10,-23,-11,-22,-11,-21,-10,-20,-8,-18,-5,-17,-3,-16,1,-15,4,-14,7,-14,10,-13,12,-13,14,-13,16,-13,16,-13,16,-12,16,-12,4,-3,0,0,0,0,0,0,0,0,0,0,0,0,0,0,0,0,0,0,3,-1,15,-2,16,-2,18,-2,19,-2,19,-2,19,-1,19,-1,18,0,16,2,13,4,10,6,7,8,5,10,2,13,0,16,-1,18,-2,20,-1,22,-1,24,1,25,2,24,4,23,5,21,7,18,8,15,8,12]"
CSI_DATA,225613,d8:b1:90:db:e8:90,-51,11,1,7,0,0,1,0,0,0,0,-96,0,4,0,-806828098,0,100,0,128,1,"[100,-64,5,0,-7,22,-7,22,-6,22,-6,22,-6,22,-6,21,-5,21,-5,21,-4,21,-4,21,-3,21,-3,21,-3,21,-3,21,-3,20,-3,20,-3,20,-3,19,-3,19,-4,19,-4,18,-4,17,-5,17,-5,17,-6,17,-2,4,0,0,0,0,0,0,0,0,0,0,0,0,0,0,0,0,0,0,-2,4,-5,17,-6,17,-7,17,-8,17,-8,17,-9,17,-9,17,-10,17,-10,18,-10,18,-11,18,-11,18,-11,18,-10,18,-10,18,-10,18,-10,18,-10,19,-9,20,-9,21,-8,21,-8,22,-8,21,-7,22,-7,22,-7,22]"
CSI_DATA,225614,d8:b1:90:db:e8:90,-51,11,1,7,0,0,1,0,0,0,0,-96,0,4,0,-806808115,0,100,0,128,1,"[100,-64,5,0,-21,-21,-21,-20,-20,-20,-20,-20,-20,-20,-20,-20,-20,-19,-20,-18,-20,-17,-21,-17,-21,-16,-21,-16,-21,-16,-21,-16,-21,-16,-20,-15,-20,-15,-19,-15,-18,-15,-18,-15,-17,-15,-17,-15,-16,-15,-16,-16,-15,-17,-4,-5,0,0,0,0,0,0,0,0,0,0,0,0,0,0,0,0,0,0,-5,-4,-16,-15,-16,-16,-15,-17,-14,-18,-14,-19,-14,-20,-14,-20,-14,-20,-14,-21,-14,-22,-14,-22,-14,-22,-14,-23,-15,-22,-14,-22,-15,-22,-15,-22,-16,-22,-17,-22,-18,-22,-18,-22,-19,-22,-19,-21,-20,-21,-20,-21,-21,-21]"
CSI_DATA,225615,d8:b1:90:db:e8:90,-52,11,1,7,0,0,1,0,0,0,0,-96,0,4,0,-806786001,0,100,0,128,1,"[100,-64,5,0,8,27,8,27,8,26,8,26,8,25,9,25,9,24,9,24,10,23,11,23,11,23,11,22,11,22,11,22,11,22,10,22,9,22,9,21,8,20,8,22,7,22,8,22,8,21,6,21,2,21,0,5,0,0,0,0,0,0,0,0,0,0,0,0,0,0,0,0,0,0,1,5,5,20,4,20,3,21,3,21,2,21,2,22,2,23,1,24,1,24,1,25,1,25,1,26,1,26,1,26,1,26,2,26,2,26,3,26,4,26,4,26,5,26,6,26,6,26,6,26,7,26,7,27]"
CSI_DATA,225616,d8:b1:90:db:e8:90,-52,11,1,6,0,0,1,0,0,0,1,-96,0,4,0,-806775322,0,100,0,128,1,"[100,-64,5,0,-8,3,-7,8,-6,12,-5,16,-3,19,0,22,2,23,3,24,5,23,5,23,5,21,5,20,3,18,1,17,-1,15,-4,14,-7,12,-10,11,-13,10,-15,9,-17,9,-19,8,-19,8,-19,8,-18,7,-5,1,0,0,0,0,0,0,0,0,0,0,0,0,0,0,0,0,0,0,-4,-1,-16,-2,-17,-3,-19,-3,-20,-4,-20,-4,-20,-4,-20,-4,-18,-5,-16,-6,-13,-7,-10,-9,-7,-11,-3,-12,0,-14,2,-17,4,-19,5,-21,5,-23,5,-24,4,-25,2,-25,0,-25,-2,-23,-4,-20,-5,-17,-6,-14]"
CSI_DATA,225617,d8:b1:90:db:e8:90,-51,11,1,6,0,0,1,0,0,0,1,-96,0,4,0,-806764737,0,100,0,128,1,"[100,-64,5,0,10,5,14,0,17,-5,20,-9,21,-14,21,-17,21,-20,21,-22,19,-23,18,-23,17,-23,16,-21,16,-18,16,-14,16,-10,17,-6,17,-2,18,2,19,6,19,9,20,11,20,12,20,13,20,14,19,14,4,3,0,0,0,0,0,0,0,0,0,0,0,0,0,0,0,0,0,0,3,2,14,11,16,13,17,14,17,16,18,16,18,17,16,16,14,16,11,16,7,15,3,14,-2,14,-7,13,-11,13,-15,13,-19,14,-21,15,-23,16,-24,18,-24,20,-23,21,-20,22,-17,22,-13,21,-9,19,-5,18]"
CSI_DATA,225618,d8:b1:90:db:e8:90,-51,11,1,6,0,0,1,0,0,0,1,-96,0,4,0,-806754692,0,100,0,128,1,"[100,-64,5,0,-10,3,-9,9,-8,14,-6,19,-5,23,-2,26,0,28,2,29,4,29,5,28,5,27,5,25,3,23,0,21,-2,19,-6,18,-10,16,-13,14,-16,13,-19,12,-20,12,-22,11,-22,11,-22,11,-22,10,-6,2,0,0,0,0,0,0,0,0,0,0,0,0,0,0,0,0,0,0,-5,-2,-19,-7,-20,-8,-21,-9,-22,-10,-23,-10,-23,-11,-22,-11,-20,-12,-18,-12,-14,-13,-10,-14,-6,-15,-2,-17,2,-18,5,-20,8,-22,9,-25,10,-27,10,-29,9,-30,7,-30,4,-29,2,-28,-1,-25,-4,-21,-5,-17]"
CSI_DATA,225619,d8:b1:90:db:e8:90,-51,11,1,7,0,0,1,0,0,0,1,-96,0,4,0,-806743128,0,100,0,128,1,"[100,-64,5,0,-6,-29,-6,-29,-7,-28,-7,-27,-7,-27,-8,-27,-8,-26,-8,-26,-9,-26,-10,-26,-11,-26,-11,-25,-11,-25,-10,-25,-10,-25,-10,-25,-9,-25,-9,-24,-8,-24,-8,-23,-7,-23,-7,-22,-6,-23,-5,-23,-3,-23,-1,-6,0,0,0,0,0,0,0,0,0,0,0,0,0,0,0,0,0,0,-2,-6,-7,-21,-6,-22,-4,-23,-4,-23,-3,-24,-3,-24,-3,-24,-3,-25,-2,-26,-2,-26,-2,-26,-2,-26,-2,-27,-2,-27,-2,-27,-2,-27,-2,-27,-3,-27,-3,-27,-4,-27,-5,-27,-5,-28,-6,-29,-6,-30,-6,-30,-6,-29]"
CSI_DATA,225620,d8:b1:90:db:e8:90,-51,11,1,7,0,0,1,0,0,0,1,-96,0,4,0,-806712792,0,100,0,128,1,"[100,-64,5,0,-26,10,-25,9,-25,10,-24,10,-24,10,-24,11,-23,11,-22,11,-22,12,-22,12,-21,12,-21,12,-20,12,-20,12,-20,12,-21,11,-21,11,-20,10,-20,10,-20,9,-20,8,-20,7,-20,7,-20,6,-20,5,-5,1,0,0,0,0,0,0,0,0,0,0,0,0,0,0,0,0,0,0,-5,2,-18,9,-18,9,-18,8,-19,8,-19,7,-20,7,-21,7,-22,6,-22,6,-23,6,-23,6,-24,5,-24,5,-24,6,-24,6,-24,6,-24,6,-24,7,-24,7,-25,7,-25,8,-25,8,-25,9,-26,9,-26,9,-26,10]"
CSI_DATA,225621,d8:b1:90:db:e8:90,-51,11,1,7,0,0,1,0,0,0,1,-96,0,4,0,-806701261,0,100,0,128,1,"[100,-64,5,0,-27,4,-27,4,-26,4,-26,4,-25,4,-25,5,-24,5,-24,6,-23,6,-23,7,-23,7,-23,8,-23,8,-22,8,-22,8,-22,7,-22,7,-22,6,-22,6,-22,5,-22,5,-21,4,-21,4,-20,3,-20,2,-5,0,0,0,0,0,0,0,0,0,0,0,0,0,0,0,0,0,0,0,-5,1,-20,3,-20,3,-21,2,-21,1,-22,1,-22,0,-22,0,-23,0,-24,0,-24,-1,-24,-1,-24,-2,-24,-2,-24,-1,-25,-1,-25,-1,-25,0,-25,1,-25,1,-25,1,-25,2,-26,2,-26,2,-26,3,-26,3,-27,3]"
CSI_DATA,225622,d8:b1:90:db:e8:90,-52,11,1,7,0,0,1,0,0,0,1,-96,0,4,0,-806688081,0,100,0,128,1,"[100,-64,5,0,8,-27,7,-27,7,-27,7,-27,6,-27,6,-26,5,-26,4,-26,4,-26,3,-26,3,-26,2,-25,2,-25,2,-25,2,-25,2,-26,2,-26,2,-25,3,-24,3,-23,3,-23,4,-22,5,-22,6,-22,7,-21,2,-6,0,0,0,0,0,0,0,0,0,0,0,0,0,0,0,0,0,0,1,-6,4,-21,5,-21,6,-21,6,-21,7,-21,8,-21,8,-22,9,-23,9,-23,10,-23,10,-23,10,-23,10,-23,10,-24,10,-25,10,-25,9,-25,9,-25,9,-25,9,-26,9,-26,8,-27,8,-27,8,-28,8,-28,8,-28]"
CSI_DATA,225623,d8:b1:90:db:e8:90,-51,11,1,7,0,0,1,0,0,0,1,-96,0,4,0,-806674070,0,100,0,128,1,"[100,-64,5,0,23,-9,23,-10,23,-10,23,-10,22,-10,22,-11,21,-11,20,-11,20,-12,20,-12,20,-12,19,-12,19,-12,19,-12,19,-12,19,-12,19,-12,18,-12,18,-12,18,-11,18,-10,18,-8,19,-7,20,-6,20,-6,4,-2,0,0,0,0,0,0,0,0,0,0,0,0,0,0,0,0,0,0,4,-3,17,-10,17,-9,17,-8,17,-7,18,-7,19,-7,20,-7,21,-7,21,-6,22,-6,22,-6,22,-6,22,-6,22,-6,23,-7,23,-7,23,-8,23,-8,23,-7,23,-8,23,-9,23,-9,24,-9,24,-9,24,-10,24,-10]"
CSI_DATA,225624,d8:b1:90:db:e8:90,-51,11,1,7,0,0,1,0,0,0,1,-96,0,4,0,-806663075,0,100,0,128,1,"[100,-64,5,0,6,-30,6,-29,6,-29,6,-29,5,-29,5,-28,4,-28,4,-27,3,-27,3,-27,2,-26,2,-26,1,-27,2,-27,2,-26,2,-26,2,-26,2,-25,3,-25,3,-25,3,-24,4,-23,4,-23,5,-23,6,-22,1,-6,0,0,0,0,0,0,0,0,0,0,0,0,0,0,0,0,0,0,0,-6,2,-22,3,-22,4,-22,5,-22,6,-23,7,-23,7,-23,8,-24,8,-24,8,-24,9,-24,9,-24,9,-24,9,-25,9,-25,9,-25,8,-26,8,-26,9,-27,8,-27,8,-28,8,-28,7,-28,7,-29,7,-29,7,-29]"
CSI_DATA,225625,d8:b1:90:db:e8:90,-51,11,1,7,0,0,1,0,0,0,1,-96,0,4,0,-806651829,0,100,0,128,1,"[100,-64,5,0,-19,24,-19,23,-18,23,-17,23,-17,22,-16,22,-15,23,-15,23,-14,22,-13,23,-13,23,-13,23,-13,23,-13,23,-12,23,-12,22,-12,22,-12,22,-12,21,-13,20,-13,19,-13,19,-13,18,-14,17,-15,17,-4,4,0,0,0,0,0,0,0,0,0,0,0,0,0,0,0,0,0,0,-3,4,-13,18,-14,17,-15,17,-15,17,-16,17,-17,17,-18,17,-18,17,-19,17,-19,18,-19,18,-20,18,-20,18,-20,18,-20,17,-20,17,-20,18,-20,18,-19,19,-19,20,-19,21,-19,21,-19,22,-19,23,-19,24,-19,24]"
CSI_DATA,225626,d8:b1:90:db:e8:90,-51,11,1,7,0,0,1,0,0,0,1,-96,0,4,0,-806638453,0,100,0,128,1,"[100,-64,5,0,20,21,20,21,20,20,20,19,20,19,20,18,20,17,20,17,20,16,20,16,20,15,21,15,21,15,21,15,21,15,20,15,20,15,19,15,19,15,18,15,17,15,16,15,15,15,14,16,13,17,3,4,0,0,0,0,0,0,0,0,0,0,0,0,0,0,0,0,0,0,4,3,16,14,16,14,15,15,15,16,15,17,15,17,15,18,15,19,15,19,15,20,15,20,15,21,15,21,15,21,15,21,14,21,15,21,16,21,17,20,17,20,18,20,19,20,19,21,20,21,20,21,21,21]"
CSI_DATA,225627,d8:b1:90:db:e8:90,-51,11,1,7,0,0,1,0,0,0,1,-96,0,4,0,-806608565,0,100,0,128,1,"[100,-64,5,0,-11,-21,-11,-21,-10,-21,-10,-21,-10,-21,-11,-20,-11,-20,-11,-20,-11,-20,-12,-19,-12,-19,-12,-18,-12,-18,-12,-18,-12,-18,-12,-18,-11,-18,-11,-17,-10,-17,-10,-17,-10,-17,-9,-17,-8,-17,-8,-17,-7,-17,-2,-5,0,0,0,0,0,0,0,0,0,0,0,0,0,0,0,0,0,0,-3,-4,-9,-16,-9,-16,-8,-16,-8,-17,-7,-17,-7,-18,-7,-18,-7,-19,-6,-19,-6,-20,-6,-20,-6,-20,-6,-20,-6,-21,-6,-21,-7,-21,-7,-21,-8,-21,-8,-21,-9,-21,-9,-21,-9,-21,-10,-21,-10,-21,-10,-22,-10,-22]"
CSI_DATA,225628,d8:b1:90:db:e8:90,-51,11,1,7,0,0,1,0,0,0,1,-96,0,4,0,-806598316,0,100,0,128,1,"[100,-64,5,0,-14,-23,-14,-23,-14,-23,-14,-22,-14,-22,-14,-22,-14,-21,-14,-20,-15,-20,-15,-20,-15,-19,-16,-19,-15,-19,-15,-19,-15,-19,-15,-19,-14,-18,-13,-19,-12,-19,-12,-19,-11,-19,-11,-19,-10,-19,-9,-19,-8,-20,-2,-5,0,0,0,0,0,0,0,0,0,0,0,0,0,0,0,0,0,0,-3,-4,-11,-16,-11,-16,-10,-18,-10,-19,-10,-19,-9,-19,-9,-20,-9,-20,-9,-21,-9,-21,-9,-21,-9,-22,-10,-22,-10,-22,-9,-22,-9,-22,-10,-22,-10,-22,-11,-22,-12,-22,-12,-23,-12,-23,-13,-22,-14,-22,-14,-23,-14,-23]"
CSI_DATA,225629,d8:b1:90:db:e8:90,-51,11,1,7,0,0,1,0,0,0,1,-96,0,4,0,-806584299,0,100,0,128,1,"[100,-64,5,0,19,-17,19,-13,21,-10,24,-6,25,-5,27,-6,28,-10,26,-14,25,-15,24,-14,21,-12,19,-9,19,-6,21,-4,23,-2,25,-4,26,-7,25,-7,23,-7,22,-7,20,-6,17,-3,16,0,17,3,19,6,5,2,0,0,0,0,0,0,0,0,0,0,0,0,0,0,0,0,0,0,1,-4,9,-13,12,-14,13,-16,15,-18,18,-19,17,-21,14,-23,11,-20,11,-17,11,-13,11,-9,14,-8,19,-9,22,-10,22,-13,23,-15,22,-18,20,-19,17,-17,15,-15,14,-12,17,-8,21,-6,26,-8,28,-13,28,-18]"
CSI_DATA,225630,d8:b1:90:db:e8:90,-52,11,1,7,0,0,1,0,0,0,1,-96,0,4,0,-806573384,0,100,0,128,1,"[100,-64,5,0,26,-12,25,-12,25,-12,24,-13,24,-13,23,-13,23,-13,22,-14,22,-14,21,-15,21,-15,20,-15,20,-15,20,-15,20,-15,20,-14,20,-14,20,-13,20,-13,20,-12,20,-11,20,-10,20,-10,19,-9,19,-8,4,-2,0,0,0,0,0,0,0,0,0,0,0,0,0,0,0,0,0,0,4,-3,19,-10,19,-10,20,-9,20,-9,21,-9,21,-8,22,-8,22,-8,23,-8,23,-7,24,-8,24,-7,24,-7,25,-7,25,-8,25,-8,25,-9,25,-9,25,-10,25,-10,25,-11,25,-11,25,-11,26,-11,26,-11,27,-11]"
CSI_DATA,225631,d8:b1:90:db:e8:90,-52,11,1,7,0,0,1,0,0,0,1,-96,0,4,0,-806561530,0,100,0,128,1,"[100,-64,5,0,7,23,6,22,8,18,14,15,17,16,15,16,14,11,18,7,21,8,18,8,16,2,21,-3,23,-1,19,-1,15,-6,19,-10,22,-7,17,-5,12,-10,15,-15,17,-12,12,-10,9,-15,12,-17,16,-13,4,-3,0,0,0,0,0,0,0,0,0,0,0,0,0,0,0,0,0,0,-5,-2,-20,-10,-16,-14,-12,-11,-14,-6,-20,-7,-19,-11,-15,-7,-17,-2,-22,-1,-22,-3,-19,0,-20,5,-22,6,-21,5,-18,7,-18,11,-19,13,-17,13,-14,14,-11,18,-10,21,-9,20,-7,20,-3,21,-2,24,-2,25]"
CSI_DATA,225632,d8:b1:90:db:e8:90,-51,11,1,7,0,0,1,0,0,0,1,-96,0,4,0,-806551408,0,100,0,128,1,"[100,-64,5,0,-19,19,-18,19,-17,19,-17,19,-16,19,-16,19,-15,19,-14,19,-14,19,-14,19,-14,19,-14,19,-14,19,-14,19,-13,19,-13,19,-13,18,-13,18,-13,17,-13,16,-13,16,-14,15,-14,15,-14,14,-14,14,-4,3,0,0,0,0,0,0,0,0,0,0,0,0,0,0,0,0,0,0,-3,3,-12,15,-13,15,-14,15,-15,15,-15,15,-16,15,-16,14,-16,14,-17,14,-18,14,-18,14,-18,14,-18,14,-18,15,-18,15,-18,15,-18,16,-18,16,-18,16,-18,16,-18,17,-17,18,-17,18,-17,19,-18,19,-18,19]"
CSI_DATA,225633,d8:b1:90:db:e8:90,-51,11,1,7,0,0,1,0,0,0,1,-96,0,4,0,-806538829,0,100,0,128,1,"[100,-64,5,0,28,7,28,6,28,6,28,6,27,6,27,5,27,4,26,4,26,3,26,3,26,2,25,2,25,2,25,2,25,2,25,2,25,3,24,3,24,3,24,4,23,4,23,5,22,5,21,6,21,7,5,2,0,0,0,0,0,0,0,0,0,0,0,0,0,0,0,0,0,0,5,0,21,3,21,4,20,5,20,5,21,6,22,7,22,7,22,8,23,8,23,8,23,8,23,9,23,9,23,9,23,9,24,8,24,8,25,8,26,9,26,9,26,8,27,8,27,7,27,7,28,7,28,7]"
CSI_DATA,225634,d8:b1:90:db:e8:90,-51,11,1,7,0,0,1,0,0,0,1,-96,0,4,0,-806505862,0,100,0,128,1,"[100,-64,5,0,9,25,9,25,9,24,9,24,9,24,10,23,10,22,10,22,10,22,10,21,11,21,11,20,11,20,11,20,11,20,11,20,10,20,10,19,9,19,9,19,9,19,8,19,7,19,5,19,5,19,1,4,0,0,0,0,0,0,0,0,0,0,0,0,0,0,0,0,0,0,1,3,6,15,6,16,6,17,5,18,5,19,5,19,5,20,5,20,5,20,4,21,4,22,4,22,5,22,5,22,5,23,5,23,6,23,6,23,6,23,7,23,8,23,8,23,8,24,9,24,9,24,9,24]"
CSI_DATA,225635,d8:b1:90:db:e8:90,-51,11,1,7,0,0,1,0,0,0,1,-96,0,4,0,-806493134,0,100,0,128,1,"[100,-64,5,0,-5,28,-5,28,-5,28,-5,27,-4,27,-4,26,-3,26,-3,26,-3,26,-2,26,-2,25,-1,25,-1,25,-1,25,-1,25,-2,24,-2,24,-2,24,-3,23,-3,23,-3,23,-4,22,-4,22,-5,21,-6,21,-2,5,0,0,0,0,0,0,0,0,0,0,0,0,0,0,0,0,0,0,-1,5,-3,21,-4,21,-5,21,-6,22,-6,22,-7,22,-8,23,-8,23,-8,24,-9,24,-9,24,-9,24,-9,24,-9,25,-9,25,-8,25,-8,25,-8,25,-7,26,-7,26,-6,26,-6,27,-6,27,-6,28,-5,28,-5,28]"
CSI_DATA,225636,d8:b1:90:db:e8:90,-51,11,1,7,0,0,1,0,0,0,1,-96,0,4,0,-806483071,0,100,0,128,1,"[100,-64,5,0,24,7,24,7,24,6,24,6,24,5,24,4,23,4,23,3,22,3,22,2,22,2,22,2,22,2,22,2,22,2,22,3,21,4,21,4,22,4,20,5,20,5,20,6,18,5,16,6,17,8,4,2,0,0,0,0,0,0,0,0,0,0,0,0,0,0,0,0,0,0,4,0,18,3,18,4,18,5,18,6,19,6,19,7,19,7,19,7,20,8,20,9,20,9,20,10,20,10,20,10,20,10,20,10,20,10,21,9,22,9,23,9,23,8,23,8,23,8,23,8,24,8,25,8]"
CSI_DATA,225637,d8:b1:90:db:e8:90,-51,11,1,7,0,0,1,0,0,0,1,-96,0,4,0,-806469400,0,100,0,128,1,"[100,-64,5,0,-27,0,-27,0,-26,1,-26,1,-26,1,-25,2,-25,2,-24,3,-24,3,-23,4,-24,4,-24,4,-24,4,-23,5,-23,4,-23,4,-23,3,-22,3,-22,2,-21,2,-21,2,-21,2,-21,1,-20,-1,-20,-2,-5,-1,0,0,0,0,0,0,0,0,0,0,0,0,0,0,0,0,0,0,-5,0,-20,1,-20,0,-21,-1,-21,-2,-21,-2,-21,-3,-22,-3,-22,-3,-23,-4,-23,-4,-23,-4,-23,-4,-23,-5,-24,-5,-24,-5,-24,-5,-24,-5,-24,-4,-25,-3,-25,-3,-26,-2,-26,-2,-26,-1,-27,-1,-27,-1,-27,-1]"
CSI_DATA,225638,d8:b1:90:db:e8:90,-51,11,1,7,0,0,1,0,0,0,1,-96,0,4,0,-806455613,0,100,0,128,1,"[100,-64,5,0,-25,-15,-25,-15,-25,-14,-25,-13,-25,-13,-25,-12,-24,-12,-24,-11,-24,-11,-24,-10,-25,-10,-25,-10,-24,-10,-24,-10,-23,-10,-24,-10,-23,-10,-23,-10,-22,-10,-21,-10,-21,-10,-20,-11,-20,-11,-18,-11,-18,-12,-5,-3,0,0,0,0,0,0,0,0,0,0,0,0,0,0,0,0,0,0,-5,-3,-19,-10,-18,-11,-18,-12,-18,-13,-18,-13,-18,-13,-19,-14,-19,-14,-19,-15,-19,-16,-20,-16,-20,-17,-20,-17,-20,-17,-20,-17,-20,-16,-21,-16,-21,-16,-22,-16,-23,-15,-24,-15,-24,-15,-24,-14,-24,-14,-25,-14,-25,-15]"
CSI_DATA,225639,d8:b1:90:db:e8:90,-51,11,1,7,0,0,1,0,0,0,1,-96,0,4,0,-806433593,0,100,0,128,1,"[100,-64,5,0,23,12,23,12,22,11,22,11,22,10,22,10,22,9,21,9,21,8,21,8,21,7,21,7,21,8,21,8,21,8,21,8,21,8,20,8,20,9,19,9,18,9,18,9,17,9,16,10,16,10,4,2,0,0,0,0,0,0,0,0,0,0,0,0,0,0,0,0,0,0,4,1,18,5,17,7,17,8,17,9,17,9,17,10,17,11,18,12,18,13,18,13,18,13,18,13,18,14,18,14,18,14,18,13,18,13,19,13,20,13,20,13,21,13,21,12,21,12,21,12,22,12,22,12]"
CSI_DATA,225640,d8:b1:90:db:e8:90,-51,11,1,7,0,0,1,0,0,0,1,-96,0,4,0,-806405679,0,100,0,128,1,"[100,-64,5,0,24,-9,24,-10,24,-10,23,-10,23,-11,23,-11,22,-11,21,-11,20,-12,20,-12,20,-12,20,-12,20,-12,20,-12,19,-12,19,-12,19,-12,19,-11,18,-11,18,-10,18,-10,18,-9,18,-8,18,-7,18,-7,4,-2,0,0,0,0,0,0,0,0,0,0,0,0,0,0,0,0,0,0,4,-3,17,-9,17,-8,18,-8,18,-7,19,-7,19,-7,20,-6,21,-6,21,-6,22,-6,22,-5,22,-5,23,-5,23,-5,22,-6,22,-6,22,-7,22,-7,22,-7,22,-8,23,-8,23,-8,23,-9,23,-9,24,-9,25,-10]"
CSI_DATA,225641,d8:b1:90:db:e8:90,-51,11,1,7,0,0,1,0,0,0,1,-96,0,4,0,-806394147,0,100,0,128,1,"[100,-64,5,0,28,-5,28,-5,27,-6,27,-6,27,-6,26,-7,26,-7,25,-8,24,-8,24,-9,24,-9,24,-9,24,-9,24,-9,24,-8,23,-8,23,-8,23,-7,22,-7,22,-7,22,-6,21,-5,21,-4,21,-4,21,-3,5,-1,0,0,0,0,0,0,0,0,0,0,0,0,0,0,0,0,0,0,5,-2,20,-6,21,-5,21,-4,21,-3,22,-3,23,-3,24,-2,24,-2,25,-1,25,-1,25,-1,25,-1,25,0,25,0,25,-1,25,-1,25,-1,26,-2,26,-3,26,-3,27,-4,27,-4,28,-5,28,-5,29,-5,29,-6]"
CSI_DATA,225642,d8:b1:90:db:e8:90,-51,11,1,7,0,0,1,0,0,0,1,-96,0,4,0,-806382859,0,100,0,128,1,"[100,-64,5,0,-30,4,-29,4,-28,5,-28,5,-28,5,-27,6,-27,6,-26,7,-25,7,-25,7,-25,8,-25,8,-25,7,-25,7,-25,7,-24,7,-24,7,-23,6,-23,6,-23,5,-23,5,-23,4,-22,3,-22,2,-22,1,-6,0,0,0,0,0,0,0,0,0,0,0,0,0,0,0,0,0,0,0,-6,1,-22,5,-22,4,-22,3,-23,2,-23,2,-24,2,-24,1,-25,1,-26,1,-26,0,-26,0,-26,-1,-26,-1,-26,-1,-26,0,-26,0,-26,1,-26,1,-27,1,-27,2,-27,2,-28,3,-29,4,-29,4,-29,4,-29,4]"
CSI_DATA,225643,d8:b1:90:db:e8:90,-51,11,1,7,0,0,1,0,0,0,1,-96,0,4,0,-806371063,0,100,0,128,1,"[100,-64,5,0,-27,8,-27,8,-26,8,-26,8,-25,8,-25,8,-24,9,-24,9,-23,9,-23,9,-23,10,-22,10,-22,10,-22,11,-22,10,-21,10,-21,9,-20,9,-20,9,-21,9,-21,8,-21,7,-19,6,-18,5,-19,4,-5,0,0,0,0,0,0,0,0,0,0,0,0,0,0,0,0,0,0,0,-5,1,-20,7,-20,6,-20,5,-21,4,-21,3,-22,3,-23,3,-23,3,-24,3,-24,2,-24,2,-24,2,-24,2,-24,2,-25,3,-25,3,-25,4,-25,4,-25,5,-25,6,-25,6,-25,7,-26,6,-26,6,-26,7,-27,7]"
CSI_DATA,225644,d8:b1:90:db:e8:90,-51,11,1,7,0,0,1,0,0,0,1,-96,0,4,0,-806360481,0,100,0,128,1,"[100,-64,5,0,26,-8,26,-8,26,-8,25,-7,25,-7,25,-8,24,-8,23,-9,23,-9,22,-10,22,-10,22,-10,22,-10,22,-10,22,-10,21,-9,21,-9,21,-9,21,-8,21,-8,21,-7,20,-7,20,-6,19,-5,19,-4,4,-1,0,0,0,0,0,0,0,0,0,0,0,0,0,0,0,0,0,0,4,-2,18,-8,19,-7,19,-6,20,-5,20,-5,21,-5,21,-4,22,-4,23,-4,23,-4,23,-4,23,-3,23,-3,24,-3,24,-3,24,-4,24,-4,24,-5,24,-5,24,-6,25,-6,25,-7,25,-7,25,-7,26,-7,26,-8]"
CSI_DATA,225645,d8:b1:90:db:e8:90,-51,11,1,7,0,0,1,0,0,0,1,-96,0,4,0,-806349107,0,100,0,128,1,"[100,-64,5,0,-27,4,-26,4,-26,4,-26,4,-26,4,-26,5,-25,5,-24,6,-24,6,-23,6,-24,7,-24,7,-24,6,-23,6,-23,6,-22,6,-22,6,-22,5,-22,5,-22,4,-22,3,-22,3,-21,2,-21,2,-20,1,-5,0,0,0,0,0,0,0,0,0,0,0,0,0,0,0,0,0,0,0,-5,1,-19,6,-19,5,-20,4,-20,3,-21,3,-21,2,-22,2,-23,1,-23,1,-23,0,-24,0,-24,-1,-24,-1,-24,0,-24,0,-25,0,-25,1,-25,1,-25,2,-26,2,-26,3,-26,3,-26,4,-26,4,-27,5,-27,5]"
CSI_DATA,225646,d8:b1:90:db:e8:90,-51,11,1,7,0,0,1,0,0,0,1,-96,0,4,0,-806337084,0,100,0,128,1,"[100,-64,5,0,-24,-19,-24,-18,-24,-18,-24,-17,-24,-17,-24,-16,-24,-16,-24,-15,-24,-14,-24,-13,-24,-13,-24,-12,-24,-12,-24,-12,-23,-12,-23,-12,-23,-12,-22,-12,-22,-12,-21,-13,-21,-13,-21,-12,-20,-13,-20,-14,-19,-15,-5,-4,0,0,0,0,0,0,0,0,0,0,0,0,0,0,0,0,0,0,-5,-3,-20,-11,-19,-12,-18,-14,-18,-15,-18,-15,-18,-16,-19,-17,-19,-18,-19,-18,-19,-19,-19,-19,-19,-19,-20,-19,-19,-20,-19,-20,-19,-20,-19,-19,-19,-19,-20,-19,-20,-19,-21,-19,-22,-19,-23,-19,-23,-19,-23,-19,-24,-19]"
CSI_DATA,225647,d8:b1:90:db:e8:90,-52,11,1,7,0,0,1,0,0,0,1,-96,0,4,0,-806326503,0,100,0,128,1,"[100,-64,5,0,17,18,17,17,17,17,17,17,17,17,17,16,18,15,18,15,18,14,18,14,18,13,18,13,18,12,18,12,18,12,18,12,17,12,17,12,16,12,16,12,16,12,16,12,15,12,14,13,14,14,3,3,0,0,0,0,0,0,0,0,0,0,0,0,0,0,0,0,0,0,3,2,14,11,14,12,13,13,13,14,13,14,13,15,13,16,13,17,13,17,13,18,13,18,13,18,13,19,13,19,12,18,12,18,13,18,13,18,14,18,14,18,15,18,15,18,16,18,16,18,17,18,17,18]"
CSI_DATA,225648,d8:b1:90:db:e8:90,-51,11,1,7,0,0,1,0,0,0,1,-96,0,4,0,-806301851,0,100,0,128,1,"[100,-64,5,0,23,11,23,11,23,11,23,10,22,10,22,9,22,8,22,8,22,7,22,7,22,6,22,6,22,6,22,6,22,6,21,6,21,6,20,6,20,6,19,7,19,7,18,7,18,8,17,9,16,10,4,2,0,0,0,0,0,0,0,0,0,0,0,0,0,0,0,0,0,0,4,1,17,7,17,8,17,9,17,10,17,10,18,11,18,11,18,12,18,12,18,13,18,13,18,14,18,14,18,15,18,14,18,14,19,14,19,13,20,13,20,12,21,12,21,12,21,12,22,12,22,12,23,12]"
CSI_DATA,225649,d8:b1:90:db:e8:90,-51,11,1,7,0,0,1,0,0,0,1,-96,0,4,0,-806288469,0,100,0,128,1,"[100,-64,5,0,28,-8,27,-8,27,-9,27,-9,27,-9,26,-9,25,-9,25,-9,25,-9,25,-10,24,-10,24,-11,23,-11,23,-11,23,-10,23,-10,23,-10,23,-9,23,-9,23,-8,23,-8,22,-7,22,-6,21,-5,21,-4,5,-1,0,0,0,0,0,0,0,0,0,0,0,0,0,0,0,0,0,0,5,-2,20,-7,20,-7,21,-6,21,-6,22,-5,23,-5,24,-4,24,-4,25,-4,25,-3,26,-3,26,-3,26,-3,26,-3,26,-3,26,-4,26,-4,26,-5,27,-5,27,-6,27,-7,27,-7,28,-7,28,-7,29,-7,29,-8]"
CSI_DATA,225650,d8:b1:90:db:e8:90,-51,11,1,7,0,0,1,0,0,0,1,-96,0,4,0,-806277089,0,100,0,128,1,"[100,-64,5,0,-25,-11,-25,-11,-25,-11,-24,-11,-24,-10,-24,-10,-24,-9,-23,-8,-23,-8,-23,-7,-24,-7,-24,-6,-23,-6,-23,-6,-23,-6,-22,-6,-22,-6,-21,-7,-21,-8,-21,-9,-21,-10,-20,-9,-20,-8,-20,-8,-21,-9,-6,-3,0,0,0,0,0,0,0,0,0,0,0,0,0,0,0,0,0,0,-5,-1,-20,-3,-20,-4,-19,-6,-19,-6,-20,-7,-20,-7,-20,-8,-20,-9,-21,-10,-21,-10,-21,-11,-21,-11,-21,-11,-22,-11,-22,-12,-22,-12,-22,-11,-22,-11,-22,-12,-23,-12,-23,-12,-23,-11,-24,-10,-24,-10,-25,-10,-25,-10]"
CSI_DATA,225651,d8:b1:90:db:e8:90,-51,11,1,7,0,0,1,0,0,0,1,-96,0,4,0,-806264322,0,100,0,128,1,"[100,-64,5,0,-26,-8,-26,-8,-26,-8,-25,-7,-25,-7,-25,-6,-24,-6,-24,-5,-24,-4,-24,-4,-24,-3,-24,-3,-24,-3,-23,-3,-23,-3,-23,-3,-23,-3,-22,-3,-22,-3,-21,-4,-21,-4,-21,-4,-20,-5,-20,-6,-19,-6,-5,-2,0,0,0,0,0,0,0,0,0,0,0,0,0,0,0,0,0,0,-5,-1,-20,-3,-20,-4,-19,-5,-19,-5,-20,-6,-20,-6,-21,-7,-21,-8,-21,-8,-22,-9,-22,-10,-22,-10,-22,-10,-22,-10,-22,-10,-23,-10,-23,-9,-23,-9,-23,-10,-23,-9,-24,-9,-24,-9,-24,-8,-25,-8,-25,-8,-25,-8]"
CSI_DATA,225652,d8:b1:90:db:e8:90,-51,11,1,7,0,0,1,0,0,0,1,-96,0,4,0,-806250782,0,100,0,128,1,"[100,-64,5,0,25,-7,25,-7,24,-7,24,-7,24,-7,23,-8,23,-8,23,-9,22,-9,22,-10,22,-10,22,-10,21,-10,21,-10,21,-10,21,-10,20,-9,20,-9,20,-9,20,-8,20,-8,20,-7,19,-6,19,-5,19,-4,4,-1,0,0,0,0,0,0,0,0,0,0,0,0,0,0,0,0,0,0,4,-2,18,-6,19,-5,19,-5,20,-4,20,-4,21,-4,21,-4,21,-3,22,-3,22,-3,23,-3,23,-3,23,-3,23,-3,23,-3,23,-3,23,-3,23,-4,24,-4,24,-5,24,-5,24,-6,24,-6,24,-6,25,-6,26,-7]"
CSI_DATA,225653,d8:b1:90:db:e8:90,-51,11,1,7,0,0,1,0,0,0,1,-96,0,4,0,-806235203,0,100,0,128,1,"[100,-64,5,0,-27,-5,-27,-4,-26,-4,-25,-3,-25,-3,-25,-3,-25,-2,-25,-2,-25,-1,-25,0,-25,0,-25,0,-24,0,-24,1,-24,1,-24,1,-24,1,-23,0,-23,-1,-22,-1,-22,-2,-22,-2,-21,-2,-20,-3,-20,-4,-5,-2,0,0,0,0,0,0,0,0,0,0,0,0,0,0,0,0,0,0,-5,-1,-20,-2,-20,-3,-20,-4,-20,-5,-21,-5,-21,-6,-21,-6,-21,-6,-21,-7,-22,-7,-22,-7,-22,-7,-22,-7,-23,-8,-23,-8,-23,-8,-23,-7,-23,-7,-24,-7,-24,-6,-25,-6,-25,-5,-25,-5,-26,-4,-26,-4,-27,-4]"
CSI_DATA,225654,d8:b1:90:db:e8:90,-51,11,1,7,0,0,1,0,0,0,1,-96,0,4,0,-806217977,0,100,0,128,1,"[100,-64,5,0,-26,13,-26,13,-25,14,-25,14,-24,14,-24,14,-23,14,-23,15,-22,15,-22,15,-21,15,-21,15,-21,15,-21,15,-21,15,-21,15,-20,14,-20,14,-20,13,-20,12,-21,11,-21,11,-21,10,-21,9,-21,7,-6,1,0,0,0,0,0,0,0,0,0,0,0,0,0,0,0,0,0,0,-5,3,-19,11,-20,10,-20,10,-21,9,-21,9,-22,9,-23,8,-23,8,-24,8,-24,8,-25,8,-25,8,-25,8,-25,8,-25,8,-25,9,-25,10,-25,10,-25,10,-25,10,-25,11,-26,11,-25,12,-26,13,-26,13,-27,13]"
CSI_DATA,225655,d8:b1:90:db:e8:90,-51,11,1,7,0,0,1,0,0,0,1,-96,0,4,0,-806188487,0,100,0,128,1,"[100,-64,5,0,24,-18,23,-18,23,-18,23,-18,23,-18,22,-18,21,-19,20,-19,20,-19,19,-19,19,-19,19,-19,19,-19,19,-19,19,-19,19,-18,18,-18,18,-17,18,-17,18,-16,18,-16,19,-15,19,-13,20,-12,20,-11,5,-3,0,0,0,0,0,0,0,0,0,0,0,0,0,0,0,0,0,0,4,-4,17,-15,17,-14,18,-14,19,-16,20,-16,20,-15,21,-14,22,-14,22,-13,23,-13,23,-13,23,-13,23,-13,24,-13,23,-13,23,-14,24,-14,23,-15,23,-15,23,-16,23,-16,23,-17,23,-18,24,-18,24,-19,24,-19]"
CSI_DATA,225656,d8:b1:90:db:e8:90,-51,11,1,7,0,0,1,0,0,0,1,-96,0,4,0,-806177848,0,100,0,128,1,"[100,-64,5,0,-12,-25,-12,-25,-12,-25,-12,-25,-13,-24,-13,-24,-13,-23,-13,-23,-13,-22,-13,-22,-14,-22,-14,-21,-14,-21,-13,-21,-13,-21,-13,-21,-12,-21,-12,-21,-11,-20,-11,-19,-10,-20,-9,-20,-8,-21,-7,-21,-7,-20,-2,-5,0,0,0,0,0,0,0,0,0,0,0,0,0,0,0,0,0,0,-3,-5,-11,-18,-11,-19,-10,-20,-9,-21,-9,-21,-8,-22,-8,-22,-7,-22,-7,-23,-7,-23,-7,-24,-7,-24,-7,-24,-7,-24,-7,-24,-7,-24,-8,-24,-8,-24,-9,-25,-9,-25,-10,-25,-10,-25,-11,-25,-12,-25,-12,-25,-12,-26]"
CSI_DATA,225657,d8:b1:90:db:e8:90,-51,11,1,7,0,0,1,0,0,0,1,-96,0,4,0,-806164063,0,100,0,128,1,"[100,-64,5,0,-10,-25,-11,-24,-10,-24,-10,-24,-11,-23,-11,-23,-11,-23,-12,-22,-12,-22,-12,-22,-12,-21,-12,-21,-12,-21,-12,-21,-12,-21,-11,-21,-11,-21,-11,-21,-10,-20,-10,-20,-9,-19,-8,-19,-7,-19,-7,-20,-6,-20,-2,-5,0,0,0,0,0,0,0,0,0,0,0,0,0,0,0,0,0,0,-2,-5,-8,-18,-7,-18,-6,-19,-6,-20,-5,-20,-5,-21,-5,-21,-5,-22,-5,-22,-4,-23,-4,-23,-4,-23,-4,-23,-4,-23,-4,-23,-5,-23,-6,-23,-6,-23,-7,-24,-7,-24,-8,-24,-8,-24,-9,-24,-9,-25,-9,-25,-9,-25]"
CSI_DATA,225658,d8:b1:90:db:e8:90,-51,11,1,7,0,0,1,0,0,0,1,-96,0,4,0,-806153951,0,100,0,128,1,"[100,-64,5,0,-27,-7,-27,-7,-26,-7,-26,-7,-26,-6,-26,-6,-25,-5,-25,-4,-25,-4,-25,-3,-25,-3,-25,-3,-25,-3,-24,-3,-25,-3,-24,-3,-24,-4,-24,-4,-23,-5,-22,-5,-21,-5,-21,-5,-21,-5,-20,-6,-20,-7,-5,-2,0,0,0,0,0,0,0,0,0,0,0,0,0,0,0,0,0,0,-5,-2,-20,-5,-20,-6,-20,-8,-20,-9,-20,-9,-21,-9,-21,-10,-21,-10,-21,-11,-22,-11,-22,-11,-22,-11,-22,-11,-22,-11,-22,-11,-23,-11,-23,-10,-23,-10,-24,-10,-24,-9,-25,-9,-25,-9,-25,-8,-26,-8,-26,-8,-27,-8]"
CSI_DATA,225659,d8:b1:90:db:e8:90,-51,11,1,7,0,0,1,0,0,0,1,-96,0,4,0,-806142400,0,100,0,128,1,"[100,-64,5,0,27,-4,27,-4,26,-4,26,-5,25,-5,25,-6,24,-6,24,-6,24,-6,24,-6,23,-6,23,-6,23,-6,23,-6,23,-6,23,-6,23,-5,23,-5,22,-4,22,-4,22,-3,22,-3,21,-2,21,0,21,1,5,0,0,0,0,0,0,0,0,0,0,0,0,0,0,0,0,0,0,0,4,-1,19,-3,19,-3,19,-2,20,-2,21,-2,21,-1,21,-1,22,-1,22,0,23,0,23,0,23,0,23,0,23,0,23,-1,24,-1,24,-1,24,-2,24,-1,25,-2,25,-2,25,-3,25,-4,25,-4,26,-4,27,-4]"
CSI_DATA,225660,d8:b1:90:db:e8:90,-51,11,1,7,0,0,1,0,0,0,1,-96,0,4,0,-806126082,0,100,0,128,1,"[100,-64,5,0,-9,23,-9,23,-8,23,-8,22,-7,22,-6,22,-6,22,-6,21,-6,21,-6,21,-5,21,-5,21,-5,21,-5,21,-5,21,-5,20,-5,20,-5,20,-6,19,-6,19,-7,19,-7,18,-7,17,-9,17,-9,16,-3,4,0,0,0,0,0,0,0,0,0,0,0,0,0,0,0,0,0,0,-2,4,-7,16,-8,16,-8,16,-9,16,-9,16,-10,17,-10,17,-10,18,-11,18,-11,18,-11,18,-11,18,-11,18,-11,18,-11,19,-11,19,-10,19,-10,20,-10,20,-10,20,-10,21,-9,21,-9,21,-9,22,-9,22,-9,23]"
CSI_DATA,225661,d8:b1:90:db:e8:90,-51,11,1,7,0,0,1,0,0,0,1,-96,0,4,0,-806109727,0,100,0,128,1,"[100,-64,5,0,-26,2,-26,2,-26,2,-26,3,-26,3,-25,3,-25,4,-24,4,-24,4,-24,5,-24,5,-24,5,-23,6,-23,5,-23,5,-23,5,-22,5,-22,5,-22,4,-21,4,-21,3,-21,2,-21,2,-21,1,-21,0,-5,0,0,0,0,0,0,0,0,0,0,0,0,0,0,0,0,0,0,0,-5,1,-20,4,-20,3,-20,2,-21,2,-21,1,-22,1,-22,1,-22,0,-23,0,-23,-1,-23,-1,-23,-1,-23,-1,-23,-1,-24,-1,-24,-1,-24,-1,-24,0,-25,1,-25,1,-25,2,-25,2,-25,2,-26,1,-26,2,-27,2]"
CSI_DATA,225662,d8:b1:90:db:e8:90,-51,11,1,7,0,0,1,0,0,0,1,-96,0,4,0,-806082877,0,100,0,128,1,"[100,-64,5,0,9,24,10,23,10,23,10,23,10,23,11,22,11,21,11,21,11,20,12,20,12,20,12,20,12,20,12,20,12,20,12,19,12,19,11,19,11,19,10,18,9,18,9,18,8,18,7,18,7,19,1,4,0,0,0,0,0,0,0,0,0,0,0,0,0,0,0,0,0,0,2,4,9,17,8,17,7,18,7,18,7,19,6,19,6,20,6,20,6,21,6,21,5,22,5,22,5,22,5,22,5,22,5,22,6,22,7,22,8,23,9,23,9,23,9,23,9,23,9,23,9,24,10,24]"
CSI_DATA,225663,d8:b1:90:db:e8:90,-51,11,1,7,0,0,1,0,0,0,1,-96,0,4,0,-806070975,0,100,0,128,1,"[100,-64,5,0,-25,-11,-24,-11,-24,-11,-25,-10,-25,-10,-24,-9,-24,-9,-24,-8,-24,-7,-24,-7,-24,-7,-24,-6,-24,-6,-24,-6,-23,-6,-23,-6,-22,-6,-22,-6,-21,-6,-21,-6,-20,-7,-20,-8,-19,-8,-19,-8,-18,-8,-5,-2,0,0,0,0,0,0,0,0,0,0,0,0,0,0,0,0,0,0,-5,-2,-20,-6,-20,-7,-19,-9,-19,-10,-19,-10,-19,-10,-20,-11,-20,-11,-20,-12,-20,-12,-21,-13,-21,-14,-21,-14,-21,-14,-21,-14,-21,-14,-21,-14,-22,-13,-22,-13,-22,-12,-23,-12,-23,-12,-24,-12,-25,-12,-25,-12,-25,-12]"
CSI_DATA,225664,d8:b1:90:db:e8:90,-51,11,1,7,0,0,1,0,0,0,1,-96,0,4,0,-806059321,0,100,0,128,1,"[100,-64,5,0,-7,28,-7,28,-7,28,-6,27,-6,27,-5,27,-5,27,-4,26,-4,26,-3,26,-3,26,-3,25,-2,25,-2,25,-2,25,-3,25,-3,25,-3,24,-4,24,-4,23,-4,23,-5,22,-5,22,-6,21,-7,20,-2,5,0,0,0,0,0,0,0,0,0,0,0,0,0,0,0,0,0,0,-1,5,-4,21,-5,21,-5,21,-6,21,-7,22,-7,22,-8,22,-8,22,-9,22,-9,23,-10,23,-10,24,-10,24,-10,24,-10,24,-10,24,-9,24,-9,24,-9,25,-8,26,-8,26,-8,27,-8,28,-8,28,-8,29,-7,28]"
CSI_DATA,225665,d8:b1:90:db:e8:90,-51,11,1,7,0,0,1,0,0,0,1,-96,0,4,0,-806049315,0,100,0,128,1,"[100,-64,5,0,-8,-29,-8,-28,-8,-28,-9,-28,-9,-27,-9,-27,-10,-26,-10,-25,-10,-25,-11,-25,-11,-24,-12,-24,-12,-24,-12,-24,-11,-24,-11,-24,-11,-24,-10,-24,-10,-23,-9,-23,-9,-22,-8,-22,-7,-22,-6,-22,-6,-22,-2,-6,0,0,0,0,0,0,0,0,0,0,0,0,0,0,0,0,0,0,-2,-6,-7,-22,-6,-22,-5,-23,-5,-23,-4,-24,-4,-24,-4,-24,-4,-24,-3,-25,-3,-25,-2,-26,-2,-27,-2,-27,-2,-27,-3,-27,-3,-26,-3,-26,-4,-27,-5,-27,-6,-27,-6,-27,-7,-28,-7,-28,-7,-29,-7,-29,-7,-29]"
CSI_DATA,225666,d8:b1:90:db:e8:90,-51,11,1,7,0,0,1,0,0,0,1,-96,0,4,0,-806037567,0,100,0,128,1,"[100,-64,5,0,-22,-10,-22,-10,-22,-10,-21,-9,-21,-9,-21,-8,-21,-8,-21,-8,-21,-7,-21,-7,-21,-7,-21,-6,-21,-6,-21,-6,-21,-6,-20,-6,-20,-7,-19,-7,-19,-7,-19,-8,-18,-8,-18,-8,-17,-9,-17,-9,-16,-10,-4,-3,0,0,0,0,0,0,0,0,0,0,0,0,0,0,0,0,0,0,-5,-2,-17,-6,-17,-6,-17,-7,-17,-8,-17,-8,-17,-9,-17,-10,-17,-11,-18,-11,-18,-12,-18,-12,-18,-12,-18,-12,-18,-12,-18,-12,-18,-12,-18,-11,-19,-11,-19,-12,-20,-12,-21,-11,-21,-11,-21,-11,-22,-10,-22,-10,-22,-10]"
CSI_DATA,225667,d8:b1:90:db:e8:90,-51,11,1,7,0,0,1,0,0,0,1,-96,0,4,0,-806024190,0,100,0,128,1,"[100,-64,5,0,-14,22,-14,22,-13,22,-13,21,-12,21,-11,21,-11,21,-10,21,-10,21,-9,21,-9,21,-9,21,-9,21,-9,21,-9,21,-9,21,-9,20,-9,20,-9,19,-10,19,-10,18,-10,18,-10,17,-11,17,-11,16,-3,4,0,0,0,0,0,0,0,0,0,0,0,0,0,0,0,0,0,0,-2,4,-9,17,-10,16,-10,16,-11,16,-12,16,-12,16,-13,16,-14,16,-14,17,-15,17,-15,17,-15,17,-15,17,-15,17,-15,17,-15,17,-15,18,-15,18,-15,19,-15,19,-15,20,-14,20,-14,21,-14,22,-14,22,-14,22]"
CSI_DATA,225668,d8:b1:90:db:e8:90,-51,11,1,7,0,0,1,0,0,0,1,-96,0,4,0,-805993151,0,100,0,128,1,"[100,-64,5,0,9,-25,8,-25,8,-25,8,-25,8,-25,7,-25,6,-24,6,-24,5,-24,5,-24,5,-24,4,-24,4,-24,4,-24,4,-24,4,-23,4,-23,4,-23,4,-22,5,-22,5,-21,5,-21,6,-20,7,-20,7,-20,2,-5,0,0,0,0,0,0,0,0,0,0,0,0,0,0,0,0,0,0,1,-5,5,-18,6,-18,7,-19,8,-19,8,-19,9,-19,9,-19,10,-19,10,-20,11,-20,12,-20,12,-20,12,-20,12,-20,12,-20,11,-20,11,-21,11,-21,10,-22,10,-23,9,-23,9,-24,9,-24,9,-25,10,-25,10,-25]"
CSI_DATA,225669,d8:b1:90:db:e8:90,-51,11,1,7,0,0,1,0,0,0,1,-96,0,4,0,-805979415,0,100,0,128,1,"[100,-64,5,0,-7,-24,-8,-24,-8,-23,-8,-23,-8,-23,-9,-22,-9,-22,-9,-21,-10,-21,-10,-20,-11,-20,-11,-20,-11,-19,-10,-19,-10,-19,-10,-20,-10,-19,-9,-19,-9,-19,-8,-19,-7,-19,-7,-18,-7,-18,-5,-17,-4,-16,-1,-5,0,0,0,0,0,0,0,0,0,0,0,0,0,0,0,0,0,0,-2,-5,-7,-17,-6,-17,-6,-18,-5,-18,-5,-19,-4,-19,-4,-19,-4,-20,-4,-20,-4,-21,-4,-21,-4,-21,-4,-21,-4,-21,-4,-21,-5,-21,-5,-21,-6,-22,-6,-21,-7,-21,-7,-22,-7,-22,-8,-22,-8,-22,-8,-23,-8,-24]"
CSI_DATA,225670,d8:b1:90:db:e8:90,-51,11,1,7,0,0,1,0,0,0,1,-96,0,4,0,-805963230,0,100,0,128,1,"[100,-64,5,0,26,0,26,0,26,0,25,-1,25,-1,25,-2,24,-2,24,-2,23,-3,23,-3,23,-3,23,-4,22,-4,22,-4,22,-4,22,-3,22,-3,21,-3,21,-3,22,-3,22,-2,22,-1,20,-1,18,0,18,2,4,0,0,0,0,0,0,0,0,0,0,0,0,0,0,0,0,0,0,0,4,-1,19,-2,19,-1,19,0,20,0,20,1,21,1,21,1,21,2,22,2,22,3,22,3,22,3,22,4,22,3,23,3,23,2,23,2,23,1,23,1,23,0,24,0,24,0,25,0,25,0,25,0,26,0]"
CSI_DATA,225671,d8:b1:90:db:e8:90,-52,11,1,7,0,0,1,0,0,0,1,-96,0,4,0,-805953086,0,100,0,128,1,"[100,-64,5,0,-20,-21,-20,-21,-20,-20,-20,-19,-20,-19,-20,-18,-21,-18,-21,-17,-21,-16,-21,-16,-21,-16,-21,-16,-21,-16,-21,-16,-21,-16,-20,-15,-20,-15,-20,-15,-19,-15,-19,-15,-18,-15,-17,-16,-17,-16,-16,-17,-15,-17,-4,-5,0,0,0,0,0,0,0,0,0,0,0,0,0,0,0,0,0,0,-5,-4,-17,-13,-16,-14,-16,-16,-15,-17,-15,-17,-15,-18,-16,-18,-16,-19,-16,-19,-16,-20,-15,-20,-15,-20,-16,-20,-16,-20,-15,-21,-16,-21,-16,-20,-17,-21,-18,-21,-19,-21,-19,-21,-19,-20,-19,-19,-19,-19,-20,-20,-21,-21]"
CSI_DATA,225672,d8:b1:90:db:e8:90,-51,11,1,7,0,0,1,0,0,0,1,-96,0,4,0,-805939339,0,100,0,128,1,"[100,-64,5,0,-8,-30,-8,-29,-8,-29,-8,-29,-8,-29,-8,-28,-8,-28,-9,-27,-10,-27,-10,-27,-11,-26,-11,-25,-11,-25,-11,-25,-11,-25,-10,-25,-10,-25,-9,-24,-9,-24,-8,-23,-8,-23,-7,-22,-6,-23,-6,-23,-5,-23,-1,-6,0,0,0,0,0,0,0,0,0,0,0,0,0,0,0,0,0,0,-2,-6,-7,-21,-6,-22,-5,-22,-5,-23,-5,-23,-4,-24,-4,-25,-4,-25,-4,-26,-3,-26,-3,-26,-2,-26,-2,-27,-3,-27,-3,-28,-3,-28,-3,-28,-4,-28,-4,-28,-5,-28,-5,-28,-6,-28,-6,-29,-6,-29,-7,-29,-7,-30]"
CSI_DATA,225673,d8:b1:90:db:e8:90,-51,11,1,7,0,0,1,0,0,0,1,-96,0,4,0,-805923847,0,100,0,128,1,"[100,-64,5,0,-14,21,-14,21,-14,21,-13,21,-13,21,-12,20,-12,20,-11,21,-11,21,-11,21,-10,21,-10,21,-10,21,-10,21,-10,21,-10,20,-10,20,-10,19,-10,18,-10,18,-11,17,-11,17,-11,16,-12,16,-13,15,-4,3,0,0,0,0,0,0,0,0,0,0,0,0,0,0,0,0,0,0,-3,4,-9,16,-10,16,-11,16,-11,15,-12,15,-13,16,-14,15,-14,16,-15,16,-15,16,-16,16,-16,17,-16,17,-16,17,-16,17,-16,17,-16,18,-16,18,-16,19,-15,19,-15,20,-15,20,-15,20,-15,21,-15,21,-14,21]"
CSI_DATA,225674,d8:b1:90:db:e8:90,-51,11,1,7,0,0,1,0,0,0,1,-96,0,4,0,-805888771,0,100,0,128,1,"[100,-64,5,0,15,24,15,23,15,23,15,23,15,22,15,21,15,21,16,21,16,20,16,20,16,19,17,19,16,19,16,19,16,19,16,19,15,19,15,19,14,19,14,19,13,18,12,18,11,19,10,19,9,19,2,4,0,0,0,0,0,0,0,0,0,0,0,0,0,0,0,0,0,0,3,4,13,17,12,17,11,18,11,18,10,19,10,20,9,21,9,21,9,22,9,23,9,23,9,23,10,24,10,24,10,24,10,24,11,24,11,24,12,24,12,24,13,24,14,24,14,24,14,24,15,24,15,24]"
CSI_DATA,225675,d8:b1:90:db:e8:90,-51,11,1,7,0,0,1,0,0,0,1,-96,0,4,0,-805876224,0,100,0,128,1,"[100,-64,5,0,17,19,17,18,17,18,18,17,18,17,18,16,18,16,18,15,18,15,18,14,18,14,18,14,18,14,18,13,18,14,19,14,18,14,17,14,17,13,17,14,17,13,16,13,16,13,15,15,13,16,3,4,0,0,0,0,0,0,0,0,0,0,0,0,0,0,0,0,0,0,3,3,14,12,14,13,13,14,12,15,12,16,12,16,12,16,13,17,13,17,12,18,12,18,12,19,13,19,13,19,13,19,13,19,14,18,14,18,14,18,15,18,15,18,16,18,16,19,17,19,17,20,18,20]"
CSI_DATA,225676,d8:b1:90:db:e8:90,-51,11,1,7,0,0,1,0,0,0,1,-96,0,4,0,-805864617,0,100,0,128,1,"[100,-64,5,0,11,-24,11,-24,11,-24,10,-24,9,-24,9,-24,8,-24,8,-24,8,-24,7,-23,7,-23,6,-23,6,-23,6,-23,6,-23,6,-23,6,-22,6,-22,6,-22,7,-22,7,-21,7,-20,7,-19,7,-19,7,-18,1,-5,0,0,0,0,0,0,0,0,0,0,0,0,0,0,0,0,0,0,1,-5,7,-19,8,-19,9,-18,10,-18,10,-18,11,-18,11,-18,12,-19,12,-19,13,-19,13,-19,13,-19,13,-20,13,-20,13,-20,13,-20,13,-20,13,-21,12,-21,12,-21,12,-21,12,-22,12,-23,12,-24,12,-24,12,-24]"
CSI_DATA,225677,d8:b1:90:db:e8:90,-51,11,1,7,0,0,1,0,0,0,1,-96,0,4,0,-805853541,0,100,0,128,1,"[100,-64,5,0,-30,0,-30,1,-29,1,-29,1,-29,2,-28,3,-28,3,-27,4,-27,4,-27,5,-26,5,-26,5,-26,5,-26,5,-26,5,-26,5,-25,5,-25,5,-25,5,-25,4,-25,4,-24,3,-24,2,-23,1,-22,0,-6,0,0,0,0,0,0,0,0,0,0,0,0,0,0,0,0,0,0,0,-6,0,-23,2,-23,1,-23,0,-23,-1,-23,-1,-24,-1,-25,-1,-25,-2,-26,-2,-26,-3,-26,-3,-26,-3,-26,-3,-26,-3,-27,-4,-27,-4,-27,-3,-27,-2,-28,-2,-28,-1,-29,0,-29,0,-29,0,-29,0,-29,0,-30,1]"
CSI_DATA,225678,d8:b1:90:db:e8:90,-51,11,1,7,0,0,1,0,0,0,1,-96,0,4,0,-805842225,0,100,0,128,1,"[100,-64,5,0,-23,-20,-23,-20,-23,-19,-23,-18,-23,-18,-23,-17,-23,-16,-23,-16,-22,-16,-23,-15,-23,-15,-23,-15,-23,-15,-23,-15,-23,-15,-22,-15,-22,-15,-21,-15,-21,-15,-20,-15,-19,-15,-19,-15,-18,-16,-18,-17,-17,-18,-4,-5,0,0,0,0,0,0,0,0,0,0,0,0,0,0,0,0,0,0,-5,-4,-18,-14,-17,-15,-17,-16,-17,-17,-17,-18,-16,-18,-16,-18,-16,-18,-16,-19,-16,-19,-16,-20,-16,-20,-17,-20,-17,-21,-17,-21,-18,-21,-19,-21,-19,-20,-19,-20,-19,-20,-20,-20,-21,-19,-21,-19,-22,-19,-23,-19,-23,-19]"
CSI_DATA,225679,d8:b1:90:db:e8:90,-51,11,1,7,0,0,1,0,0,0,1,-96,0,4,0,-805831673,0,100,0,128,1,"[100,-64,5,0,-25,9,-25,9,-24,9,-24,9,-24,10,-23,10,-22,10,-22,10,-22,10,-22,10,-22,10,-22,10,-22,10,-21,10,-21,10,-21,10,-21,9,-21,9,-21,8,-20,8,-20,7,-20,7,-20,6,-20,5,-20,4,-5,1,0,0,0,0,0,0,0,0,0,0,0,0,0,0,0,0,0,0,-5,2,-18,8,-19,7,-19,7,-20,6,-20,6,-21,6,-21,5,-21,5,-21,5,-22,5,-22,5,-23,4,-23,4,-23,4,-23,5,-24,5,-24,6,-24,6,-24,6,-24,7,-24,7,-24,8,-24,8,-25,9,-25,9,-25,10]"
CSI_DATA,225680,d8:b1:90:db:e8:90,-51,11,1,7,0,0,1,0,0,0,1,-96,0,4,0,-805821648,0,100,0,128,1,"[100,-64,5,0,-16,21,-16,21,-15,21,-14,21,-14,20,-13,20,-13,20,-13,20,-13,20,-12,20,-12,20,-12,20,-12,20,-12,20,-12,20,-12,20,-12,19,-12,19,-12,18,-12,18,-12,17,-13,16,-13,16,-13,15,-14,15,-4,3,0,0,0,0,0,0,0,0,0,0,0,0,0,0,0,0,0,0,-3,4,-11,16,-12,15,-13,15,-14,15,-14,15,-15,15,-15,15,-15,14,-16,15,-17,15,-17,15,-17,15,-17,15,-17,15,-17,16,-17,17,-17,17,-17,17,-17,17,-16,18,-16,18,-16,19,-16,19,-16,20,-16,20,-16,21]"
CSI_DATA,225681,d8:b1:90:db:e8:90,-51,11,1,7,0,0,1,0,0,0,1,-96,0,4,0,-805805994,0,100,0,128,1,"[100,-64,5,0,-16,-23,-16,-22,-16,-22,-16,-22,-16,-22,-16,-22,-16,-21,-16,-20,-16,-20,-16,-19,-17,-19,-17,-18,-17,-18,-17,-18,-17,-18,-17,-18,-16,-18,-16,-18,-15,-18,-15,-18,-14,-18,-14,-18,-13,-18,-12,-18,-11,-18,-3,-5,0,0,0,0,0,0,0,0,0,0,0,0,0,0,0,0,0,0,-4,-4,-13,-16,-13,-16,-12,-17,-12,-18,-12,-19,-11,-19,-11,-19,-11,-20,-11,-20,-11,-21,-11,-21,-11,-22,-11,-22,-11,-22,-11,-22,-12,-22,-12,-21,-13,-22,-13,-22,-14,-22,-14,-22,-14,-22,-15,-23,-15,-23,-15,-23,-15,-23]"
CSI_DATA,225682,d8:b1:90:db:e8:90,-51,11,1,7,0,0,1,0,0,0,1,-96,0,4,0,-805777594,0,100,0,128,1,"[100,-64,5,0,-27,-7,-26,-7,-26,-7,-26,-7,-26,-7,-26,-6,-25,-6,-25,-5,-25,-5,-25,-4,-25,-4,-24,-3,-24,-3,-24,-3,-24,-3,-24,-3,-24,-3,-23,-4,-22,-4,-22,-5,-22,-5,-21,-5,-21,-6,-20,-7,-20,-7,-5,-2,0,0,0,0,0,0,0,0,0,0,0,0,0,0,0,0,0,0,-5,-1,-19,-4,-19,-5,-19,-6,-20,-7,-20,-7,-20,-7,-20,-8,-21,-8,-21,-9,-21,-9,-21,-10,-21,-10,-21,-10,-21,-10,-22,-10,-22,-9,-22,-9,-22,-9,-23,-8,-23,-8,-24,-8,-24,-7,-25,-7,-26,-7,-26,-7,-27,-7]"
CSI_DATA,225683,d8:b1:90:db:e8:90,-51,11,1,7,0,0,1,0,0,0,1,-96,0,4,0,-805765089,0,100,0,128,1,"[100,-64,5,0,-26,-11,-26,-11,-25,-11,-25,-10,-24,-9,-24,-9,-24,-8,-24,-7,-24,-7,-24,-7,-24,-6,-24,-6,-24,-6,-24,-6,-24,-7,-24,-7,-23,-7,-23,-7,-22,-8,-22,-8,-22,-7,-21,-7,-20,-8,-20,-9,-19,-9,-5,-3,0,0,0,0,0,0,0,0,0,0,0,0,0,0,0,0,0,0,-5,-2,-19,-7,-19,-8,-19,-9,-19,-10,-19,-10,-19,-11,-20,-11,-20,-11,-20,-12,-20,-12,-20,-13,-20,-13,-21,-13,-21,-13,-22,-13,-22,-13,-23,-13,-23,-13,-23,-12,-23,-12,-24,-11,-24,-11,-25,-11,-25,-12,-26,-12,-26,-12]"
CSI_DATA,225684,d8:b1:90:db:e8:90,-51,11,1,7,0,0,1,0,0,0,1,-96,0,4,0,-805753254,0,100,0,128,1,"[100,-64,5,0,-24,7,-24,7,-23,7,-23,7,-23,7,-22,7,-22,8,-21,9,-21,9,-21,9,-21,9,-21,9,-20,9,-20,9,-20,9,-21,9,-21,8,-20,8,-19,7,-19,7,-19,7,-19,6,-19,6,-19,5,-19,4,-5,0,0,0,0,0,0,0,0,0,0,0,0,0,0,0,0,0,0,0,-5,1,-17,6,-18,6,-18,5,-19,5,-19,4,-20,4,-20,4,-21,4,-21,4,-22,3,-22,3,-22,3,-22,3,-22,3,-23,4,-23,4,-23,4,-23,5,-23,5,-23,5,-23,6,-24,6,-24,6,-24,6,-24,7,-25,7]"
CSI_DATA,225685,d8:b1:90:db:e8:90,-51,11,1,7,0,0,1,0,0,0,1,-96,0,4,0,-805740735,0,100,0,128,1,"[100,-64,5,0,10,-26,10,-26,10,-26,10,-26,9,-26,8,-25,8,-25,7,-25,7,-25,6,-25,6,-25,5,-25,5,-25,6,-25,6,-25,6,-25,6,-25,6,-24,6,-24,6,-23,7,-22,8,-21,8,-21,9,-20,9,-20,2,-5,0,0,0,0,0,0,0,0,0,0,0,0,0,0,0,0,0,0,1,-5,6,-20,7,-20,8,-20,9,-20,9,-20,10,-20,11,-21,11,-21,11,-21,12,-21,13,-21,13,-21,13,-21,12,-21,12,-22,12,-22,12,-22,12,-23,11,-23,11,-24,10,-24,10,-25,10,-25,11,-26,11,-26,11,-26]"
CSI_DATA,225686,d8:b1:90:db:e8:90,-51,11,1,7,0,0,1,0,0,0,1,-96,0,4,0,-805730249,0,100,0,128,1,"[100,-64,5,0,7,22,8,22,8,21,8,21,8,21,8,20,8,20,9,20,9,19,9,19,9,18,9,18,9,18,9,18,9,18,9,18,9,18,9,18,8,18,7,17,7,17,6,17,5,17,5,17,4,17,1,4,0,0,0,0,0,0,0,0,0,0,0,0,0,0,0,0,0,0,1,3,7,15,6,16,5,16,5,17,4,17,4,18,4,18,4,19,4,19,4,20,3,20,3,20,3,20,3,20,4,20,4,20,4,20,5,20,5,20,6,21,6,21,7,21,7,22,7,22,7,22,7,23]"
CSI_DATA,225687,d8:b1:90:db:e8:90,-51,11,1,7,0,0,1,0,0,0,1,-96,0,4,0,-805719723,0,100,0,128,1,"[100,-64,5,0,-29,9,-28,9,-28,9,-27,9,-27,10,-26,10,-26,10,-25,10,-25,11,-24,11,-24,11,-24,11,-24,12,-24,12,-24,11,-23,11,-23,11,-23,10,-22,9,-22,9,-22,8,-22,8,-22,7,-22,6,-22,5,-6,1,0,0,0,0,0,0,0,0,0,0,0,0,0,0,0,0,0,0,-5,2,-21,7,-21,6,-21,5,-22,5,-23,4,-23,4,-23,4,-24,4,-24,3,-25,3,-26,3,-26,3,-26,3,-26,3,-26,3,-26,3,-26,4,-26,4,-27,5,-27,5,-27,6,-27,7,-28,7,-29,8,-29,8,-29,9]"
CSI_DATA,225688,d8:b1:90:db:e8:90,-51,11,1,7,0,0,1,0,0,0,1,-96,0,4,0,-805709698,0,100,0,128,1,"[100,-64,5,0,-18,16,-17,16,-17,16,-16,16,-16,16,-16,16,-15,16,-15,16,-14,16,-14,16,-14,16,-13,16,-14,16,-14,16,-14,16,-13,16,-13,15,-13,15,-13,14,-13,14,-14,14,-14,13,-14,12,-14,12,-14,11,-4,2,0,0,0,0,0,0,0,0,0,0,0,0,0,0,0,0,0,0,-3,3,-12,13,-13,12,-13,12,-14,12,-14,11,-15,11,-15,11,-16,11,-16,11,-17,11,-17,12,-18,12,-18,12,-18,12,-18,12,-18,12,-18,12,-18,13,-17,13,-17,13,-17,14,-17,15,-18,16,-18,16,-18,16,-18,17]"
CSI_DATA,225689,d8:b1:90:db:e8:90,-51,11,1,7,0,0,1,0,0,0,1,-96,0,4,0,-805699007,0,100,0,128,1,"[100,-64,5,0,-18,21,-18,21,-17,20,-17,20,-16,19,-16,19,-15,19,-15,19,-15,19,-15,19,-14,19,-14,19,-14,19,-14,19,-13,19,-14,19,-14,19,-14,18,-14,17,-14,17,-14,16,-14,15,-15,14,-15,13,-16,12,-4,3,0,0,0,0,0,0,0,0,0,0,0,0,0,0,0,0,0,0,-3,4,-12,16,-13,16,-14,15,-14,15,-15,15,-16,15,-17,14,-18,14,-18,14,-19,14,-19,14,-19,14,-19,14,-19,15,-19,15,-19,16,-19,16,-19,17,-19,17,-18,17,-18,17,-19,18,-19,19,-19,19,-19,19,-19,20]"
CSI_DATA,225690,d8:b1:90:db:e8:90,-51,11,1,7,0,0,1,0,0,0,1,-96,0,4,0,-805674068,0,100,0,128,1,"[100,-64,5,0,11,-23,10,-22,10,-22,9,-22,9,-22,8,-22,8,-22,7,-22,7,-22,7,-22,6,-22,6,-21,6,-21,6,-21,6,-21,6,-21,6,-20,6,-20,6,-20,6,-19,6,-19,7,-18,7,-17,8,-17,9,-16,2,-4,0,0,0,0,0,0,0,0,0,0,0,0,0,0,0,0,0,0,1,-5,5,-18,6,-18,7,-18,7,-18,8,-18,9,-18,10,-19,11,-19,11,-19,12,-19,13,-19,13,-19,13,-19,13,-19,13,-19,12,-19,12,-20,12,-20,11,-20,11,-21,11,-21,11,-22,10,-22,10,-22,10,-22,10,-23]"
CSI_DATA,225691,d8:b1:90:db:e8:90,-51,11,1,7,0,0,1,0,0,0,1,-96,0,4,0,-805663518,0,100,0,128,1,"[100,-64,5,0,-16,-15,-17,-15,-19,-15,-18,-14,-19,-12,-19,-12,-18,-11,-18,-11,-18,-10,-20,-8,-19,-9,-17,-8,-18,-8,-17,-8,-18,-9,-19,-12,-20,-11,-21,-9,-19,-9,-20,-8,-19,-7,-19,-6,-20,-7,-17,-7,-16,-5,-5,-1,0,0,0,0,0,0,0,0,0,0,0,0,0,0,0,0,0,0,-2,-4,-6,-13,-7,-13,-6,-17,-6,-18,-7,-20,-8,-20,-10,-17,-10,-17,-9,-18,-9,-19,-8,-20,-10,-19,-10,-20,-10,-19,-11,-18,-11,-17,-11,-17,-12,-18,-13,-18,-14,-17,-15,-17,-15,-17,-15,-17,-15,-18,-16,-17,-18,-17]"
CSI_DATA,225692,d8:b1:90:db:e8:90,-52,11,1,7,0,0,1,0,0,0,1,-96,0,4,0,-805650456,0,100,0,128,1,"[100,-64,5,0,10,27,10,26,10,26,11,25,11,24,11,24,11,23,11,23,11,23,12,22,12,22,12,22,11,22,11,22,11,22,11,22,11,22,11,22,10,22,9,22,9,22,8,21,7,21,6,21,5,20,1,5,0,0,0,0,0,0,0,0,0,0,0,0,0,0,0,0,0,0,2,4,9,18,8,19,7,20,7,20,6,21,6,21,6,21,6,22,6,22,6,23,5,24,5,24,5,25,5,25,5,24,5,24,6,24,7,24,7,24,8,24,9,24,9,25,9,25,9,26,9,27,10,27]"
CSI_DATA,225693,d8:b1:90:db:e8:90,-51,11,1,7,0,0,1,0,0,0,1,-96,0,4,0,-805637617,0,100,0,128,1,"[100,-64,5,0,3,-26,3,-26,3,-26,2,-26,1,-26,1,-26,1,-25,1,-25,1,-24,0,-24,0,-24,-1,-24,-1,-24,-1,-24,-1,-24,-1,-24,-1,-23,-1,-23,-1,-22,0,-22,0,-21,1,-21,2,-21,3,-21,4,-21,1,-5,0,0,0,0,0,0,0,0,0,0,0,0,0,0,0,0,0,0,0,-5,2,-20,2,-20,3,-20,4,-20,4,-21,5,-21,6,-21,6,-22,6,-22,7,-22,8,-22,8,-22,8,-22,8,-22,8,-22,7,-22,7,-23,7,-23,7,-23,6,-24,6,-24,5,-25,5,-25,5,-25,5,-26,5,-26]"
CSI_DATA,225694,d8:b1:90:db:e8:90,-51,11,1,7,0,0,1,0,0,0,1,-96,0,4,0,-805621366,0,100,0,128,1,"[100,-64,5,0,-29,-2,-28,-1,-28,-1,-28,0,-28,0,-28,1,-27,1,-27,1,-26,0,-26,1,-26,2,-25,2,-25,3,-25,3,-25,3,-25,3,-25,3,-24,3,-24,2,-23,2,-23,1,-23,1,-22,0,-22,-1,-22,-2,-6,-1,0,0,0,0,0,0,0,0,0,0,0,0,0,0,0,0,0,0,-6,-1,-22,-1,-22,-2,-22,-3,-22,-3,-23,-4,-23,-4,-24,-5,-25,-5,-25,-6,-25,-7,-25,-8,-25,-8,-25,-8,-25,-8,-25,-7,-25,-7,-25,-6,-25,-6,-26,-6,-27,-5,-27,-5,-28,-4,-28,-4,-28,-4,-28,-3,-29,-3]"
CSI_DATA,225695,d8:b1:90:db:e8:90,-51,11,1,7,0,0,1,0,0,0,1,-96,0,4,0,-805609365,0,100,0,128,1,"[100,-64,5,0,21,15,21,15,21,14,21,13,21,12,21,12,21,11,20,12,20,12,20,11,20,10,21,10,21,10,21,10,21,10,20,10,20,10,19,10,19,10,18,10,17,10,17,10,16,11,16,12,15,12,3,3,0,0,0,0,0,0,0,0,0,0,0,0,0,0,0,0,0,0,4,2,16,9,16,10,15,11,15,12,15,12,15,13,15,13,15,14,15,15,16,15,16,15,16,16,16,16,16,16,16,16,16,15,16,15,17,15,18,15,18,15,19,14,19,14,20,14,20,14,21,14,22,15]"
CSI_DATA,225696,d8:b1:90:db:e8:90,-51,11,1,7,0,0,1,0,0,0,1,-96,0,4,0,-805584414,0,100,0,128,1,"[100,-64,5,0,7,-27,7,-26,7,-26,6,-26,6,-26,5,-26,5,-26,5,-25,4,-25,3,-25,3,-25,3,-25,3,-25,3,-25,3,-25,3,-24,3,-24,3,-23,4,-23,4,-23,4,-22,5,-21,5,-21,6,-21,7,-21,2,-6,0,0,0,0,0,0,0,0,0,0,0,0,0,0,0,0,0,0,0,-5,3,-20,4,-20,5,-20,5,-20,6,-21,6,-21,7,-21,7,-21,8,-22,8,-22,9,-22,9,-22,9,-22,9,-22,10,-23,9,-23,9,-23,9,-23,8,-24,8,-25,7,-25,7,-26,7,-26,7,-26,7,-26,7,-27]"
CSI_DATA,225697,d8:b1:90:db:e8:90,-51,11,1,7,0,0,1,0,0,0,1,-96,0,4,0,-805572548,0,100,0,128,1,"[100,-64,5,0,-18,18,-17,18,-17,19,-17,19,-16,20,-16,20,-15,20,-14,20,-13,20,-13,20,-12,20,-12,20,-12,20,-12,20,-12,20,-12,19,-13,19,-13,18,-13,18,-13,17,-13,16,-13,16,-13,15,-14,15,-14,15,-4,3,0,0,0,0,0,0,0,0,0,0,0,0,0,0,0,0,0,0,-3,3,-13,14,-13,14,-14,13,-15,13,-15,13,-16,13,-17,14,-18,14,-18,14,-18,14,-19,14,-19,14,-19,14,-19,13,-19,13,-19,14,-19,14,-19,15,-19,15,-19,16,-18,16,-18,17,-17,17,-17,18,-18,18,-18,19]"
CSI_DATA,225698,d8:b1:90:db:e8:90,-51,11,1,7,0,0,1,0,0,0,1,-96,0,4,0,-805558550,0,100,0,128,1,"[100,-64,5,0,10,23,11,23,11,22,12,23,12,22,13,22,13,21,13,20,14,19,14,19,14,19,14,18,15,18,14,18,14,18,13,18,13,19,13,18,12,18,12,18,10,18,8,17,7,17,7,18,7,20,2,5,0,0,0,0,0,0,0,0,0,0,0,0,0,0,0,0,0,0,2,4,9,16,9,17,8,18,8,18,7,19,7,20,7,20,7,21,7,21,7,22,6,22,6,22,6,23,6,23,6,23,6,22,6,22,7,22,7,23,8,23,9,23,9,23,10,23,10,23,11,23,11,24]"
CSI_DATA,225699,d8:b1:90:db:e8:90,-51,11,1,7,0,0,1,0,0,0,1,-96,0,4,0,-805547060,0,100,0,128,1,"[100,-64,5,0,2,27,3,26,3,26,4,25,4,25,5,24,5,24,5,23,6,23,6,22,6,22,7,22,7,22,7,22,6,22,6,22,6,22,6,21,5,21,5,20,4,20,4,19,3,19,2,20,1,20,0,5,0,0,0,0,0,0,0,0,0,0,0,0,0,0,0,0,0,0,1,4,4,18,3,19,3,19,2,19,2,19,1,20,0,21,0,22,-1,22,-1,23,-1,23,-1,23,-1,24,-1,24,-2,23,-2,23,-1,23,-1,24,0,24,0,25,1,25,1,25,2,25,2,25,2,26,3,26]"
CSI_DATA,225700,d8:b1:90:db:e8:90,-51,11,1,7,0,0,1,0,0,0,1,-96,0,4,0,-805535893,0,100,0,128,1,"[100,-64,5,0,26,-7,25,-7,25,-8,24,-8,24,-8,23,-9,23,-9,23,-10,22,-10,22,-10,21,-11,21,-11,21,-11,21,-11,21,-11,21,-10,21,-10,20,-10,20,-9,19,-9,19,-8,19,-7,19,-7,19,-6,19,-5,4,-2,0,0,0,0,0,0,0,0,0,0,0,0,0,0,0,0,0,0,4,-2,18,-7,18,-7,18,-6,19,-5,20,-5,20,-5,21,-4,22,-4,22,-4,23,-3,23,-3,23,-3,23,-3,23,-3,23,-3,23,-4,23,-4,23,-5,24,-6,24,-6,24,-7,24,-7,24,-7,25,-7,25,-7,25,-8]"
CSI_DATA,225701,d8:b1:90:db:e8:90,-51,11,1,7,0,0,1,0,0,0,1,-96,0,4,0,-805517315,0,100,0,128,1,"[100,-64,5,0,-25,7,-25,7,-24,8,-23,8,-23,8,-22,8,-22,9,-21,9,-21,9,-21,9,-20,10,-20,10,-20,10,-20,10,-20,10,-20,10,-19,9,-19,9,-19,8,-18,8,-18,7,-18,7,-18,6,-18,5,-18,4,-5,1,0,0,0,0,0,0,0,0,0,0,0,0,0,0,0,0,0,0,-5,1,-17,7,-18,6,-18,5,-19,5,-19,4,-20,4,-20,4,-21,4,-21,3,-22,3,-22,3,-22,3,-22,3,-22,3,-22,3,-22,4,-22,4,-23,5,-23,5,-23,6,-23,7,-23,7,-24,7,-24,7,-24,7,-24,7]"
CSI_DATA,225702,d8:b1:90:db:e8:90,-51,11,1,7,0,0,1,0,0,0,1,-96,0,4,0,-805481078,0,100,0,128,1,"[100,-64,5,0,-17,-23,-17,-23,-17,-22,-17,-21,-17,-20,-17,-20,-17,-20,-17,-19,-17,-19,-18,-18,-18,-18,-18,-17,-18,-17,-18,-17,-17,-17,-17,-17,-17,-17,-16,-17,-16,-17,-15,-17,-14,-18,-13,-17,-13,-17,-12,-18,-11,-18,-3,-5,0,0,0,0,0,0,0,0,0,0,0,0,0,0,0,0,0,0,-4,-4,-14,-14,-13,-15,-13,-16,-13,-16,-13,-17,-12,-17,-12,-18,-12,-19,-12,-19,-12,-20,-12,-20,-12,-20,-12,-21,-12,-21,-12,-21,-13,-21,-13,-21,-14,-21,-14,-22,-14,-22,-15,-22,-15,-22,-15,-22,-16,-22,-16,-22,-16,-22]"
CSI_DATA,225703,d8:b1:90:db:e8:90,-51,11,1,7,0,0,1,0,0,0,1,-96,0,4,0,-805468355,0,100,0,128,1,"[100,-64,5,0,-23,-15,-23,-14,-22,-14,-22,-13,-22,-13,-22,-12,-22,-12,-22,-11,-22,-11,-22,-10,-22,-10,-22,-9,-22,-9,-22,-9,-21,-9,-21,-9,-21,-9,-21,-9,-20,-10,-19,-11,-18,-10,-19,-9,-18,-9,-16,-10,-15,-10,-4,-3,0,0,0,0,0,0,0,0,0,0,0,0,0,0,0,0,0,0,-5,-2,-17,-8,-17,-9,-17,-10,-17,-11,-17,-12,-17,-12,-17,-13,-17,-14,-17,-14,-17,-15,-17,-15,-17,-15,-18,-15,-18,-15,-18,-16,-19,-15,-19,-15,-20,-15,-20,-15,-20,-15,-20,-15,-21,-15,-21,-15,-21,-15,-22,-15,-22,-15]"
CSI_DATA,225704,d8:b1:90:db:e8:90,-51,11,1,7,0,0,1,0,0,0,1,-96,0,4,0,-805452545,0,100,0,128,1,"[100,-64,5,0,-24,12,-24,12,-23,12,-23,12,-23,12,-22,12,-22,12,-22,12,-21,12,-21,12,-20,12,-21,12,-21,12,-21,12,-21,11,-20,11,-20,11,-19,10,-19,9,-20,9,-21,7,-20,6,-20,7,-20,7,-20,8,-5,2,0,0,0,0,0,0,0,0,0,0,0,0,0,0,0,0,0,0,-4,3,-16,12,-17,11,-17,9,-18,9,-18,8,-19,8,-20,8,-21,8,-21,8,-22,8,-22,8,-22,8,-23,8,-23,8,-23,8,-23,8,-23,9,-22,9,-22,10,-22,10,-22,10,-23,11,-23,12,-23,12,-24,12,-24,13]"
CSI_DATA,225705,d8:b1:90:db:e8:90,-51,11,1,7,0,0,1,0,0,0,1,-96,0,4,0,-805441775,0,100,0,128,1,"[100,-64,5,0,12,25,12,24,12,24,12,23,12,23,12,22,13,22,13,21,13,21,13,20,13,20,13,20,13,19,13,19,13,19,13,19,13,19,12,18,12,18,11,18,11,18,10,18,9,18,8,18,7,18,1,4,0,0,0,0,0,0,0,0,0,0,0,0,0,0,0,0,0,0,2,4,10,16,10,17,9,17,8,18,8,18,8,19,8,20,8,21,8,22,7,22,7,23,7,23,7,23,7,24,8,23,8,23,8,23,9,23,10,23,11,23,11,23,11,23,11,23,11,24,11,24,11,24]"
CSI_DATA,225706,d8:b1:90:db:e8:90,-51,11,1,7,0,0,1,0,0,0,1,-96,0,4,0,-805431212,0,100,0,128,1,"[100,-64,5,0,5,27,5,26,5,26,5,25,6,24,6,24,6,23,7,23,7,23,7,22,7,22,8,22,8,22,8,22,8,22,8,21,8,21,8,20,7,20,7,20,6,20,5,20,5,19,4,19,3,19,0,4,0,0,0,0,0,0,0,0,0,0,0,0,0,0,0,0,0,0,1,4,5,18,4,18,3,19,3,19,2,20,2,21,1,21,1,22,1,23,1,23,0,23,0,23,0,24,0,24,1,24,1,24,1,24,2,24,3,24,4,24,5,25,5,25,4,25,4,25,4,26,4,26]"
CSI_DATA,225707,d8:b1:90:db:e8:90,-51,11,1,7,0,0,1,0,0,0,1,-96,0,4,0,-805414830,0,100,0,128,1,"[100,-64,5,0,26,3,25,3,25,2,24,2,24,1,24,1,23,1,23,0,23,0,22,-1,23,-1,23,-2,23,-2,23,-2,23,-2,23,-2,22,-2,22,-1,21,-1,21,-1,21,-1,20,0,20,0,20,1,20,2,5,0,0,0,0,0,0,0,0,0,0,0,0,0,0,0,0,0,0,0,4,-1,19,-1,19,0,19,1,19,1,19,1,20,2,20,3,21,3,21,4,22,4,22,5,22,5,22,5,22,5,23,5,23,5,23,5,23,4,23,5,23,4,24,4,24,4,24,4,25,4,25,3,26,3]"
CSI_DATA,225708,d8:b1:90:db:e8:90,-51,11,1,7,0,0,1,0,0,0,1,-96,0,4,0,-805373563,0,100,0,128,1,"[100,-64,5,0,24,9,24,9,24,8,24,8,24,7,23,7,23,6,23,6,23,6,23,6,23,5,22,5,22,5,22,5,22,5,22,6,22,6,22,6,21,6,20,6,20,7,19,7,18,8,17,9,17,10,4,2,0,0,0,0,0,0,0,0,0,0,0,0,0,0,0,0,0,0,4,1,18,5,18,6,18,7,18,7,18,8,19,9,19,9,19,9,20,10,20,11,20,11,19,11,20,11,20,12,20,11,20,11,21,11,21,11,21,10,22,10,22,9,23,9,23,9,24,9,24,9,25,9]"
CSI_DATA,225709,d8:b1:90:db:e8:90,-51,11,1,7,0,0,1,0,0,0,1,-96,0,4,0,-805360925,0,100,0,128,1,"[100,-64,5,0,15,20,15,20,15,19,15,19,15,18,15,18,16,17,16,16,16,16,16,16,16,15,17,15,17,15,17,15,17,15,17,15,17,15,16,15,16,15,15,14,14,13,14,13,13,14,10,16,10,17,2,4,0,0,0,0,0,0,0,0,0,0,0,0,0,0,0,0,0,0,3,3,12,14,11,15,11,15,10,16,10,16,10,17,11,17,11,18,11,19,11,19,11,20,10,20,11,20,11,20,11,19,11,19,12,19,12,20,12,20,12,20,12,20,13,20,14,20,15,20,15,20,15,21]"
CSI_DATA,225710,d8:b1:90:db:e8:90,-51,11,1,7,0,0,1,0,0,0,1,-96,0,4,0,-805343693,0,100,0,128,1,"[100,-64,5,0,15,21,15,21,15,20,16,20,16,19,16,19,16,18,17,17,17,17,17,16,17,16,17,16,17,16,17,16,16,16,17,16,17,16,17,16,16,16,15,16,14,15,13,15,13,15,12,16,11,17,2,4,0,0,0,0,0,0,0,0,0,0,0,0,0,0,0,0,0,0,3,3,12,14,11,15,11,16,10,16,10,17,10,17,11,18,11,18,11,19,10,19,10,20,10,21,10,21,10,21,9,21,9,21,10,21,10,21,11,21,12,20,13,20,13,21,14,21,14,22,15,22,15,22]"
CSI_DATA,225711,d8:b1:90:db:e8:90,-51,11,1,7,0,0,1,0,0,0,1,-96,0,4,0,-805330010,0,100,0,128,1,"[100,-64,5,0,19,-21,19,-21,18,-21,17,-20,17,-20,16,-20,16,-20,15,-21,14,-21,14,-21,13,-21,13,-21,13,-21,13,-21,13,-21,13,-21,14,-21,14,-21,14,-20,14,-19,14,-18,14,-17,14,-16,14,-16,14,-15,3,-4,0,0,0,0,0,0,0,0,0,0,0,0,0,0,0,0,0,0,3,-5,13,-16,13,-16,14,-16,15,-16,15,-15,16,-15,16,-15,17,-15,17,-15,18,-16,19,-16,19,-15,19,-16,19,-15,20,-15,20,-15,19,-15,19,-16,19,-16,19,-17,19,-17,19,-18,19,-19,19,-19,19,-20,19,-20]"
CSI_DATA,225712,d8:b1:90:db:e8:90,-52,11,1,7,0,0,1,0,0,0,1,-96,0,4,0,-805311199,0,100,0,128,1,"[100,-64,5,0,-10,-25,-10,-25,-10,-24,-10,-24,-10,-23,-11,-23,-11,-22,-11,-22,-11,-21,-12,-21,-12,-20,-12,-20,-12,-20,-12,-20,-11,-20,-11,-20,-11,-20,-10,-20,-10,-19,-10,-19,-10,-19,-9,-19,-8,-19,-8,-19,-7,-19,-2,-5,0,0,0,0,0,0,0,0,0,0,0,0,0,0,0,0,0,0,-3,-5,-10,-17,-9,-17,-9,-18,-8,-19,-8,-19,-7,-20,-7,-20,-7,-21,-7,-21,-6,-22,-6,-23,-6,-23,-6,-23,-7,-23,-7,-23,-7,-23,-8,-23,-8,-23,-7,-23,-7,-23,-8,-24,-9,-24,-9,-24,-9,-24,-10,-24,-10,-24]"
CSI_DATA,225713,d8:b1:90:db:e8:90,-51,11,1,7,0,0,1,0,0,0,1,-96,0,4,0,-805299140,0,100,0,128,1,"[100,-64,5,0,-18,-21,-18,-21,-18,-20,-18,-20,-18,-19,-18,-19,-18,-19,-18,-18,-19,-18,-19,-18,-19,-17,-19,-17,-19,-17,-19,-17,-19,-17,-18,-17,-18,-17,-17,-17,-17,-17,-16,-16,-16,-16,-15,-16,-15,-16,-14,-17,-13,-17,-4,-5,0,0,0,0,0,0,0,0,0,0,0,0,0,0,0,0,0,0,-4,-4,-14,-15,-14,-15,-13,-16,-13,-17,-13,-17,-13,-18,-13,-19,-13,-19,-13,-20,-13,-21,-12,-21,-12,-21,-12,-21,-13,-22,-13,-22,-14,-21,-14,-21,-14,-21,-15,-21,-15,-21,-16,-21,-16,-21,-16,-21,-17,-21,-17,-22,-18,-22]"
CSI_DATA,225714,d8:b1:90:db:e8:90,-51,11,1,7,0,0,1,0,0,0,1,-96,0,4,0,-805275310,0,100,0,128,1,"[100,-64,5,0,29,-4,28,-4,28,-5,28,-5,27,-6,27,-7,27,-7,26,-7,26,-7,25,-7,25,-8,25,-8,25,-8,25,-8,25,-7,25,-7,24,-7,24,-7,23,-6,23,-5,23,-4,23,-4,22,-3,22,-2,22,-1,5,0,0,0,0,0,0,0,0,0,0,0,0,0,0,0,0,0,0,0,5,-2,20,-6,21,-5,21,-5,22,-4,22,-3,23,-3,23,-3,24,-3,24,-2,25,-2,25,-2,25,-2,26,-2,26,-2,26,-1,26,-2,26,-2,26,-2,26,-3,26,-4,26,-4,27,-4,28,-4,28,-4,28,-4,29,-5]"
CSI_DATA,225715,d8:b1:90:db:e8:90,-51,11,1,7,0,0,1,0,0,0,1,-96,0,4,0,-805263319,0,100,0,128,1,"[100,-64,5,0,-18,19,-17,19,-17,19,-16,19,-16,19,-15,19,-15,19,-14,19,-14,20,-13,20,-13,20,-13,20,-12,20,-12,20,-13,20,-13,20,-13,19,-13,19,-13,18,-13,17,-13,16,-14,16,-14,15,-14,15,-15,15,-4,3,0,0,0,0,0,0,0,0,0,0,0,0,0,0,0,0,0,0,-3,3,-12,15,-13,14,-13,14,-14,14,-14,14,-15,14,-17,14,-17,13,-18,13,-18,13,-19,14,-19,14,-19,14,-19,14,-19,14,-19,14,-19,14,-19,15,-19,16,-18,16,-18,17,-18,17,-18,17,-18,18,-18,18,-18,19]"
CSI_DATA,225716,d8:b1:90:db:e8:90,-51,11,1,7,0,0,1,0,0,0,1,-96,0,4,0,-805246479,0,100,0,128,1,"[100,-64,5,0,-28,-2,-28,-2,-27,-1,-27,-1,-27,0,-27,0,-26,1,-26,1,-26,1,-26,1,-26,2,-26,1,-26,1,-25,1,-25,1,-25,1,-24,1,-24,1,-23,1,-23,0,-23,-1,-23,-2,-22,-3,-21,-3,-21,-3,-6,-1,0,0,0,0,0,0,0,0,0,0,0,0,0,0,0,0,0,0,-6,0,-21,2,-21,1,-21,0,-21,-1,-22,-2,-22,-2,-23,-3,-23,-4,-24,-4,-24,-5,-24,-5,-24,-5,-24,-5,-24,-5,-24,-5,-25,-5,-25,-4,-25,-4,-25,-3,-26,-3,-26,-2,-27,-2,-27,-2,-28,-2,-28,-2,-28,-2]"
CSI_DATA,225717,d8:b1:90:db:e8:90,-51,11,1,7,0,0,1,0,0,0,1,-96,0,4,0,-805233516,0,100,0,128,1,"[100,-64,5,0,17,-20,17,-20,17,-20,16,-20,16,-20,15,-20,15,-20,14,-20,14,-20,13,-20,13,-20,13,-20,13,-20,13,-20,13,-20,13,-20,13,-20,13,-19,13,-18,13,-17,13,-17,13,-16,13,-16,14,-15,14,-14,3,-4,0,0,0,0,0,0,0,0,0,0,0,0,0,0,0,0,0,0,3,-4,12,-16,13,-15,14,-15,14,-15,15,-14,16,-14,17,-14,18,-14,18,-14,19,-14,18,-14,18,-14,18,-14,18,-14,18,-15,18,-15,18,-16,18,-16,18,-16,17,-17,17,-17,18,-18,18,-19,18,-19,18,-19,18,-20]"
CSI_DATA,225718,d8:b1:90:db:e8:90,-51,11,1,7,0,0,1,0,0,0,1,-96,0,4,0,-805223507,0,100,0,128,1,"[100,-64,5,0,-23,14,-23,14,-23,14,-22,14,-22,14,-21,15,-21,15,-20,15,-20,15,-20,15,-19,15,-19,15,-19,15,-19,15,-19,15,-19,14,-19,14,-19,14,-19,13,-19,12,-19,12,-18,11,-18,10,-18,9,-18,8,-5,2,0,0,0,0,0,0,0,0,0,0,0,0,0,0,0,0,0,0,-4,3,-16,13,-16,12,-17,12,-18,11,-18,11,-19,11,-20,11,-20,11,-21,11,-21,10,-22,10,-23,10,-23,10,-23,10,-23,10,-23,10,-23,10,-23,11,-23,11,-22,12,-22,12,-22,13,-23,13,-23,14,-24,14,-24,15]"
CSI_DATA,225719,d8:b1:90:db:e8:90,-51,11,1,7,0,0,1,0,0,0,1,-96,0,4,0,-805209078,0,100,0,128,1,"[100,-64,5,0,26,-1,25,-1,25,-1,25,-2,25,-2,25,-3,24,-3,24,-4,24,-4,23,-4,23,-5,23,-5,23,-5,22,-5,22,-5,23,-5,23,-4,22,-4,22,-4,21,-3,21,-3,21,-2,20,-2,19,-1,19,0,4,0,0,0,0,0,0,0,0,0,0,0,0,0,0,0,0,0,0,0,4,-1,19,-2,19,-2,19,-1,19,0,20,0,20,1,21,1,21,1,22,2,22,3,23,4,23,4,23,4,23,4,23,3,23,3,24,3,24,2,24,2,24,1,24,1,24,0,25,0,25,0,26,0,26,-1]"
CSI_DATA,225720,d8:b1:90:db:e8:90,-51,11,1,7,0,0,1,0,0,0,1,-96,0,4,0,-805195921,0,100,0,128,1,"[100,-64,5,0,9,-28,9,-27,9,-27,9,-27,8,-26,8,-26,7,-26,6,-27,6,-27,5,-26,4,-26,4,-26,4,-26,4,-25,4,-26,4,-26,4,-26,4,-25,5,-24,5,-24,5,-23,5,-22,6,-22,6,-21,7,-21,1,-6,0,0,0,0,0,0,0,0,0,0,0,0,0,0,0,0,0,0,1,-6,4,-21,5,-21,6,-21,7,-21,7,-21,8,-22,9,-22,10,-22,10,-22,10,-23,11,-23,11,-23,11,-24,11,-24,11,-23,11,-23,10,-24,11,-25,11,-25,11,-25,11,-26,11,-26,11,-26,11,-27,11,-27,11,-28]"
CSI_DATA,225721,d8:b1:90:db:e8:90,-52,11,1,7,0,0,1,0,0,0,1,-96,0,4,0,-805168228,0,100,0,128,1,"[100,-64,5,0,-13,-20,-13,-20,-13,-20,-14,-21,-14,-21,-15,-20,-14,-19,-13,-20,-13,-20,-14,-19,-14,-19,-13,-18,-12,-18,-13,-18,-12,-19,-10,-20,-9,-20,-9,-20,-8,-19,-7,-18,-7,-17,-7,-17,-6,-17,-3,-18,-2,-19,-1,-5,0,0,0,0,0,0,0,0,0,0,0,0,0,0,0,0,0,0,0,-5,1,-19,1,-20,2,-20,2,-20,2,-20,2,-21,3,-21,3,-21,3,-21,3,-22,3,-23,3,-23,3,-23,3,-23,3,-23,3,-23,2,-24,1,-24,1,-23,1,-24,0,-24,0,-25,0,-26,0,-27,-1,-26,-3,-25]"
CSI_DATA,225722,d8:b1:90:db:e8:90,-51,11,1,7,0,0,1,0,0,0,1,-96,0,4,0,-805146792,0,100,0,128,1,"[100,-64,5,0,22,-16,21,-16,21,-16,21,-17,20,-17,20,-17,19,-17,18,-17,18,-18,17,-18,17,-18,17,-18,17,-18,16,-18,16,-18,16,-17,17,-17,16,-16,16,-16,15,-15,16,-15,17,-14,18,-13,17,-12,16,-11,4,-3,0,0,0,0,0,0,0,0,0,0,0,0,0,0,0,0,0,0,3,-4,14,-13,15,-13,16,-13,17,-12,17,-12,18,-12,19,-12,20,-12,20,-12,20,-12,21,-12,21,-12,21,-11,21,-11,21,-12,21,-12,22,-12,22,-13,21,-13,21,-14,21,-14,21,-15,22,-15,22,-16,22,-16,22,-16]"
CSI_DATA,225723,d8:b1:90:db:e8:90,-51,11,1,7,0,0,1,0,0,0,1,-96,0,4,0,-805131978,0,100,0,128,1,"[100,-64,5,0,-6,26,-6,25,-5,25,-5,25,-4,25,-4,25,-4,24,-3,24,-3,23,-3,23,-2,23,-2,23,-2,23,-2,23,-2,23,-2,23,-2,23,-2,22,-3,22,-3,21,-3,21,-3,20,-4,20,-5,20,-5,19,-2,4,0,0,0,0,0,0,0,0,0,0,0,0,0,0,0,0,0,0,-1,4,-1,19,-2,19,-4,19,-4,19,-4,19,-5,20,-6,20,-7,21,-7,21,-7,21,-7,21,-7,21,-7,21,-7,22,-8,22,-8,22,-7,22,-7,22,-7,22,-7,23,-7,23,-7,24,-7,24,-6,25,-6,25,-6,26]"
CSI_DATA,225724,d8:b1:90:db:e8:90,-51,11,1,7,0,0,1,0,0,0,1,-96,0,4,0,-805121801,0,100,0,128,1,"[100,-64,5,0,-23,-19,-23,-19,-23,-18,-23,-18,-23,-17,-23,-16,-24,-16,-23,-15,-23,-15,-23,-14,-24,-13,-24,-13,-23,-13,-23,-13,-23,-12,-23,-12,-23,-13,-23,-13,-22,-13,-21,-12,-21,-12,-20,-12,-20,-13,-19,-14,-19,-14,-5,-4,0,0,0,0,0,0,0,0,0,0,0,0,0,0,0,0,0,0,-5,-3,-19,-12,-19,-13,-18,-14,-18,-15,-18,-15,-18,-16,-19,-16,-19,-16,-19,-17,-19,-18,-18,-18,-18,-19,-18,-19,-18,-20,-18,-21,-19,-20,-19,-20,-20,-20,-20,-19,-21,-19,-22,-19,-22,-19,-22,-19,-22,-19,-23,-19,-23,-20]"
CSI_DATA,225725,d8:b1:90:db:e8:90,-51,11,1,7,0,0,1,0,0,0,1,-96,0,4,0,-805108074,0,100,0,128,1,"[100,-64,5,0,-21,21,-21,21,-20,21,-20,21,-20,21,-19,21,-19,21,-18,21,-17,21,-16,21,-16,22,-16,22,-15,21,-15,21,-15,21,-16,21,-16,21,-16,20,-16,19,-15,19,-15,18,-15,17,-15,17,-16,17,-16,16,-5,4,0,0,0,0,0,0,0,0,0,0,0,0,0,0,0,0,0,0,-4,4,-13,18,-14,18,-15,17,-16,17,-16,17,-17,17,-18,18,-18,18,-19,18,-19,18,-20,17,-20,17,-20,17,-21,17,-22,17,-22,17,-22,18,-21,18,-21,19,-21,19,-21,20,-21,20,-21,20,-21,20,-21,21,-21,21]"
CSI_DATA,225726,d8:b1:90:db:e8:90,-51,11,1,7,0,0,1,0,0,0,1,-96,0,4,0,-805097017,0,100,0,128,1,"[100,-64,5,0,-16,-26,-16,-25,-16,-25,-16,-25,-17,-25,-17,-24,-17,-23,-17,-22,-17,-21,-18,-21,-18,-20,-19,-20,-19,-20,-18,-20,-18,-20,-18,-20,-18,-20,-17,-20,-17,-19,-16,-19,-16,-19,-15,-18,-14,-19,-13,-20,-12,-20,-3,-5,0,0,0,0,0,0,0,0,0,0,0,0,0,0,0,0,0,0,-4,-5,-13,-19,-12,-19,-11,-20,-11,-20,-11,-21,-11,-22,-11,-22,-11,-23,-11,-24,-11,-24,-11,-25,-11,-25,-11,-25,-11,-26,-11,-26,-11,-26,-12,-26,-12,-26,-13,-25,-13,-25,-14,-25,-14,-25,-15,-25,-15,-25,-16,-26,-16,-27]"
CSI_DATA,225727,d8:b1:90:db:e8:90,-51,11,1,7,0,0,1,0,0,0,1,-96,0,4,0,-805065984,0,100,0,128,1,"[100,-64,5,0,23,13,23,13,23,12,23,12,23,11,23,10,22,10,22,9,22,9,22,8,22,8,23,8,23,9,23,9,22,9,21,9,21,9,20,9,20,9,19,9,18,9,18,9,17,10,17,11,16,12,4,3,0,0,0,0,0,0,0,0,0,0,0,0,0,0,0,0,0,0,4,2,17,8,17,9,17,10,17,11,17,11,17,12,17,14,17,14,17,15,17,15,17,15,17,16,17,16,17,16,17,16,17,16,18,16,19,15,20,15,21,14,21,14,22,14,23,13,24,13,24,13,23,13]"
CSI_DATA,225728,d8:b1:90:db:e8:90,-51,11,1,7,0,0,1,0,0,0,1,-96,0,4,0,-805053030,0,100,0,128,1,"[100,-64,5,0,-9,24,-9,24,-8,24,-8,23,-7,23,-6,23,-6,23,-6,23,-5,23,-5,23,-5,23,-5,23,-5,23,-5,23,-5,23,-5,22,-5,22,-5,21,-5,21,-6,20,-6,18,-6,18,-7,18,-8,18,-8,18,-3,4,0,0,0,0,0,0,0,0,0,0,0,0,0,0,0,0,0,0,-2,4,-6,17,-6,17,-7,17,-8,17,-8,18,-9,18,-9,18,-10,18,-10,19,-11,19,-11,19,-11,19,-11,20,-11,20,-11,20,-12,20,-12,20,-11,21,-11,22,-10,22,-10,23,-9,23,-9,23,-9,24,-8,24,-8,25]"
CSI_DATA,225729,d8:b1:90:db:e8:90,-51,11,1,7,0,0,1,0,0,0,1,-96,0,4,0,-805042483,0,100,0,128,1,"[100,-64,5,0,23,-3,23,-3,22,-3,22,-4,22,-4,22,-4,21,-5,21,-5,21,-5,21,-5,21,-6,21,-6,21,-6,21,-6,21,-5,21,-5,20,-5,20,-5,19,-5,18,-4,17,-3,17,-3,18,-2,17,-1,16,0,4,0,0,0,0,0,0,0,0,0,0,0,0,0,0,0,0,0,0,0,4,-1,16,-4,16,-3,17,-2,17,-2,18,-2,18,-1,19,-1,19,-1,20,0,20,0,20,0,21,0,21,0,21,0,21,0,21,0,21,0,21,0,22,-1,22,-2,23,-2,23,-3,23,-3,23,-3,23,-3,24,-4]"
CSI_DATA,225730,d8:b1:90:db:e8:90,-51,11,1,7,0,0,1,0,0,0,1,-96,0,4,0,-805028920,0,100,0,128,1,"[100,-64,5,0,27,-10,26,-10,26,-10,26,-10,25,-11,25,-11,24,-12,24,-12,23,-12,23,-12,23,-12,23,-12,23,-12,22,-12,22,-12,22,-12,22,-11,21,-11,21,-11,21,-10,21,-9,21,-8,21,-7,21,-6,21,-5,5,-1,0,0,0,0,0,0,0,0,0,0,0,0,0,0,0,0,0,0,4,-3,19,-8,20,-8,20,-7,20,-6,21,-6,22,-5,23,-5,24,-5,24,-5,25,-5,25,-5,25,-4,25,-4,26,-4,26,-5,26,-5,26,-6,26,-6,26,-6,26,-7,26,-8,27,-8,27,-8,27,-8,28,-8,28,-9]"
CSI_DATA,225731,d8:b1:90:db:e8:90,-67,11,1,7,0,0,1,0,0,0,1,-96,0,4,0,-805017201,0,100,0,128,1,"[100,-64,5,0,14,-23,14,-23,15,-23,15,-23,14,-22,14,-22,14,-22,14,-22,14,-22,14,-21,14,-20,13,-20,13,-20,13,-20,13,-19,12,-19,11,-19,11,-18,11,-18,10,-18,10,-18,10,-18,10,-18,11,-19,12,-19,3,-5,0,0,0,0,0,0,0,0,0,0,0,0,0,0,0,0,0,0,1,-3,7,-12,8,-12,9,-11,9,-11,10,-11,10,-11,11,-11,11,-11,11,-11,12,-11,12,-12,12,-12,11,-13,11,-13,11,-13,11,-14,11,-14,11,-15,11,-16,11,-17,11,-18,11,-19,11,-20,11,-21,12,-21,12,-21]"
CSI_DATA,225732,d8:b1:90:db:e8:90,-69,11,1,7,0,0,1,0,0,0,1,-96,0,4,0,-805001814,0,100,0,128,1,"[100,-64,5,0,21,9,21,9,21,11,21,11,20,11,20,10,20,10,19,11,19,11,19,11,19,12,18,12,17,12,17,11,16,11,17,11,16,10,16,9,16,9,16,9,16,8,16,8,16,8,17,9,17,9,4,2,0,0,0,0,0,0,0,0,0,0,0,0,0,0,0,0,0,0,3,1,11,6,11,6,11,7,11,8,11,9,10,9,10,10,10,10,10,10,9,10,9,10,10,10,10,10,10,9,11,9,11,8,12,8,12,8,13,8,13,8,14,7,15,7,16,7,17,8,18,8,19,7]"
CSI_DATA,225733,d8:b1:90:db:e8:90,-51,11,1,7,0,0,1,0,0,0,1,-96,0,4,0,-804970769,0,100,0,128,1,"[100,-64,5,0,26,13,25,13,25,12,25,12,25,11,25,10,25,9,25,9,25,8,25,8,25,7,24,7,25,6,25,6,24,7,24,7,24,7,23,7,23,8,22,8,21,8,21,8,20,8,20,9,19,10,4,2,0,0,0,0,0,0,0,0,0,0,0,0,0,0,0,0,0,0,4,1,19,6,19,7,18,9,18,11,18,11,19,12,19,13,20,14,20,14,20,15,20,15,20,15,20,16,20,16,20,16,20,16,20,15,21,15,22,15,22,15,23,14,24,14,25,14,26,14,26,14,26,14]"
CSI_DATA,225734,d8:b1:90:db:e8:90,-51,11,1,7,0,0,1,0,0,0,1,-96,0,4,0,-804958318,0,100,0,128,1,"[100,-64,5,0,25,-15,25,-15,24,-16,24,-16,24,-16,23,-16,22,-17,22,-17,21,-17,21,-17,21,-17,20,-17,20,-17,20,-17,20,-17,20,-17,19,-17,19,-16,19,-15,19,-15,20,-14,19,-13,20,-12,20,-11,20,-10,5,-3,0,0,0,0,0,0,0,0,0,0,0,0,0,0,0,0,0,0,4,-3,18,-12,19,-12,19,-11,20,-11,20,-11,21,-10,21,-10,21,-10,22,-10,23,-10,23,-10,23,-10,23,-10,24,-10,24,-10,24,-11,24,-11,24,-12,24,-12,24,-13,24,-13,24,-14,25,-14,25,-14,25,-14,25,-15]"
CSI_DATA,225735,d8:b1:90:db:e8:90,-51,11,1,7,0,0,1,0,0,0,1,-96,0,4,0,-804947365,0,100,0,128,1,"[100,-64,5,0,14,-23,14,-23,14,-23,13,-23,13,-23,12,-23,12,-22,11,-22,11,-23,10,-22,9,-22,9,-22,9,-22,9,-22,9,-22,9,-21,9,-21,9,-21,9,-21,10,-20,9,-19,10,-18,12,-17,12,-17,12,-15,3,-4,0,0,0,0,0,0,0,0,0,0,0,0,0,0,0,0,0,0,2,-5,10,-18,10,-17,11,-17,11,-17,12,-17,13,-17,13,-17,14,-17,14,-17,15,-17,15,-18,15,-18,15,-18,15,-18,15,-18,15,-19,15,-19,15,-19,15,-20,14,-20,14,-21,14,-21,14,-22,14,-22,14,-22,15,-22]"
CSI_DATA,225736,d8:b1:90:db:e8:90,-52,11,1,7,0,0,1,0,0,0,1,-96,0,4,0,-804935558,0,100,0,128,1,"[100,-64,5,0,23,16,23,16,23,16,23,15,23,15,24,14,23,13,23,13,23,12,23,12,23,12,22,11,22,11,22,11,22,11,22,11,22,11,21,11,21,11,20,11,19,12,19,12,18,13,17,13,16,14,4,3,0,0,0,0,0,0,0,0,0,0,0,0,0,0,0,0,0,0,4,2,17,11,17,12,17,13,17,13,17,14,17,14,17,15,17,15,17,16,18,16,17,17,17,17,18,17,18,17,18,17,19,17,19,17,20,17,20,17,20,17,21,16,22,16,22,16,22,17,23,17,23,17]"
CSI_DATA,225737,d8:b1:90:db:e8:90,-51,11,1,7,0,0,1,0,0,0,1,-96,0,4,0,-804922616,0,100,0,128,1,"[100,-64,5,0,27,7,27,7,27,7,27,6,27,6,27,5,27,4,26,3,26,3,25,2,25,2,26,2,26,2,25,1,25,1,24,1,24,2,24,2,23,2,23,3,23,3,22,3,22,4,21,5,21,7,5,1,0,0,0,0,0,0,0,0,0,0,0,0,0,0,0,0,0,0,5,0,21,4,21,4,20,5,20,6,21,6,21,7,22,7,22,8,23,8,23,9,23,10,23,11,23,11,23,11,23,11,23,12,23,11,24,11,25,10,25,10,26,9,27,9,27,8,27,8,28,8,28,7]"
CSI_DATA,225738,d8:b1:90:db:e8:90,-51,11,1,7,0,0,1,0,0,0,1,-96,0,4,0,-804910535,0,100,0,128,1,"[100,-64,5,0,-26,3,-25,3,-25,3,-25,3,-24,4,-24,4,-23,5,-23,5,-23,5,-23,5,-22,5,-22,5,-22,5,-22,5,-22,5,-21,5,-21,5,-21,4,-20,4,-20,3,-20,3,-19,3,-19,2,-19,1,-19,0,-5,0,0,0,0,0,0,0,0,0,0,0,0,0,0,0,0,0,0,0,-5,1,-18,4,-18,4,-18,2,-19,2,-19,1,-20,1,-21,1,-22,1,-22,1,-22,0,-22,0,-22,0,-22,0,-23,-1,-23,-1,-23,-1,-23,0,-24,0,-24,0,-24,1,-24,1,-25,2,-25,3,-25,3,-25,3,-25,3]"
CSI_DATA,225739,d8:b1:90:db:e8:90,-51,11,1,7,0,0,1,0,0,0,1,-96,0,4,0,-804899655,0,100,0,128,1,"[100,-64,5,0,1,-28,1,-28,0,-27,0,-26,0,-26,-1,-26,-1,-25,-1,-26,-2,-26,-2,-25,-3,-25,-2,-25,-2,-24,-2,-24,-2,-24,-2,-24,-2,-24,-2,-23,-1,-23,-1,-22,-1,-22,-1,-21,0,-21,1,-21,2,-21,0,-6,0,0,0,0,0,0,0,0,0,0,0,0,0,0,0,0,0,0,-1,-5,-1,-20,0,-20,1,-20,1,-20,2,-20,2,-21,3,-21,3,-22,4,-23,4,-23,4,-23,4,-23,4,-23,4,-24,5,-24,5,-24,5,-24,4,-25,4,-25,3,-25,3,-26,2,-26,2,-27,1,-27,1,-27,1,-28]"
CSI_DATA,225740,d8:b1:90:db:e8:90,-51,11,1,7,0,0,1,0,0,0,1,-96,0,4,0,-804887008,0,100,0,128,1,"[100,-64,5,0,27,-2,26,-2,25,-2,25,-3,25,-3,25,-4,24,-4,24,-4,23,-5,23,-5,23,-5,23,-5,23,-6,23,-6,23,-6,22,-5,22,-5,22,-4,21,-4,21,-4,21,-3,21,-3,20,-2,20,-1,20,0,5,0,0,0,0,0,0,0,0,0,0,0,0,0,0,0,0,0,0,0,4,-1,19,-2,19,-1,20,0,20,1,21,1,21,2,22,2,23,3,23,3,23,4,23,4,24,4,24,4,24,4,23,3,23,3,23,2,24,2,24,1,24,0,25,0,25,-1,26,-1,25,-1,26,-1,27,-2]"
CSI_DATA,225741,d8:b1:90:db:e8:90,-51,11,1,7,0,0,1,0,0,0,1,-96,0,4,0,-804854565,0,100,0,128,1,"[100,-64,5,0,-10,24,-10,24,-10,24,-9,24,-9,23,-8,23,-8,23,-7,23,-7,23,-7,22,-6,23,-6,23,-6,23,-6,23,-6,23,-6,22,-7,22,-7,22,-6,21,-7,21,-8,20,-8,20,-9,18,-9,18,-10,18,-3,4,0,0,0,0,0,0,0,0,0,0,0,0,0,0,0,0,0,0,-2,4,-7,18,-8,18,-9,18,-10,18,-10,18,-11,18,-12,18,-12,19,-13,19,-13,19,-14,19,-14,19,-14,20,-14,20,-13,20,-13,20,-13,20,-12,20,-12,21,-11,21,-11,22,-11,23,-11,23,-10,23,-11,24,-11,25]"
CSI_DATA,225742,d8:b1:90:db:e8:90,-52,11,1,7,0,0,1,0,0,0,1,-96,0,4,0,-804842873,0,100,0,128,1,"[100,-64,5,0,24,-15,24,-15,23,-15,23,-16,22,-16,22,-16,21,-17,20,-17,19,-17,19,-17,19,-17,19,-17,19,-17,19,-17,19,-17,18,-16,18,-16,19,-16,19,-15,19,-15,18,-14,18,-13,18,-12,19,-13,20,-13,5,-4,0,0,0,0,0,0,0,0,0,0,0,0,0,0,0,0,0,0,4,-4,16,-13,16,-13,17,-12,17,-12,18,-11,19,-11,21,-11,22,-10,22,-10,22,-10,23,-10,23,-10,23,-10,23,-10,23,-11,23,-11,23,-12,23,-12,23,-12,23,-13,23,-13,23,-14,24,-14,24,-15,24,-15,24,-15]"
CSI_DATA,225743,d8:b1:90:db:e8:90,-51,11,1,7,0,0,1,0,0,0,1,-96,0,4,0,-804832770,0,100,0,128,1,"[100,-64,5,0,-23,-14,-23,-14,-23,-14,-23,-13,-23,-12,-23,-12,-23,-11,-22,-11,-22,-10,-22,-10,-22,-10,-22,-10,-22,-10,-21,-10,-21,-10,-21,-10,-21,-10,-20,-10,-20,-10,-19,-10,-19,-10,-18,-10,-18,-11,-17,-12,-17,-12,-5,-3,0,0,0,0,0,0,0,0,0,0,0,0,0,0,0,0,0,0,-5,-3,-17,-9,-17,-10,-17,-11,-17,-11,-17,-12,-17,-13,-17,-13,-17,-14,-17,-15,-17,-16,-17,-16,-17,-16,-17,-16,-18,-16,-18,-16,-18,-16,-19,-16,-20,-15,-20,-15,-20,-15,-21,-15,-21,-15,-22,-15,-22,-15,-22,-15,-22,-15]"
CSI_DATA,225744,d8:b1:90:db:e8:90,-51,11,1,7,0,0,1,0,0,0,1,-96,0,4,0,-804822711,0,100,0,128,1,"[100,-64,5,0,1,27,2,26,2,26,2,25,2,25,3,24,3,24,4,24,4,24,4,23,5,23,5,23,5,23,5,23,5,23,5,22,5,22,4,22,4,21,3,21,3,21,2,21,2,20,0,21,-1,20,-1,5,0,0,0,0,0,0,0,0,0,0,0,0,0,0,0,0,0,0,0,4,2,19,1,19,0,19,0,20,-1,20,-1,21,-1,21,-2,22,-2,23,-2,23,-2,23,-3,23,-2,23,-2,24,-2,24,-2,24,-1,24,-1,24,-1,25,0,25,1,25,1,25,1,25,1,25,1,26,1,26]"
CSI_DATA,225745,d8:b1:90:db:e8:90,-51,11,1,7,0,0,1,0,0,0,1,-96,0,4,0,-804810496,0,100,0,128,1,"[100,-64,5,0,-6,-27,-6,-26,-6,-26,-6,-25,-6,-25,-7,-24,-7,-24,-7,-24,-8,-24,-8,-23,-8,-23,-9,-23,-9,-23,-8,-23,-8,-22,-8,-22,-8,-22,-7,-22,-7,-21,-7,-21,-6,-21,-5,-21,-4,-21,-4,-21,-3,-21,-1,-6,0,0,0,0,0,0,0,0,0,0,0,0,0,0,0,0,0,0,-2,-5,-6,-18,-5,-19,-5,-19,-4,-20,-4,-20,-3,-21,-3,-22,-3,-23,-3,-23,-3,-24,-2,-24,-2,-24,-2,-24,-3,-24,-3,-24,-3,-24,-3,-24,-4,-24,-4,-25,-5,-25,-5,-25,-6,-26,-6,-26,-6,-26,-6,-26,-6,-26]"
CSI_DATA,225746,d8:b1:90:db:e8:90,-51,11,1,7,0,0,1,0,0,0,1,-96,0,4,0,-804800394,0,100,0,128,1,"[100,-64,5,0,-24,17,-23,17,-23,18,-22,18,-22,18,-21,18,-21,19,-20,19,-19,19,-19,19,-19,19,-19,18,-19,18,-19,18,-19,17,-19,17,-19,16,-19,16,-19,15,-19,15,-20,14,-20,14,-19,13,-19,12,-20,11,-5,2,0,0,0,0,0,0,0,0,0,0,0,0,0,0,0,0,0,0,-4,3,-17,14,-17,14,-18,13,-18,13,-19,13,-20,13,-21,13,-21,13,-22,13,-22,12,-23,12,-23,12,-23,12,-23,13,-23,13,-24,14,-23,14,-23,14,-23,15,-22,15,-23,16,-23,16,-23,17,-23,17,-24,18,-24,19]"
CSI_DATA,225747,d8:b1:90:db:e8:90,-51,11,1,7,0,0,1,0,0,0,1,-96,0,4,0,-804789943,0,100,0,128,1,"[100,-64,5,0,26,-12,26,-12,25,-12,25,-12,25,-13,25,-13,24,-13,23,-14,23,-14,22,-15,22,-15,22,-14,22,-13,22,-13,22,-13,22,-12,22,-12,22,-11,22,-11,22,-10,22,-10,22,-9,21,-8,21,-7,21,-6,5,-2,0,0,0,0,0,0,0,0,0,0,0,0,0,0,0,0,0,0,4,-3,19,-11,19,-10,20,-9,20,-8,21,-8,22,-8,23,-7,23,-7,24,-7,24,-7,24,-7,24,-7,24,-7,25,-7,25,-7,25,-8,25,-8,25,-9,25,-9,25,-9,26,-10,26,-10,26,-11,26,-12,27,-12,27,-13]"
CSI_DATA,225748,d8:b1:90:db:e8:90,-51,11,1,7,0,0,1,0,0,0,1,-96,0,4,0,-804762259,0,100,0,128,1,"[100,-64,5,0,-22,-12,-22,-12,-22,-12,-21,-11,-21,-11,-21,-11,-21,-10,-21,-10,-21,-9,-22,-9,-22,-8,-21,-8,-21,-8,-20,-8,-21,-8,-21,-8,-20,-8,-20,-8,-19,-8,-19,-8,-18,-9,-18,-9,-17,-9,-17,-9,-16,-10,-4,-3,0,0,0,0,0,0,0,0,0,0,0,0,0,0,0,0,0,0,-5,-2,-17,-7,-17,-8,-17,-9,-17,-10,-17,-10,-17,-10,-17,-11,-17,-11,-18,-12,-18,-12,-18,-13,-18,-13,-18,-13,-18,-13,-18,-14,-18,-14,-19,-13,-19,-13,-19,-13,-20,-13,-21,-13,-21,-13,-21,-13,-21,-12,-22,-13,-22,-13]"
CSI_DATA,225749,d8:b1:90:db:e8:90,-51,11,1,7,0,0,1,0,0,0,1,-96,0,4,0,-804750745,0,100,0,128,1,"[100,-64,5,0,12,20,12,19,13,19,13,19,13,18,14,18,14,17,13,17,13,16,14,16,14,15,14,15,14,15,14,15,14,15,14,15,13,15,13,15,12,14,12,14,11,14,11,14,9,14,7,14,7,14,1,3,0,0,0,0,0,0,0,0,0,0,0,0,0,0,0,0,0,0,2,3,10,14,10,14,9,14,9,15,8,15,8,16,8,17,8,17,8,17,9,18,9,18,9,18,9,18,9,18,9,19,9,18,10,18,10,18,10,19,11,19,12,19,12,19,12,19,12,20,13,20,13,20]"
CSI_DATA,225750,d8:b1:90:db:e8:90,-51,11,1,7,0,0,1,0,0,0,1,-96,0,4,0,-804736461,0,100,0,128,1,"[100,-64,5,0,-27,5,-27,5,-26,5,-25,6,-25,6,-24,6,-24,7,-24,7,-24,7,-24,7,-24,7,-23,7,-23,8,-23,8,-23,8,-23,7,-22,6,-21,6,-21,7,-21,6,-20,6,-21,5,-20,4,-20,3,-19,2,-5,0,0,0,0,0,0,0,0,0,0,0,0,0,0,0,0,0,0,0,-5,1,-19,6,-19,5,-19,4,-20,3,-20,2,-21,2,-22,2,-23,2,-23,2,-24,1,-24,0,-24,0,-24,0,-24,0,-24,1,-24,1,-24,2,-24,2,-24,2,-25,3,-25,4,-25,4,-26,4,-26,4,-27,4,-27,4]"
CSI_DATA,225751,d8:b1:90:db:e8:90,-51,11,1,7,0,0,1,0,0,0,1,-96,0,4,0,-804724172,0,100,0,128,1,"[100,-64,5,0,-23,-15,-23,-15,-22,-14,-22,-14,-22,-13,-22,-13,-22,-12,-22,-12,-22,-11,-22,-11,-22,-10,-22,-10,-22,-10,-22,-10,-22,-10,-21,-10,-21,-9,-20,-10,-20,-10,-20,-11,-19,-11,-19,-11,-18,-11,-17,-12,-17,-12,-5,-4,0,0,0,0,0,0,0,0,0,0,0,0,0,0,0,0,0,0,-5,-3,-18,-11,-17,-12,-17,-13,-17,-13,-17,-14,-17,-14,-17,-15,-17,-15,-17,-16,-18,-16,-18,-16,-18,-17,-18,-17,-18,-17,-18,-16,-18,-16,-18,-16,-19,-16,-19,-16,-20,-15,-21,-15,-21,-15,-21,-15,-22,-15,-22,-15,-23,-15]"
CSI_DATA,225752,d8:b1:90:db:e8:90,-51,11,1,7,0,0,1,0,0,0,1,-96,0,4,0,-804713870,0,100,0,128,1,"[100,-64,5,0,0,-25,0,-25,0,-25,-1,-24,-1,-24,-2,-23,-2,-23,-2,-24,-3,-24,-3,-23,-4,-23,-4,-23,-4,-23,-4,-23,-4,-22,-3,-22,-3,-21,-3,-21,-2,-21,-2,-21,-2,-21,-1,-21,0,-20,0,-19,1,-19,0,-5,0,0,0,0,0,0,0,0,0,0,0,0,0,0,0,0,0,0,-1,-5,0,-19,0,-19,1,-19,2,-20,2,-20,2,-20,3,-21,3,-21,4,-22,4,-22,4,-22,4,-22,4,-23,4,-23,4,-22,3,-22,3,-22,3,-23,2,-23,2,-23,1,-24,1,-24,1,-25,0,-25,0,-25,1,-26]"
CSI_DATA,225753,d8:b1:90:db:e8:90,-51,11,1,7,0,0,1,0,0,0,1,-96,0,4,0,-804695198,0,100,0,128,1,"[100,-64,5,0,-15,25,-15,25,-14,25,-14,24,-13,24,-12,24,-12,25,-11,25,-11,25,-11,25,-10,24,-10,24,-9,25,-9,25,-9,25,-10,24,-10,24,-10,23,-10,23,-10,22,-11,21,-11,20,-12,20,-13,19,-14,19,-4,4,0,0,0,0,0,0,0,0,0,0,0,0,0,0,0,0,0,0,-3,4,-11,18,-11,18,-12,18,-12,18,-13,18,-14,18,-15,19,-16,19,-17,19,-18,19,-18,19,-18,19,-18,19,-18,19,-18,20,-18,20,-18,21,-17,21,-17,22,-16,23,-16,24,-16,24,-16,24,-16,24,-16,25,-16,25]"
CSI_DATA,225754,d8:b1:90:db:e8:90,-51,11,1,7,0,0,1,0,0,0,1,-96,0,4,0,-804682713,0,100,0,128,1,"[100,-64,5,0,16,-20,16,-20,16,-20,16,-21,16,-21,15,-21,14,-20,14,-20,13,-20,13,-20,13,-20,12,-20,12,-21,12,-21,12,-21,12,-20,11,-20,11,-20,11,-19,11,-18,12,-18,12,-17,12,-16,13,-15,13,-14,3,-4,0,0,0,0,0,0,0,0,0,0,0,0,0,0,0,0,0,0,2,-4,10,-16,11,-16,12,-16,13,-16,13,-16,14,-16,15,-15,15,-15,16,-16,17,-16,17,-16,18,-16,18,-16,18,-16,18,-15,18,-15,18,-15,18,-16,17,-17,17,-17,17,-18,17,-19,17,-19,17,-19,18,-20,18,-20]"
CSI_DATA,225755,d8:b1:90:db:e8:90,-51,11,1,7,0,0,1,0,0,0,1,-96,0,4,0,-804657506,0,100,0,128,1,"[100,-64,5,0,-15,21,-15,21,-14,21,-14,21,-14,21,-14,21,-13,21,-12,21,-12,20,-11,20,-11,21,-11,21,-11,21,-11,21,-11,21,-10,21,-10,20,-10,20,-10,19,-11,19,-11,18,-11,17,-12,16,-12,16,-13,15,-4,3,0,0,0,0,0,0,0,0,0,0,0,0,0,0,0,0,0,0,-2,4,-8,17,-9,17,-10,17,-11,17,-11,17,-12,17,-13,17,-13,18,-14,18,-15,18,-16,18,-16,18,-16,18,-16,18,-16,17,-17,17,-16,17,-16,18,-16,18,-15,19,-15,20,-15,20,-15,21,-15,21,-15,21,-15,22]"
CSI_DATA,225756,d8:b1:90:db:e8:90,-51,11,1,7,0,0,1,0,0,0,1,-96,0,4,0,-804645331,0,100,0,128,1,"[100,-64,5,0,22,-15,22,-15,22,-15,21,-16,21,-16,21,-16,20,-16,20,-16,19,-16,19,-16,19,-17,18,-17,18,-16,18,-16,18,-16,18,-17,17,-16,17,-16,18,-15,18,-15,17,-14,17,-13,17,-12,17,-11,17,-10,4,-3,0,0,0,0,0,0,0,0,0,0,0,0,0,0,0,0,0,0,3,-4,15,-13,16,-12,17,-12,17,-11,18,-11,19,-11,19,-11,20,-11,20,-11,20,-11,21,-11,21,-10,21,-10,21,-11,22,-11,22,-11,22,-12,22,-12,21,-12,21,-13,22,-13,22,-14,22,-15,22,-15,22,-15,23,-15]"
CSI_DATA,225757,d8:b1:90:db:e8:90,-51,11,1,7,0,0,1,0,0,0,1,-96,0,4,0,-804630465,0,100,0,128,1,"[100,-64,5,0,-17,20,-17,20,-16,20,-16,21,-15,21,-15,21,-15,20,-14,20,-14,20,-13,20,-13,20,-13,20,-12,20,-12,20,-12,20,-12,19,-11,19,-12,18,-12,18,-12,18,-12,17,-12,17,-13,16,-13,16,-14,15,-4,3,0,0,0,0,0,0,0,0,0,0,0,0,0,0,0,0,0,0,-3,4,-12,16,-13,15,-14,15,-14,15,-15,15,-15,15,-16,15,-16,16,-17,16,-17,16,-18,15,-18,15,-18,15,-18,15,-19,16,-19,16,-19,16,-18,17,-18,17,-17,17,-17,18,-17,19,-17,20,-17,20,-17,21,-17,21]"
CSI_DATA,225758,d8:b1:90:db:e8:90,-51,11,1,7,0,0,1,0,0,0,1,-96,0,4,0,-804619284,0,100,0,128,1,"[100,-64,5,0,-26,7,-25,7,-25,7,-24,7,-24,8,-24,8,-23,8,-23,9,-22,9,-22,9,-22,10,-22,10,-22,10,-21,10,-21,10,-21,10,-21,10,-21,9,-21,8,-20,8,-20,7,-20,7,-20,6,-20,5,-19,4,-5,1,0,0,0,0,0,0,0,0,0,0,0,0,0,0,0,0,0,0,-5,1,-19,6,-19,5,-19,5,-20,4,-20,4,-21,4,-22,3,-22,3,-22,3,-23,2,-24,2,-24,2,-24,2,-24,2,-23,2,-23,2,-23,3,-24,3,-24,4,-25,5,-25,5,-25,6,-26,6,-26,6,-26,6,-26,6]"
CSI_DATA,225759,d8:b1:90:db:e8:90,-52,11,1,7,0,0,1,0,0,0,1,-96,0,4,0,-804606644,0,100,0,128,1,"[100,-64,5,0,-28,-11,-28,-11,-27,-10,-27,-10,-27,-10,-27,-9,-26,-8,-25,-7,-25,-7,-25,-6,-25,-6,-26,-6,-26,-5,-26,-6,-25,-6,-25,-5,-25,-5,-25,-6,-24,-6,-24,-6,-23,-7,-23,-7,-22,-7,-21,-8,-21,-9,-6,-3,0,0,0,0,0,0,0,0,0,0,0,0,0,0,0,0,0,0,-6,-2,-21,-7,-20,-8,-19,-9,-19,-10,-20,-10,-20,-11,-21,-11,-21,-12,-22,-13,-22,-13,-22,-13,-22,-13,-22,-13,-22,-13,-22,-13,-23,-13,-23,-13,-23,-12,-24,-12,-25,-11,-25,-11,-26,-11,-26,-11,-26,-11,-27,-11,-27,-11]"
CSI_DATA,225760,d8:b1:90:db:e8:90,-52,11,1,7,0,0,1,0,0,0,1,-96,0,4,0,-804584158,0,100,0,128,1,"[100,-64,5,0,-24,11,-24,11,-23,11,-23,11,-22,11,-22,11,-21,11,-21,12,-20,12,-20,12,-20,12,-19,12,-19,12,-19,12,-19,12,-19,12,-19,11,-19,11,-19,10,-19,10,-19,9,-18,9,-18,8,-19,8,-19,7,-5,1,0,0,0,0,0,0,0,0,0,0,0,0,0,0,0,0,0,0,-5,2,-17,9,-18,9,-18,8,-18,7,-19,7,-20,7,-20,7,-21,7,-22,7,-22,7,-22,7,-23,7,-22,7,-22,7,-22,6,-23,6,-22,7,-23,7,-23,8,-24,8,-23,9,-23,9,-24,9,-24,10,-24,10,-24,10]"
CSI_DATA,225761,d8:b1:90:db:e8:90,-51,11,1,7,0,0,1,0,0,0,1,-96,0,4,0,-804562301,0,100,0,128,1,"[100,-64,5,0,21,14,22,14,22,13,21,13,20,12,20,12,20,11,20,12,20,12,20,11,21,11,21,11,21,11,21,11,21,11,20,11,20,11,19,11,19,11,18,10,18,10,17,11,17,11,16,12,16,13,3,3,0,0,0,0,0,0,0,0,0,0,0,0,0,0,0,0,0,0,3,2,14,9,14,10,15,10,15,10,15,11,15,12,15,13,15,13,15,14,15,14,16,15,16,15,16,16,16,16,16,15,16,15,16,15,17,15,18,15,19,14,19,14,20,14,20,14,20,14,21,14,21,14]"
CSI_DATA,225762,d8:b1:90:db:e8:90,-51,11,1,7,0,0,1,0,0,0,1,-96,0,4,0,-804547156,0,100,0,128,1,"[100,-64,5,0,23,-13,22,-13,22,-13,22,-13,21,-13,21,-13,21,-13,20,-13,20,-13,20,-13,20,-13,20,-13,20,-13,20,-14,19,-13,19,-13,19,-13,19,-12,19,-12,19,-12,19,-11,18,-9,17,-8,17,-8,17,-8,4,-2,0,0,0,0,0,0,0,0,0,0,0,0,0,0,0,0,0,0,3,-3,14,-10,15,-10,16,-11,16,-11,17,-11,18,-11,19,-10,19,-10,20,-10,21,-10,21,-10,21,-9,22,-9,21,-9,21,-9,21,-9,21,-10,22,-10,22,-11,22,-11,22,-12,22,-13,22,-13,22,-13,23,-13,23,-14]"
CSI_DATA,225763,d8:b1:90:db:e8:90,-51,11,1,7,0,0,1,0,0,0,1,-96,0,4,0,-804533716,0,100,0,128,1,"[100,-64,5,0,13,22,13,22,13,21,13,20,14,19,14,19,14,18,15,18,15,18,15,17,15,17,15,17,15,17,15,17,14,18,14,18,14,17,13,17,13,17,13,17,12,17,11,16,11,16,9,16,8,15,1,3,0,0,0,0,0,0,0,0,0,0,0,0,0,0,0,0,0,0,3,3,12,13,12,14,11,15,10,16,10,16,10,17,10,18,10,19,10,20,9,20,9,21,8,21,8,21,8,21,9,21,9,21,9,21,10,21,11,21,11,21,12,21,13,21,13,21,13,22,13,22,13,22]"
CSI_DATA,225764,d8:b1:90:db:e8:90,-51,11,1,7,0,0,1,0,0,0,1,-96,0,4,0,-804522988,0,100,0,128,1,"[100,-64,5,0,23,-8,22,-8,22,-8,22,-9,22,-9,21,-9,21,-10,20,-10,19,-10,19,-11,19,-11,19,-11,19,-11,19,-11,19,-11,19,-11,18,-10,18,-10,18,-10,18,-9,18,-9,18,-8,17,-7,17,-7,17,-6,4,-2,0,0,0,0,0,0,0,0,0,0,0,0,0,0,0,0,0,0,4,-2,17,-7,17,-7,17,-6,17,-6,18,-5,18,-5,19,-5,19,-5,20,-4,20,-4,20,-4,20,-3,21,-3,21,-4,21,-4,21,-4,22,-5,22,-5,21,-6,21,-6,21,-7,21,-7,22,-7,22,-7,23,-8,24,-8]"
CSI_DATA,225765,d8:b1:90:db:e8:90,-51,11,1,7,0,0,1,0,0,0,1,-96,0,4,0,-804512700,0,100,0,128,1,"[100,-64,5,0,9,-26,9,-26,8,-25,8,-25,8,-25,7,-25,7,-25,6,-25,5,-25,5,-25,4,-25,4,-25,4,-24,4,-25,5,-24,5,-24,5,-23,5,-23,6,-22,6,-22,6,-21,7,-21,7,-20,8,-20,8,-19,2,-5,0,0,0,0,0,0,0,0,0,0,0,0,0,0,0,0,0,0,1,-6,4,-21,5,-21,5,-21,6,-21,7,-21,7,-21,8,-21,9,-21,9,-22,10,-22,10,-22,11,-21,11,-22,11,-22,11,-23,11,-23,10,-23,10,-24,10,-23,9,-23,9,-24,9,-24,9,-25,9,-25,9,-26,9,-27]"
CSI_DATA,225766,d8:b1:90:db:e8:90,-51,11,1,7,0,0,1,0,0,0,1,-96,0,4,0,-804502450,0,100,0,128,1,"[100,-64,5,0,7,-22,7,-22,7,-22,7,-22,6,-23,6,-22,5,-22,5,-22,4,-22,4,-22,3,-22,3,-22,3,-22,3,-21,4,-21,4,-21,4,-21,4,-20,4,-20,5,-19,5,-19,5,-18,6,-18,6,-18,7,-17,1,-5,0,0,0,0,0,0,0,0,0,0,0,0,0,0,0,0,0,0,0,-5,3,-18,4,-18,5,-18,5,-18,6,-18,6,-18,7,-18,7,-19,8,-19,8,-19,9,-19,9,-19,9,-19,9,-19,9,-20,9,-20,9,-20,9,-20,8,-20,8,-21,7,-21,7,-21,7,-22,7,-22,7,-23,8,-24]"
CSI_DATA,225767,d8:b1:90:db:e8:90,-51,11,1,7,0,0,1,0,0,0,1,-96,0,4,0,-804489547,0,100,0,128,1,"[100,-64,5,0,17,-21,17,-21,16,-21,16,-21,16,-20,15,-20,15,-20,14,-20,14,-20,14,-20,13,-20,13,-20,13,-20,13,-20,13,-20,13,-19,13,-19,13,-19,13,-18,13,-17,13,-17,13,-16,13,-15,14,-15,14,-14,3,-4,0,0,0,0,0,0,0,0,0,0,0,0,0,0,0,0,0,0,2,-4,11,-16,11,-16,12,-16,13,-16,13,-15,14,-16,15,-16,15,-16,16,-16,16,-16,16,-17,17,-17,17,-17,17,-17,17,-17,16,-17,16,-18,17,-18,17,-19,16,-19,16,-19,16,-20,16,-20,16,-21,16,-21,17,-21]"
CSI_DATA,225768,d8:b1:90:db:e8:90,-51,11,1,7,0,0,1,0,0,0,1,-96,0,4,0,-804460053,0,100,0,128,1,"[100,-64,5,0,-21,21,-21,21,-20,21,-19,21,-18,21,-17,21,-17,21,-16,21,-16,21,-15,21,-15,21,-16,22,-16,22,-15,22,-15,21,-15,21,-15,21,-15,20,-15,19,-15,18,-16,18,-16,17,-16,16,-17,15,-17,15,-5,3,0,0,0,0,0,0,0,0,0,0,0,0,0,0,0,0,0,0,-4,4,-13,17,-14,17,-15,16,-15,17,-16,17,-16,17,-17,17,-17,16,-18,17,-19,17,-20,16,-20,16,-20,16,-20,16,-20,16,-20,16,-20,17,-20,17,-20,18,-20,18,-20,19,-20,20,-20,20,-21,21,-21,21,-21,21]"
CSI_DATA,225769,d8:b1:90:db:e8:90,-51,11,1,7,0,0,1,0,0,0,1,-96,0,4,0,-804447596,0,100,0,128,1,"[100,-64,5,0,-4,26,-4,25,-4,25,-4,25,-3,25,-3,25,-2,24,-2,24,-1,24,-1,24,-1,24,0,23,0,24,0,24,0,24,-1,23,-1,22,-1,22,-2,21,-3,21,-3,21,-4,20,-4,20,-5,20,-6,19,-2,4,0,0,0,0,0,0,0,0,0,0,0,0,0,0,0,0,0,0,-1,4,-3,19,-4,19,-4,19,-5,19,-5,19,-6,20,-6,20,-6,20,-7,21,-7,21,-8,22,-8,22,-7,22,-7,22,-7,23,-7,23,-6,23,-6,23,-5,24,-5,24,-4,25,-4,25,-3,25,-3,25,-3,26,-3,26]"
CSI_DATA,225770,d8:b1:90:db:e8:90,-51,11,1,7,0,0,1,0,0,0,1,-96,0,4,0,-804434160,0,100,0,128,1,"[100,-64,5,0,-15,22,-15,22,-15,21,-15,21,-15,21,-14,21,-14,21,-13,21,-13,21,-12,21,-12,21,-12,21,-12,21,-11,21,-12,21,-12,20,-12,20,-13,19,-14,18,-13,17,-13,17,-14,17,-13,16,-12,14,-13,14,-4,3,0,0,0,0,0,0,0,0,0,0,0,0,0,0,0,0,0,0,-3,4,-10,17,-11,17,-12,16,-12,16,-13,16,-14,16,-14,16,-15,17,-15,17,-15,17,-16,17,-16,17,-16,18,-16,18,-16,18,-16,18,-16,18,-16,19,-15,19,-15,20,-15,20,-14,21,-14,21,-14,22,-14,22,-15,23]"
CSI_DATA,225771,d8:b1:90:db:e8:90,-51,11,1,7,0,0,1,0,0,0,1,-96,0,4,0,-804423891,0,100,0,128,1,"[100,-64,5,0,-4,-25,-4,-24,-4,-24,-4,-24,-5,-23,-5,-23,-5,-23,-5,-23,-5,-22,-6,-22,-6,-22,-6,-22,-6,-22,-5,-22,-5,-22,-5,-21,-5,-21,-5,-21,-4,-20,-4,-20,-4,-20,-3,-19,-2,-19,-2,-19,-1,-19,-1,-5,0,0,0,0,0,0,0,0,0,0,0,0,0,0,0,0,0,0,-1,-5,-3,-18,-2,-18,-2,-18,-2,-19,-1,-19,-1,-20,0,-20,0,-20,0,-21,1,-21,1,-21,2,-22,2,-22,1,-22,1,-22,1,-22,0,-22,0,-22,-1,-22,-1,-23,-2,-23,-2,-23,-3,-23,-3,-24,-3,-24,-3,-25]"
CSI_DATA,225772,d8:b1:90:db:e8:90,-51,11,1,7,0,0,1,0,0,0,1,-96,0,4,0,-804411928,0,100,0,128,1,"[100,-64,5,0,-31,2,-30,2,-30,3,-29,3,-29,4,-29,4,-28,4,-28,4,-28,4,-27,5,-27,5,-27,5,-27,5,-26,5,-26,5,-26,5,-26,4,-25,4,-25,3,-24,3,-24,2,-24,2,-23,1,-22,0,-22,-1,-6,-1,0,0,0,0,0,0,0,0,0,0,0,0,0,0,0,0,0,0,-6,0,-22,2,-22,1,-23,0,-23,0,-23,0,-24,-1,-25,-2,-26,-2,-26,-2,-27,-3,-27,-4,-27,-4,-27,-4,-27,-4,-26,-3,-26,-3,-26,-2,-27,-2,-27,-2,-28,-1,-29,0,-29,0,-29,1,-29,1,-30,1,-30,1]"
CSI_DATA,225773,d8:b1:90:db:e8:90,-51,11,1,7,0,0,1,0,0,0,1,-96,0,4,0,-804400867,0,100,0,128,1,"[100,-64,5,0,12,-25,11,-25,11,-25,11,-25,10,-24,9,-24,8,-24,8,-24,7,-24,7,-24,7,-24,7,-24,7,-23,7,-23,7,-23,7,-23,7,-23,7,-23,7,-22,7,-21,7,-21,8,-20,8,-20,9,-19,9,-19,2,-5,0,0,0,0,0,0,0,0,0,0,0,0,0,0,0,0,0,0,1,-5,7,-19,8,-19,9,-19,9,-19,10,-19,10,-20,11,-20,12,-20,12,-20,13,-20,14,-20,14,-20,14,-20,14,-20,14,-20,14,-20,14,-21,14,-21,13,-22,13,-22,13,-22,13,-23,13,-23,13,-24,13,-25,13,-25]"
CSI_DATA,225774,d8:b1:90:db:e8:90,-51,11,1,7,0,0,1,0,0,0,1,-96,0,4,0,-804388793,0,100,0,128,1,"[100,-64,5,0,26,12,26,12,26,11,26,11,26,10,25,10,25,9,25,9,25,8,25,8,24,8,24,7,24,7,24,7,24,7,24,7,23,7,23,7,22,7,22,8,21,8,21,8,20,9,19,11,18,11,4,3,0,0,0,0,0,0,0,0,0,0,0,0,0,0,0,0,0,0,4,1,19,7,19,8,19,9,19,10,19,10,19,11,19,11,20,12,20,12,20,13,20,14,20,14,20,14,20,14,21,14,21,14,22,14,22,13,22,13,23,13,24,12,24,12,25,12,26,12,26,13,25,13]"
CSI_DATA,225775,d8:b1:90:db:e8:90,-51,11,1,7,0,0,1,0,0,0,1,-96,0,4,0,-804378138,0,100,0,128,1,"[100,-64,5,0,9,23,10,23,10,23,10,22,10,22,10,22,10,21,11,21,11,20,12,20,12,19,12,19,11,19,11,19,11,19,11,19,11,19,10,19,9,19,9,19,8,19,8,18,7,18,6,19,5,19,1,4,0,0,0,0,0,0,0,0,0,0,0,0,0,0,0,0,0,0,2,4,9,16,8,17,7,17,7,18,6,18,6,19,5,19,5,20,5,21,5,21,5,22,5,22,5,22,5,22,5,22,6,22,6,22,7,22,7,22,7,22,8,22,8,23,9,24,10,24,10,24,9,23]"
CSI_DATA,225776,d8:b1:90:db:e8:90,-51,11,1,7,0,0,1,0,0,0,1,-96,0,4,0,-804357909,0,100,0,128,1,"[100,-64,5,0,22,-9,21,-9,21,-10,21,-10,20,-10,20,-10,19,-11,19,-11,19,-11,19,-11,19,-11,19,-11,18,-11,18,-11,18,-11,18,-11,18,-10,18,-10,17,-10,17,-9,17,-9,17,-8,17,-8,17,-7,17,-6,4,-2,0,0,0,0,0,0,0,0,0,0,0,0,0,0,0,0,0,0,3,-2,15,-7,16,-7,16,-7,16,-6,17,-6,18,-6,18,-6,19,-6,19,-5,20,-5,20,-5,21,-5,21,-5,21,-5,21,-4,21,-5,21,-5,21,-6,21,-6,21,-7,21,-7,22,-8,21,-8,21,-8,22,-8,22,-8]"
CSI_DATA,225777,d8:b1:90:db:e8:90,-51,11,1,7,0,0,1,0,0,0,1,-96,0,4,0,-804345582,0,100,0,128,1,"[100,-64,5,0,20,-17,19,-17,19,-17,19,-17,18,-17,18,-17,17,-17,16,-18,16,-18,16,-18,15,-18,15,-18,15,-18,15,-18,15,-18,15,-17,15,-17,15,-16,15,-16,15,-15,15,-14,16,-13,16,-13,15,-12,15,-11,3,-3,0,0,0,0,0,0,0,0,0,0,0,0,0,0,0,0,0,0,3,-4,14,-13,15,-12,15,-11,16,-11,17,-11,17,-10,18,-10,18,-10,19,-10,19,-10,20,-10,20,-10,20,-10,20,-10,20,-11,20,-11,20,-12,20,-12,20,-13,20,-14,20,-14,20,-15,20,-15,20,-15,20,-16,21,-16]"
CSI_DATA,225778,d8:b1:90:db:e8:90,-51,11,1,7,0,0,1,0,0,0,1,-96,0,4,0,-804332032,0,100,0,128,1,"[100,-64,5,0,-26,-3,-26,-3,-26,-3,-26,-2,-26,-2,-25,-1,-25,-1,-25,0,-25,0,-24,1,-24,1,-24,1,-24,1,-24,1,-24,1,-24,0,-23,0,-23,-1,-23,-1,-22,-1,-21,0,-22,-1,-21,-3,-19,-4,-19,-6,-5,-2,0,0,0,0,0,0,0,0,0,0,0,0,0,0,0,0,0,0,-5,-1,-20,-3,-20,-4,-20,-5,-20,-6,-20,-6,-20,-7,-21,-7,-21,-7,-21,-8,-21,-8,-22,-8,-22,-9,-22,-9,-23,-9,-23,-9,-23,-8,-23,-8,-23,-7,-24,-7,-24,-6,-24,-6,-25,-5,-25,-5,-25,-4,-26,-4,-26,-4]"
CSI_DATA,225779,d8:b1:90:db:e8:90,-51,11,1,7,0,0,1,0,0,0,1,-96,0,4,0,-804320548,0,100,0,128,1,"[100,-64,5,0,-26,8,-26,8,-25,9,-25,9,-24,9,-24,10,-23,10,-23,10,-22,10,-22,11,-22,11,-22,11,-22,11,-22,11,-21,11,-21,11,-21,11,-21,10,-20,10,-20,9,-20,9,-20,8,-20,8,-20,7,-20,6,-5,1,0,0,0,0,0,0,0,0,0,0,0,0,0,0,0,0,0,0,-5,2,-19,7,-19,7,-20,6,-20,6,-20,5,-21,5,-22,5,-23,4,-23,4,-23,4,-23,4,-23,4,-23,4,-23,4,-24,3,-25,3,-25,3,-25,4,-24,5,-24,5,-25,6,-25,7,-25,7,-26,7,-26,8,-26,8]"
CSI_DATA,225780,d8:b1:90:db:e8:90,-68,11,1,7,0,0,1,0,0,0,1,-96,0,4,0,-804307383,0,100,0,128,1,"[100,-64,5,0,28,5,29,5,29,6,29,6,29,6,28,6,28,6,27,7,27,6,27,6,27,5,26,5,26,6,25,5,24,5,24,4,24,4,24,4,23,4,22,3,20,3,20,1,22,2,24,4,26,6,6,1,0,0,0,0,0,0,0,0,0,0,0,0,0,0,0,0,0,0,3,1,15,5,14,6,14,7,14,8,14,8,14,9,14,9,15,9,15,9,15,9,15,9,15,8,15,9,15,9,16,8,17,7,17,7,19,6,20,6,20,6,21,5,22,4,23,4,25,4,25,3,25,4]"
CSI_DATA,225781,d8:b1:90:db:e8:90,-51,11,1,7,0,0,1,0,0,0,1,-96,0,4,0,-804288841,0,100,0,128,1,"[100,-64,5,0,22,-5,22,-5,22,-5,22,-6,22,-6,21,-6,21,-6,20,-7,20,-7,20,-7,20,-7,20,-8,20,-8,20,-8,20,-8,19,-8,19,-7,19,-7,18,-7,18,-6,18,-5,18,-5,18,-4,18,-3,17,-2,4,-1,0,0,0,0,0,0,0,0,0,0,0,0,0,0,0,0,0,0,4,-2,16,-6,16,-5,17,-4,17,-4,17,-3,18,-3,19,-3,20,-2,20,-2,20,-2,20,-2,20,-2,20,-2,20,-2,20,-1,20,-2,21,-2,21,-3,21,-3,21,-4,22,-4,22,-4,22,-5,23,-5,23,-5,23,-5]"
CSI_DATA,225782,d8:b1:90:db:e8:90,-51,11,1,7,0,0,1,0,0,0,1,-96,0,4,0,-804276733,0,100,0,128,1,"[100,-64,5,0,24,-9,23,-9,23,-9,23,-9,23,-10,22,-10,22,-10,21,-11,20,-11,20,-11,20,-11,20,-12,20,-12,20,-12,20,-12,19,-12,19,-11,19,-11,19,-10,19,-9,19,-9,18,-8,18,-7,18,-7,18,-6,4,-2,0,0,0,0,0,0,0,0,0,0,0,0,0,0,0,0,0,0,4,-3,17,-9,17,-8,18,-7,18,-6,19,-6,20,-6,21,-6,21,-6,22,-5,22,-5,22,-5,22,-5,22,-5,22,-5,22,-5,22,-5,23,-5,23,-6,23,-6,23,-7,23,-8,23,-8,24,-8,24,-9,24,-9,24,-9]"
CSI_DATA,225783,d8:b1:90:db:e8:90,-52,11,1,7,0,0,1,0,0,0,1,-96,0,4,0,-804254321,0,100,0,128,1,"[100,-64,5,0,18,21,19,20,19,20,19,20,19,19,19,19,20,18,20,17,20,16,20,16,20,15,20,15,20,15,20,14,20,14,19,14,19,14,19,14,18,14,18,15,17,15,16,15,16,15,15,16,14,16,3,4,0,0,0,0,0,0,0,0,0,0,0,0,0,0,0,0,0,0,3,3,15,14,15,15,14,16,13,17,13,18,13,18,12,19,12,19,13,20,13,20,12,21,12,21,12,21,13,22,13,22,14,21,15,21,15,21,15,20,16,20,17,20,17,20,17,20,18,20,18,21,19,21]"
CSI_DATA,225784,d8:b1:90:db:e8:90,-51,11,1,7,0,0,1,0,0,0,1,-96,0,4,0,-804243852,0,100,0,128,1,"[100,-64,5,0,27,-2,26,-3,26,-3,25,-3,25,-4,24,-4,24,-4,23,-5,23,-5,23,-6,23,-6,23,-6,22,-6,22,-6,22,-6,22,-6,21,-6,21,-5,20,-5,20,-4,20,-4,20,-4,19,-3,19,-2,20,-1,5,-1,0,0,0,0,0,0,0,0,0,0,0,0,0,0,0,0,0,0,4,-1,19,-4,19,-3,19,-2,19,-1,20,-1,20,-1,21,-1,22,0,22,0,22,0,23,0,23,1,23,1,23,1,23,1,23,1,23,1,24,0,24,0,25,0,25,-1,25,-1,26,-1,26,-2,27,-2,27,-2]"
CSI_DATA,225785,d8:b1:90:db:e8:90,-51,11,1,7,0,0,1,0,0,0,1,-96,0,4,0,-804232550,0,100,0,128,1,"[100,-64,5,0,0,-28,0,-28,0,-28,0,-27,-1,-26,-1,-25,-2,-25,-2,-25,-2,-25,-3,-24,-3,-24,-4,-24,-4,-24,-4,-24,-4,-24,-3,-24,-3,-23,-3,-23,-3,-23,-3,-22,-1,-22,0,-21,0,-21,0,-20,1,-19,0,-5,0,0,0,0,0,0,0,0,0,0,0,0,0,0,0,0,0,0,-1,-5,-3,-20,-1,-20,0,-20,1,-21,1,-21,2,-21,2,-22,2,-23,3,-23,3,-24,4,-24,4,-24,3,-24,3,-25,4,-24,4,-24,3,-25,3,-25,3,-25,3,-25,2,-26,2,-27,1,-27,1,-27,1,-28,1,-28]"
CSI_DATA,225786,d8:b1:90:db:e8:90,-51,11,1,7,0,0,1,0,0,0,1,-96,0,4,0,-804220896,0,100,0,128,1,"[100,-64,5,0,-29,-1,-28,-1,-28,0,-27,0,-27,1,-27,2,-26,2,-25,2,-24,3,-24,3,-24,3,-25,3,-24,3,-24,3,-24,3,-24,3,-24,3,-23,3,-22,2,-22,2,-22,2,-22,1,-21,0,-21,-1,-21,-2,-6,-1,0,0,0,0,0,0,0,0,0,0,0,0,0,0,0,0,0,0,-6,0,-21,1,-21,1,-21,0,-21,-1,-22,-1,-22,-2,-23,-2,-24,-2,-24,-2,-25,-3,-25,-4,-25,-4,-25,-5,-25,-4,-25,-4,-25,-4,-25,-3,-26,-3,-26,-2,-26,-2,-26,-1,-26,-1,-26,-1,-27,-1,-28,-1,-28,-1]"
CSI_DATA,225787,d8:b1:90:db:e8:90,-51,11,1,7,0,0,1,0,0,0,1,-96,0,4,0,-804210366,0,100,0,128,1,"[100,-64,5,0,11,-25,10,-25,10,-25,10,-25,10,-24,9,-24,8,-24,7,-23,7,-23,6,-23,6,-23,6,-23,6,-23,6,-23,6,-23,6,-23,7,-23,7,-22,7,-22,7,-21,7,-20,7,-19,8,-19,9,-19,10,-19,2,-5,0,0,0,0,0,0,0,0,0,0,0,0,0,0,0,0,0,0,1,-5,5,-19,6,-19,7,-19,8,-19,8,-19,9,-19,10,-20,10,-20,11,-21,11,-21,12,-21,12,-21,12,-21,12,-21,12,-21,12,-22,12,-22,12,-22,12,-22,11,-23,11,-23,11,-24,11,-24,11,-24,11,-24,11,-25]"
CSI_DATA,225788,d8:b1:90:db:e8:90,-51,11,1,7,0,0,1,0,0,0,1,-96,0,4,0,-804200099,0,100,0,128,1,"[100,-64,5,0,16,25,16,24,17,24,17,23,17,23,17,22,17,22,17,22,17,21,17,21,17,20,18,20,18,20,18,20,17,20,17,19,17,19,17,19,16,19,15,19,14,19,13,19,13,19,11,20,10,20,2,5,0,0,0,0,0,0,0,0,0,0,0,0,0,0,0,0,0,0,3,4,12,18,12,18,11,19,11,20,11,20,10,21,10,22,10,23,10,23,10,24,10,24,10,24,10,24,10,25,10,25,10,25,11,25,12,25,12,25,13,25,14,25,15,25,15,26,16,26,16,26,17,26]"
CSI_DATA,225789,d8:b1:90:db:e8:90,-51,11,1,7,0,0,1,0,0,0,1,-96,0,4,0,-804176397,0,100,0,128,1,"[100,-64,5,0,-27,-2,-26,-2,-26,-1,-26,-1,-26,0,-25,0,-25,1,-25,1,-24,1,-24,2,-24,2,-24,2,-24,2,-24,2,-23,2,-23,2,-22,2,-22,1,-21,1,-21,0,-21,0,-21,0,-20,-1,-20,-3,-20,-4,-5,-1,0,0,0,0,0,0,0,0,0,0,0,0,0,0,0,0,0,0,-5,0,-19,1,-19,1,-19,0,-20,-1,-20,-1,-21,-2,-21,-2,-22,-2,-22,-3,-23,-3,-23,-4,-23,-4,-23,-4,-23,-4,-23,-4,-23,-4,-24,-4,-24,-3,-24,-3,-25,-2,-25,-2,-26,-2,-26,-1,-27,-1,-27,-1,-27,-1]"
CSI_DATA,225790,d8:b1:90:db:e8:90,-52,11,1,7,0,0,1,0,0,0,1,-96,0,4,0,-804148391,0,100,0,128,1,"[100,-64,5,0,-29,8,-29,8,-28,8,-27,9,-27,9,-26,9,-25,9,-25,9,-25,10,-24,10,-24,10,-25,10,-25,10,-24,11,-24,10,-24,10,-24,9,-24,8,-23,8,-23,7,-22,7,-22,6,-22,6,-22,5,-22,4,-6,1,0,0,0,0,0,0,0,0,0,0,0,0,0,0,0,0,0,0,-5,1,-21,7,-21,6,-22,6,-22,5,-23,5,-23,4,-23,3,-24,3,-24,3,-25,3,-25,3,-26,3,-26,3,-26,3,-26,3,-27,3,-27,4,-27,4,-27,5,-27,6,-27,6,-27,7,-28,7,-28,8,-29,8,-29,8]"
CSI_DATA,225791,d8:b1:90:db:e8:90,-51,11,1,7,0,0,1,0,0,0,1,-96,0,4,0,-804135633,0,100,0,128,1,"[100,-64,5,0,11,23,11,23,11,23,11,22,12,22,12,21,12,21,12,21,12,21,13,20,12,20,12,20,12,20,12,19,12,19,11,19,10,19,10,19,10,19,10,19,9,19,8,19,7,19,7,19,6,19,1,4,0,0,0,0,0,0,0,0,0,0,0,0,0,0,0,0,0,0,2,3,10,16,10,16,9,17,9,18,8,19,8,19,8,19,8,19,7,20,7,20,7,21,7,21,7,21,7,22,7,22,8,22,8,22,9,22,9,22,10,22,11,22,11,23,12,23,12,23,12,24,12,24]"
CSI_DATA,225792,d8:b1:90:db:e8:90,-51,11,1,7,0,0,1,0,0,0,1,-96,0,4,0,-804120848,0,100,0,128,1,"[100,-64,5,0,15,-22,15,-22,14,-22,14,-21,13,-21,13,-21,12,-21,12,-21,12,-21,11,-21,11,-21,10,-21,10,-21,10,-21,10,-21,10,-21,9,-21,9,-20,9,-20,9,-20,9,-20,11,-18,11,-18,12,-18,14,-17,3,-5,0,0,0,0,0,0,0,0,0,0,0,0,0,0,0,0,0,0,2,-4,11,-16,11,-16,12,-16,13,-15,13,-16,14,-16,14,-16,15,-16,16,-16,16,-17,16,-17,17,-17,17,-17,16,-17,16,-17,16,-18,15,-18,15,-19,15,-19,14,-20,14,-20,14,-20,15,-20,15,-20,15,-21,15,-22]"
CSI_DATA,225793,d8:b1:90:db:e8:90,-51,11,1,7,0,0,1,0,0,0,1,-96,0,4,0,-804109353,0,100,0,128,1,"[100,-64,5,0,23,12,23,12,23,12,22,11,22,11,22,10,22,10,21,9,21,9,21,9,21,8,22,8,22,8,21,8,21,8,21,8,21,8,20,8,20,8,20,8,20,9,19,9,18,10,17,10,16,10,4,2,0,0,0,0,0,0,0,0,0,0,0,0,0,0,0,0,0,0,4,1,18,6,17,7,17,8,17,9,17,10,18,10,18,10,18,11,19,12,19,12,19,13,19,13,19,13,19,13,20,12,20,12,20,12,20,12,21,11,21,11,22,11,22,11,22,11,22,12,23,12,23,12]"
CSI_DATA,225794,d8:b1:90:db:e8:90,-51,11,1,7,0,0,1,0,0,0,1,-96,0,4,0,-804098753,0,100,0,128,1,"[100,-64,5,0,26,-1,25,-1,25,-1,25,-2,24,-2,24,-3,23,-3,23,-3,23,-3,23,-4,23,-4,23,-4,22,-4,22,-4,22,-4,22,-4,21,-4,21,-3,20,-3,20,-3,20,-2,20,-2,19,-1,19,0,19,1,4,0,0,0,0,0,0,0,0,0,0,0,0,0,0,0,0,0,0,0,4,-1,19,-2,19,-1,18,0,18,1,19,1,20,2,20,3,21,3,21,3,22,4,22,4,22,5,22,5,23,4,23,3,23,3,23,2,23,2,23,2,24,2,24,1,24,1,24,1,25,1,25,0,25,0]"
CSI_DATA,225795,d8:b1:90:db:e8:90,-51,11,1,7,0,0,1,0,0,0,1,-96,0,4,0,-804082414,0,100,0,128,1,"[100,-64,5,0,7,-29,7,-29,7,-29,6,-29,5,-28,5,-28,5,-28,5,-27,4,-27,4,-27,3,-27,3,-27,3,-27,3,-27,3,-26,4,-26,4,-26,4,-25,5,-25,5,-25,5,-24,6,-23,7,-23,7,-22,8,-22,2,-6,0,0,0,0,0,0,0,0,0,0,0,0,0,0,0,0,0,0,0,-6,3,-22,3,-22,4,-22,5,-22,6,-23,7,-23,8,-22,8,-22,9,-23,9,-23,10,-23,10,-23,10,-24,10,-24,10,-25,10,-25,10,-25,9,-26,9,-26,8,-26,8,-27,8,-27,8,-27,8,-28,7,-29,7,-29]"
CSI_DATA,225796,d8:b1:90:db:e8:90,-51,11,1,7,0,0,1,0,0,0,1,-96,0,4,0,-804070597,0,100,0,128,1,"[100,-64,5,0,3,23,4,23,4,23,4,22,5,22,5,22,5,21,5,21,5,20,6,20,6,20,6,20,6,20,6,20,6,20,6,19,6,19,5,19,5,19,5,19,4,19,3,18,3,18,2,18,1,17,0,4,0,0,0,0,0,0,0,0,0,0,0,0,0,0,0,0,0,0,1,4,4,17,3,17,2,17,1,18,1,18,1,18,0,18,0,19,0,19,-1,19,-1,20,-1,20,-1,20,-1,20,-1,21,-1,21,0,21,0,21,1,21,2,21,2,22,2,22,2,23,3,23,3,23,3,23]"
CSI_DATA,225797,d8:b1:90:db:e8:90,-51,11,1,7,0,0,1,0,0,0,1,-96,0,4,0,-804049783,0,100,0,128,1,"[100,-64,5,0,-14,26,-13,26,-13,26,-13,25,-12,25,-12,25,-11,25,-11,25,-11,24,-10,24,-10,24,-10,24,-10,25,-9,25,-9,24,-9,24,-9,23,-9,23,-10,22,-10,22,-10,21,-10,20,-11,20,-12,19,-13,18,-4,4,0,0,0,0,0,0,0,0,0,0,0,0,0,0,0,0,0,0,-2,4,-9,19,-10,19,-11,19,-12,19,-12,19,-13,19,-14,19,-14,20,-15,20,-15,20,-15,21,-15,20,-16,21,-16,21,-16,21,-16,22,-15,22,-15,22,-14,23,-14,23,-14,24,-14,24,-14,25,-14,26,-14,26,-13,27]"
CSI_DATA,225798,d8:b1:90:db:e8:90,-51,11,1,7,0,0,1,0,0,0,1,-96,0,4,0,-804037999,0,100,0,128,1,"[100,-64,5,0,25,5,25,4,25,4,25,3,24,2,24,2,24,2,23,2,22,1,22,1,22,1,22,0,22,0,22,0,22,0,22,1,21,1,21,1,20,1,20,1,20,2,19,2,19,3,19,4,18,5,4,1,0,0,0,0,0,0,0,0,0,0,0,0,0,0,0,0,0,0,4,0,19,1,19,2,19,3,19,4,19,4,19,5,20,5,20,6,20,6,20,7,20,7,20,7,21,8,21,8,22,8,22,7,22,7,23,7,22,6,23,5,23,5,24,5,24,4,24,4,25,4,26,4]"
CSI_DATA,225799,d8:b1:90:db:e8:90,-51,11,1,7,0,0,1,0,0,0,1,-96,0,4,0,-804023352,0,100,0,128,1,"[100,-64,5,0,-26,-10,-26,-9,-26,-8,-26,-8,-26,-7,-25,-7,-25,-6,-24,-5,-24,-4,-24,-4,-24,-3,-24,-3,-24,-2,-24,-2,-24,-3,-23,-3,-23,-3,-22,-4,-22,-4,-22,-3,-23,-3,-23,-4,-22,-4,-20,-6,-18,-8,-5,-3,0,0,0,0,0,0,0,0,0,0,0,0,0,0,0,0,0,0,-5,-2,-19,-5,-19,-7,-19,-8,-19,-9,-19,-10,-20,-10,-20,-11,-21,-11,-21,-11,-21,-12,-21,-12,-21,-12,-21,-12,-21,-13,-21,-13,-21,-12,-22,-12,-22,-12,-22,-12,-22,-11,-23,-11,-23,-11,-24,-11,-24,-10,-25,-10,-26,-10]"
CSI_DATA,225800,d8:b1:90:db:e8:90,-51,11,1,7,0,0,1,0,0,0,1,-96,0,4,0,-804012489,0,100,0,128,1,"[100,-64,5,0,-20,13,-20,14,-19,14,-19,14,-18,14,-17,15,-17,15,-16,15,-15,15,-15,15,-15,15,-15,16,-14,16,-14,15,-14,15,-14,15,-14,14,-14,14,-14,14,-14,13,-14,13,-14,13,-14,12,-15,11,-15,11,-4,2,0,0,0,0,0,0,0,0,0,0,0,0,0,0,0,0,0,0,-4,2,-14,11,-14,11,-15,10,-16,9,-16,9,-17,9,-18,9,-18,9,-18,9,-19,9,-19,9,-19,9,-19,9,-19,9,-20,9,-20,9,-19,9,-19,10,-19,10,-19,10,-19,11,-19,11,-19,12,-19,12,-20,13,-21,13]"
CSI_DATA,225801,d8:b1:90:db:e8:90,-52,11,1,7,0,0,1,0,0,0,1,-96,0,4,0,-803999124,0,100,0,128,1,"[100,-64,5,0,22,-19,21,-19,21,-19,20,-19,19,-19,19,-19,18,-19,18,-19,18,-19,17,-19,17,-20,16,-20,16,-21,16,-21,15,-21,15,-20,15,-20,15,-19,15,-19,15,-18,15,-18,15,-17,15,-16,15,-16,16,-15,4,-4,0,0,0,0,0,0,0,0,0,0,0,0,0,0,0,0,0,0,3,-5,13,-17,14,-16,15,-15,16,-15,17,-15,17,-15,18,-15,19,-15,19,-15,20,-15,21,-15,21,-14,21,-14,21,-15,21,-15,21,-16,21,-16,21,-17,21,-16,21,-16,21,-17,21,-18,22,-18,22,-18,23,-18,22,-19]"
CSI_DATA,225802,d8:b1:90:db:e8:90,-51,11,1,7,0,0,1,0,0,0,1,-96,0,4,0,-803985118,0,100,0,128,1,"[100,-64,5,0,20,-18,20,-18,19,-18,19,-18,18,-18,17,-18,17,-18,17,-18,16,-18,16,-18,16,-18,15,-19,15,-19,15,-19,15,-20,14,-19,14,-19,14,-19,14,-18,14,-18,14,-17,15,-16,15,-15,15,-14,15,-14,3,-4,0,0,0,0,0,0,0,0,0,0,0,0,0,0,0,0,0,0,3,-5,12,-17,13,-16,14,-16,15,-15,16,-15,16,-15,17,-15,17,-16,18,-16,19,-15,20,-14,20,-14,20,-14,20,-14,20,-15,19,-16,20,-16,20,-16,20,-16,19,-16,19,-16,20,-17,21,-17,21,-17,21,-18,21,-18]"
CSI_DATA,225803,d8:b1:90:db:e8:90,-51,11,1,7,0,0,1,0,0,0,1,-96,0,4,0,-803974937,0,100,0,128,1,"[100,-64,5,0,-3,27,-2,26,-2,26,-1,25,-1,25,0,24,0,24,1,24,1,24,2,24,2,24,2,24,2,24,3,23,2,23,2,23,2,22,2,22,1,22,0,22,-1,21,-1,20,-2,20,-3,20,-4,20,-2,5,0,0,0,0,0,0,0,0,0,0,0,0,0,0,0,0,0,0,0,4,1,19,0,20,-1,20,-1,20,-2,21,-2,21,-3,22,-4,22,-4,22,-4,23,-5,23,-5,23,-5,24,-5,24,-4,24,-4,24,-4,24,-4,24,-4,24,-3,24,-3,25,-3,25,-3,25,-3,25,-3,26,-2,26]"
CSI_DATA,225804,d8:b1:90:db:e8:90,-51,11,1,7,0,0,1,0,0,0,1,-96,0,4,0,-803948080,0,100,0,128,1,"[100,-64,5,0,21,19,21,18,21,18,21,17,21,16,21,16,21,15,21,15,21,14,22,14,21,14,21,13,21,13,21,13,21,13,21,13,21,13,20,13,19,13,19,14,18,14,17,14,16,14,15,15,15,15,3,4,0,0,0,0,0,0,0,0,0,0,0,0,0,0,0,0,0,0,4,2,18,11,18,12,17,13,17,14,17,15,17,15,17,16,17,16,17,17,17,17,17,18,17,18,17,18,17,19,18,19,18,18,18,18,19,18,19,18,20,18,21,18,21,18,21,18,21,18,22,18,22,18]"
CSI_DATA,225805,d8:b1:90:db:e8:90,-51,11,1,7,0,0,1,0,0,0,1,-96,0,4,0,-803936097,0,100,0,128,1,"[100,-64,5,0,-8,23,-7,23,-7,23,-7,22,-7,22,-6,22,-6,21,-5,21,-5,21,-5,21,-4,21,-4,21,-4,21,-4,21,-4,21,-4,21,-4,20,-4,20,-4,20,-5,19,-5,19,-5,18,-6,18,-6,17,-7,16,-2,4,0,0,0,0,0,0,0,0,0,0,0,0,0,0,0,0,0,0,-1,4,-4,17,-5,17,-6,17,-6,17,-7,17,-7,17,-8,18,-9,18,-9,19,-9,19,-10,19,-10,19,-10,19,-10,20,-10,20,-10,20,-9,20,-9,20,-9,20,-9,21,-8,22,-8,22,-8,22,-8,23,-8,23,-8,24]"
CSI_DATA,225806,d8:b1:90:db:e8:90,-51,11,1,7,0,0,1,0,0,0,1,-96,0,4,0,-803924813,0,100,0,128,1,"[100,-64,5,0,-16,-23,-16,-23,-16,-22,-16,-22,-16,-21,-16,-21,-16,-20,-16,-20,-16,-20,-16,-19,-16,-19,-16,-19,-16,-19,-16,-19,-16,-19,-16,-19,-15,-19,-15,-18,-14,-18,-13,-18,-13,-18,-13,-18,-12,-18,-10,-18,-9,-19,-3,-5,0,0,0,0,0,0,0,0,0,0,0,0,0,0,0,0,0,0,-4,-4,-14,-15,-13,-16,-13,-16,-12,-17,-12,-17,-12,-18,-12,-19,-12,-19,-12,-20,-12,-21,-12,-21,-12,-21,-12,-22,-12,-22,-12,-22,-12,-22,-13,-21,-13,-21,-13,-22,-14,-22,-14,-22,-15,-22,-15,-22,-15,-22,-15,-23,-16,-23]"
CSI_DATA,225807,d8:b1:90:db:e8:90,-51,11,1,7,0,0,1,0,0,0,1,-96,0,4,0,-803912531,0,100,0,128,1,"[100,-64,5,0,-24,-12,-24,-11,-24,-11,-24,-11,-24,-10,-24,-10,-23,-10,-23,-10,-23,-10,-23,-9,-23,-8,-23,-8,-23,-8,-23,-8,-23,-9,-22,-8,-22,-8,-21,-9,-21,-9,-20,-10,-19,-11,-19,-11,-18,-11,-17,-12,-16,-12,-4,-3,0,0,0,0,0,0,0,0,0,0,0,0,0,0,0,0,0,0,-5,-2,-19,-8,-18,-9,-18,-10,-18,-11,-18,-11,-18,-12,-18,-12,-19,-12,-19,-13,-19,-14,-19,-14,-20,-14,-20,-14,-20,-14,-20,-14,-20,-14,-21,-13,-21,-13,-21,-13,-21,-13,-22,-13,-22,-13,-22,-12,-23,-12,-23,-12,-25,-12]"
CSI_DATA,225808,d8:b1:90:db:e8:90,-51,11,1,7,0,0,1,0,0,0,1,-96,0,4,0,-803901574,0,100,0,128,1,"[100,-64,5,0,-28,1,-28,1,-27,1,-27,2,-27,2,-26,2,-26,3,-25,3,-25,4,-25,5,-25,5,-24,5,-24,5,-24,5,-24,5,-24,5,-23,5,-23,4,-22,3,-22,3,-22,2,-22,2,-21,2,-21,1,-21,0,-6,-1,0,0,0,0,0,0,0,0,0,0,0,0,0,0,0,0,0,0,-6,0,-21,1,-21,0,-21,-1,-22,-1,-22,-2,-23,-2,-23,-3,-23,-3,-24,-3,-24,-4,-24,-3,-24,-3,-24,-4,-25,-4,-25,-3,-25,-3,-26,-2,-26,-2,-25,-2,-25,-2,-26,-2,-26,-1,-27,0,-27,0,-28,0,-28,1]"
CSI_DATA,225809,d8:b1:90:db:e8:90,-51,11,1,7,0,0,1,0,0,0,1,-96,0,4,0,-803891450,0,100,0,128,1,"[100,-64,5,0,-23,-16,-23,-16,-23,-15,-23,-15,-23,-14,-22,-14,-22,-13,-22,-13,-22,-12,-22,-12,-23,-12,-23,-11,-23,-11,-22,-11,-22,-11,-22,-11,-21,-11,-21,-11,-20,-12,-19,-12,-18,-12,-18,-12,-17,-13,-17,-14,-16,-14,-4,-4,0,0,0,0,0,0,0,0,0,0,0,0,0,0,0,0,0,0,-5,-3,-18,-10,-18,-11,-18,-12,-18,-13,-18,-13,-18,-14,-18,-15,-18,-15,-18,-16,-18,-16,-18,-16,-18,-17,-18,-17,-19,-17,-19,-17,-19,-17,-20,-17,-20,-17,-20,-16,-20,-16,-20,-16,-21,-16,-22,-16,-22,-16,-22,-16,-23,-16]"
CSI_DATA,225810,d8:b1:90:db:e8:90,-51,11,1,7,0,0,1,0,0,0,1,-96,0,4,0,-803877410,0,100,0,128,1,"[100,-64,5,0,-17,24,-16,24,-16,24,-15,24,-14,24,-14,24,-13,24,-13,24,-12,24,-12,23,-11,23,-11,23,-11,23,-10,23,-10,23,-11,23,-11,22,-11,22,-11,21,-11,20,-12,20,-12,19,-12,18,-13,18,-14,17,-4,4,0,0,0,0,0,0,0,0,0,0,0,0,0,0,0,0,0,0,-3,4,-11,18,-12,18,-13,18,-14,18,-14,18,-15,18,-16,18,-16,19,-17,19,-18,19,-18,19,-18,19,-18,19,-18,19,-18,20,-18,20,-18,20,-18,20,-17,20,-17,21,-17,22,-17,22,-17,23,-17,23,-16,24,-16,24]"
CSI_DATA,225811,d8:b1:90:db:e8:90,-51,11,1,7,0,0,1,0,0,0,1,-96,0,4,0,-803866249,0,100,0,128,1,"[100,-64,5,0,27,-7,26,-7,26,-7,26,-8,26,-8,26,-9,25,-9,25,-9,25,-9,24,-10,24,-10,24,-10,24,-10,23,-10,23,-10,24,-10,24,-9,23,-9,23,-8,22,-8,22,-8,22,-7,22,-6,21,-5,21,-4,5,-1,0,0,0,0,0,0,0,0,0,0,0,0,0,0,0,0,0,0,5,-2,20,-7,20,-6,21,-5,21,-4,22,-4,23,-3,23,-3,24,-3,25,-3,25,-3,25,-2,25,-2,25,-2,25,-2,25,-2,26,-2,26,-3,26,-3,26,-4,26,-5,26,-6,27,-6,27,-6,27,-6,27,-7,28,-8]"
CSI_DATA,225812,d8:b1:90:db:e8:90,-51,11,1,7,0,0,1,0,0,0,1,-96,0,4,0,-803845554,0,100,0,128,1,"[100,-64,5,0,-18,20,-18,20,-17,20,-17,20,-16,20,-16,20,-15,20,-15,19,-15,19,-14,19,-14,19,-14,20,-13,20,-13,20,-13,20,-14,19,-14,19,-14,18,-14,17,-13,17,-13,16,-13,16,-14,15,-15,15,-16,14,-4,3,0,0,0,0,0,0,0,0,0,0,0,0,0,0,0,0,0,0,-3,3,-12,15,-13,15,-13,15,-14,15,-14,15,-15,15,-16,15,-17,15,-18,15,-18,16,-18,16,-18,15,-18,15,-18,16,-18,16,-19,16,-18,17,-18,17,-18,18,-17,18,-17,18,-17,19,-18,19,-18,19,-18,20,-19,21]"
CSI_DATA,225813,d8:b1:90:db:e8:90,-51,11,1,7,0,0,1,0,0,0,1,-96,0,4,0,-803832170,0,100,0,128,1,"[100,-64,5,0,-8,26,-8,26,-7,25,-7,24,-7,24,-7,24,-6,24,-6,24,-5,24,-5,24,-5,24,-5,23,-4,23,-4,23,-4,23,-5,23,-5,23,-5,22,-5,21,-6,21,-6,20,-6,19,-7,19,-7,19,-8,18,-2,4,0,0,0,0,0,0,0,0,0,0,0,0,0,0,0,0,0,0,-1,4,-4,19,-4,19,-5,19,-6,19,-6,19,-7,20,-7,20,-8,20,-9,20,-9,21,-9,21,-10,21,-10,21,-10,22,-10,21,-9,21,-9,21,-9,22,-9,23,-8,23,-8,24,-7,25,-7,25,-7,25,-8,25,-8,26]"
CSI_DATA,225814,d8:b1:90:db:e8:90,-51,11,1,7,0,0,1,0,0,0,1,-96,0,4,0,-803820734,0,100,0,128,1,"[100,-64,5,0,15,20,15,20,15,20,15,20,15,19,15,18,15,18,15,18,15,17,16,17,16,16,16,16,16,16,15,16,15,16,15,17,15,17,14,16,13,16,12,16,11,15,10,14,11,14,10,14,9,14,2,3,0,0,0,0,0,0,0,0,0,0,0,0,0,0,0,0,0,0,3,3,13,13,12,14,11,15,11,15,11,16,11,16,11,17,11,17,11,18,11,18,11,19,11,19,11,19,11,19,11,19,11,19,11,19,12,19,13,20,13,20,14,20,14,20,14,19,15,19,15,20,16,20]"
CSI_DATA,225815,d8:b1:90:db:e8:90,-51,11,1,7,0,0,1,0,0,0,1,-96,0,4,0,-803809683,0,100,0,128,1,"[100,-64,5,0,-3,29,-3,29,-2,28,-1,28,0,28,0,28,1,27,1,27,2,26,2,26,2,26,2,26,2,26,2,26,2,25,2,25,2,24,2,24,1,24,1,23,0,23,0,22,-1,22,-2,21,-2,21,-1,5,0,0,0,0,0,0,0,0,0,0,0,0,0,0,0,0,0,0,0,5,2,21,1,21,-1,21,-2,21,-2,22,-3,22,-4,23,-5,24,-6,24,-6,24,-8,24,-9,24,-8,25,-8,25,-8,25,-8,25,-7,25,-7,26,-6,26,-5,26,-4,27,-4,27,-4,27,-4,28,-3,29,-3,29]"
CSI_DATA,225816,d8:b1:90:db:e8:90,-51,11,1,7,0,0,1,0,0,0,1,-96,0,4,0,-803798097,0,100,0,128,1,"[100,-64,5,0,-24,13,-23,13,-23,13,-23,13,-23,13,-22,14,-22,14,-21,14,-20,15,-20,15,-19,15,-19,15,-19,15,-18,15,-18,15,-18,14,-18,14,-18,13,-18,13,-18,12,-18,11,-18,11,-18,10,-18,10,-19,9,-5,2,0,0,0,0,0,0,0,0,0,0,0,0,0,0,0,0,0,0,-4,3,-16,13,-17,12,-18,10,-19,10,-19,10,-20,9,-21,9,-21,9,-22,9,-22,9,-22,9,-22,8,-23,8,-23,8,-23,9,-23,9,-24,9,-24,10,-23,10,-23,10,-24,11,-23,12,-23,12,-23,13,-23,13,-24,13]"
CSI_DATA,225817,d8:b1:90:db:e8:90,-51,11,1,7,0,0,1,0,0,0,1,-96,0,4,0,-803787776,0,100,0,128,1,"[100,-64,5,0,28,-5,27,-5,27,-6,27,-7,27,-7,27,-7,26,-7,26,-7,25,-8,24,-9,24,-9,24,-9,24,-9,24,-9,24,-9,23,-9,23,-9,22,-8,22,-7,22,-7,22,-6,22,-5,21,-5,21,-4,21,-4,5,-1,0,0,0,0,0,0,0,0,0,0,0,0,0,0,0,0,0,0,5,-2,20,-8,20,-7,21,-6,21,-5,22,-4,23,-4,23,-3,24,-3,25,-2,25,-2,25,-2,25,-2,25,-1,26,-1,26,-1,26,-1,26,-2,27,-3,27,-3,27,-3,27,-4,27,-5,27,-5,28,-5,28,-6,28,-7]"
CSI_DATA,225818,d8:b1:90:db:e8:90,-51,11,1,7,0,0,1,0,0,0,1,-96,0,4,0,-803767441,0,100,0,128,1,"[100,-64,5,0,13,20,13,20,13,19,12,19,13,18,13,17,13,17,13,17,13,17,13,16,14,16,14,16,14,16,14,16,13,16,13,16,13,15,12,15,12,15,11,15,11,15,10,15,9,15,8,16,8,16,1,4,0,0,0,0,0,0,0,0,0,0,0,0,0,0,0,0,0,0,2,3,11,13,11,14,10,14,10,15,10,15,9,16,9,16,9,17,9,17,8,18,8,18,8,19,9,19,8,19,8,19,8,19,9,19,9,19,10,19,10,19,11,19,11,19,12,19,12,19,12,19,13,20]"
CSI_DATA,225819,d8:b1:90:db:e8:90,-51,11,1,7,0,0,1,0,0,0,1,-96,0,4,0,-803741376,0,100,0,128,1,"[100,-64,5,0,21,18,21,18,21,18,21,17,21,17,21,16,21,15,22,14,22,14,22,13,22,13,21,12,21,12,21,12,21,12,20,12,20,13,19,13,19,13,18,13,18,12,17,12,16,13,15,14,14,14,3,3,0,0,0,0,0,0,0,0,0,0,0,0,0,0,0,0,0,0,4,3,17,12,16,13,15,14,15,15,15,15,15,16,15,17,15,18,15,19,15,19,15,19,15,19,15,20,15,20,16,19,16,19,17,19,18,19,18,19,19,19,19,19,20,18,21,17,21,17,21,18,21,18]"
CSI_DATA,225820,d8:b1:90:db:e8:90,-51,11,1,7,0,0,1,0,0,0,1,-96,0,4,0,-803731167,0,100,0,128,1,"[100,-64,5,0,13,20,13,19,13,19,13,18,13,18,13,17,13,17,13,16,13,16,13,16,13,15,13,15,13,15,13,15,13,15,13,15,13,15,12,15,11,15,11,15,10,14,10,14,9,15,8,15,7,16,1,4,0,0,0,0,0,0,0,0,0,0,0,0,0,0,0,0,0,0,2,3,10,13,10,13,10,14,9,15,9,15,9,15,9,16,9,16,9,17,9,17,9,18,9,18,9,18,9,18,9,18,9,19,10,19,10,19,10,19,11,19,11,19,12,19,12,20,12,20,12,20,13,20]"
CSI_DATA,225821,d8:b1:90:db:e8:90,-51,11,1,7,0,0,1,0,0,0,1,-96,0,4,0,-803717586,0,100,0,128,1,"[100,-64,5,0,-28,-4,-28,-3,-28,-3,-27,-2,-27,-2,-26,-2,-26,-1,-25,-1,-25,0,-25,1,-25,1,-25,0,-25,0,-24,0,-24,0,-25,0,-24,0,-23,-1,-22,-2,-21,-2,-21,-2,-22,-3,-22,-3,-21,-4,-20,-4,-5,-1,0,0,0,0,0,0,0,0,0,0,0,0,0,0,0,0,0,0,-6,0,-21,-1,-21,-2,-21,-3,-21,-4,-21,-4,-22,-4,-22,-4,-22,-5,-23,-6,-23,-6,-24,-6,-24,-6,-24,-6,-24,-6,-24,-6,-24,-6,-25,-5,-25,-5,-25,-6,-26,-5,-26,-5,-27,-5,-27,-4,-28,-4,-28,-4,-28,-4]"
CSI_DATA,225822,d8:b1:90:db:e8:90,-51,11,1,7,0,0,1,0,0,0,1,-96,0,4,0,-803705291,0,100,0,128,1,"[100,-64,5,0,6,-26,5,-26,6,-26,5,-26,5,-26,4,-25,4,-25,4,-25,3,-25,3,-25,2,-24,2,-24,3,-24,3,-24,3,-23,3,-23,3,-23,3,-22,3,-22,3,-21,3,-21,4,-20,4,-20,5,-19,6,-19,1,-5,0,0,0,0,0,0,0,0,0,0,0,0,0,0,0,0,0,0,0,-5,3,-19,4,-19,5,-19,6,-20,7,-20,7,-20,8,-20,8,-20,9,-20,9,-21,10,-21,10,-21,10,-21,9,-21,9,-21,9,-21,9,-22,9,-22,8,-23,8,-23,8,-24,7,-24,7,-25,6,-25,6,-26,7,-26]"
CSI_DATA,225823,d8:b1:90:db:e8:90,-51,11,1,7,0,0,1,0,0,0,1,-96,0,4,0,-803693724,0,100,0,128,1,"[100,-64,5,0,-25,-13,-25,-12,-24,-12,-24,-12,-24,-12,-23,-11,-23,-11,-23,-10,-23,-9,-23,-9,-24,-8,-23,-8,-23,-8,-23,-8,-23,-8,-23,-9,-22,-9,-22,-9,-21,-9,-20,-10,-20,-10,-19,-10,-19,-10,-18,-10,-18,-11,-5,-3,0,0,0,0,0,0,0,0,0,0,0,0,0,0,0,0,0,0,-5,-2,-19,-8,-19,-9,-18,-10,-18,-11,-18,-11,-19,-12,-19,-13,-19,-13,-19,-14,-19,-14,-19,-15,-19,-15,-19,-15,-19,-15,-19,-15,-20,-14,-20,-14,-21,-14,-22,-14,-23,-14,-23,-13,-23,-13,-23,-13,-24,-12,-24,-13,-25,-13]"
CSI_DATA,225824,d8:b1:90:db:e8:90,-51,11,1,7,0,0,1,0,0,0,1,-96,0,4,0,-803672200,0,100,0,128,1,"[100,-64,5,0,-3,-27,-3,-26,-4,-26,-4,-26,-4,-26,-5,-25,-5,-25,-5,-24,-5,-24,-6,-24,-6,-24,-6,-23,-6,-23,-6,-23,-6,-23,-5,-23,-5,-23,-5,-22,-4,-22,-4,-22,-4,-22,-3,-21,-2,-21,-1,-21,0,-21,0,-6,0,0,0,0,0,0,0,0,0,0,0,0,0,0,0,0,0,0,-1,-5,-4,-20,-3,-20,-2,-20,-2,-20,-1,-21,-1,-21,-1,-22,0,-22,0,-23,1,-24,1,-24,1,-24,1,-24,1,-24,1,-24,1,-24,0,-24,0,-24,-1,-24,-1,-25,-1,-25,-2,-26,-2,-26,-3,-26,-3,-27,-3,-27]"
CSI_DATA,225825,d8:b1:90:db:e8:90,-51,11,1,7,0,0,1,0,0,0,1,-96,0,4,0,-803655204,0,100,0,128,1,"[100,-64,5,0,-24,15,-23,15,-23,15,-22,15,-22,15,-21,15,-21,16,-20,16,-19,16,-19,16,-19,16,-19,16,-18,16,-18,16,-18,16,-18,16,-18,15,-18,15,-18,14,-18,14,-18,13,-18,12,-18,12,-18,11,-19,10,-5,2,0,0,0,0,0,0,0,0,0,0,0,0,0,0,0,0,0,0,-5,2,-17,11,-18,10,-18,10,-18,9,-19,9,-20,9,-20,9,-21,9,-22,9,-22,9,-23,9,-23,8,-23,8,-23,8,-23,8,-23,9,-23,9,-23,10,-23,11,-22,11,-23,12,-23,13,-23,13,-24,14,-24,14,-23,14]"
CSI_DATA,225826,d8:b1:90:db:e8:90,-51,11,1,7,0,0,1,0,0,0,1,-96,0,4,0,-803626726,0,100,0,128,1,"[100,-64,5,0,22,-6,22,-6,22,-6,22,-6,21,-6,21,-7,21,-7,20,-8,20,-8,19,-9,19,-9,20,-10,20,-10,20,-10,19,-9,19,-9,18,-8,18,-8,18,-8,18,-7,18,-7,18,-6,18,-6,17,-5,17,-4,4,-1,0,0,0,0,0,0,0,0,0,0,0,0,0,0,0,0,0,0,3,-2,16,-6,16,-5,17,-5,17,-4,18,-4,18,-4,19,-3,19,-3,20,-3,20,-3,20,-2,20,-2,21,-2,21,-2,21,-3,21,-3,21,-3,21,-4,21,-4,21,-4,22,-5,22,-5,22,-6,22,-6,23,-6,23,-6]"
CSI_DATA,225827,d8:b1:90:db:e8:90,-51,11,1,7,0,0,1,0,0,0,1,-96,0,4,0,-803611469,0,100,0,128,1,"[100,-64,5,0,-4,30,-3,29,-3,29,-3,28,-3,28,-2,27,-2,27,-1,27,-1,26,0,26,0,26,0,26,0,26,0,26,0,26,0,25,0,25,-1,24,-1,24,-2,24,-2,23,-2,22,-3,22,-4,21,-5,21,-2,5,0,0,0,0,0,0,0,0,0,0,0,0,0,0,0,0,0,0,0,5,1,21,0,22,-1,22,-2,23,-3,23,-3,23,-4,24,-5,24,-6,25,-6,25,-6,25,-6,25,-6,25,-6,26,-6,26,-6,26,-6,26,-6,26,-6,26,-5,27,-5,27,-5,28,-4,28,-4,28,-4,29,-3,30]"
CSI_DATA,225828,d8:b1:90:db:e8:90,-52,11,1,7,0,0,1,0,0,0,1,-96,0,4,0,-803598076,0,100,0,128,1,"[100,-64,5,0,-22,18,-22,18,-21,18,-21,18,-20,18,-20,19,-19,19,-19,18,-18,18,-18,18,-17,19,-17,19,-16,19,-16,19,-16,19,-16,19,-16,19,-15,18,-15,18,-15,17,-15,17,-15,16,-16,15,-17,15,-17,14,-5,3,0,0,0,0,0,0,0,0,0,0,0,0,0,0,0,0,0,0,-4,3,-15,14,-16,14,-17,12,-18,12,-19,12,-20,12,-21,12,-21,13,-22,13,-22,13,-23,12,-23,12,-22,12,-23,12,-23,12,-22,12,-22,13,-22,14,-22,14,-22,15,-22,16,-22,16,-22,16,-22,16,-22,16,-22,17]"
CSI_DATA,225829,d8:b1:90:db:e8:90,-51,11,1,7,0,0,1,0,0,0,1,-96,0,4,0,-803586667,0,100,0,128,1,"[100,-64,5,0,-25,-11,-25,-11,-25,-10,-25,-10,-25,-9,-24,-9,-24,-8,-24,-8,-24,-8,-24,-7,-24,-6,-24,-6,-24,-5,-24,-5,-24,-5,-23,-5,-23,-5,-22,-5,-22,-5,-22,-5,-21,-6,-21,-5,-21,-6,-20,-7,-19,-8,-5,-3,0,0,0,0,0,0,0,0,0,0,0,0,0,0,0,0,0,0,-5,-2,-19,-7,-18,-8,-18,-9,-18,-10,-18,-11,-18,-11,-19,-12,-19,-12,-20,-13,-20,-13,-20,-13,-20,-13,-20,-13,-20,-14,-20,-14,-20,-14,-21,-13,-21,-13,-21,-13,-22,-12,-22,-12,-23,-12,-23,-12,-23,-12,-24,-12,-24,-12]"
CSI_DATA,225830,d8:b1:90:db:e8:90,-51,11,1,7,0,0,1,0,0,0,1,-96,0,4,0,-803567803,0,100,0,128,1,"[100,-64,5,0,-29,8,-28,8,-27,9,-27,9,-27,10,-26,10,-25,11,-24,11,-24,11,-23,11,-23,12,-23,13,-23,13,-23,13,-23,12,-23,12,-22,12,-22,11,-22,11,-22,10,-22,10,-21,9,-21,8,-21,7,-21,6,-6,1,0,0,0,0,0,0,0,0,0,0,0,0,0,0,0,0,0,0,-5,2,-20,9,-20,8,-21,6,-21,6,-22,5,-23,5,-24,5,-24,5,-25,5,-25,5,-26,4,-26,4,-26,4,-26,4,-26,4,-26,5,-26,5,-26,6,-27,5,-27,6,-27,6,-27,7,-27,8,-27,8,-28,8,-29,9]"
CSI_DATA,225831,d8:b1:90:db:e8:90,-51,11,1,7,0,0,1,0,0,0,1,-96,0,4,0,-803555642,0,100,0,128,1,"[100,-64,5,0,-20,-19,-20,-19,-20,-18,-21,-18,-21,-17,-21,-17,-21,-16,-21,-16,-21,-16,-21,-15,-21,-15,-21,-14,-21,-14,-21,-14,-20,-14,-20,-14,-20,-14,-19,-14,-19,-13,-18,-13,-18,-13,-17,-14,-16,-14,-16,-15,-16,-15,-4,-4,0,0,0,0,0,0,0,0,0,0,0,0,0,0,0,0,0,0,-4,-4,-15,-13,-15,-14,-14,-15,-14,-15,-14,-16,-14,-16,-15,-17,-15,-18,-15,-18,-15,-19,-15,-19,-14,-19,-15,-19,-15,-19,-16,-19,-16,-19,-17,-19,-17,-19,-17,-19,-18,-19,-19,-19,-19,-19,-20,-19,-20,-19,-20,-19,-21,-20]"
CSI_DATA,225832,d8:b1:90:db:e8:90,-51,11,1,7,0,0,1,0,0,0,1,-96,0,4,0,-803528008,0,100,0,128,1,"[100,-64,5,0,26,5,26,4,26,4,25,3,24,2,24,2,24,2,24,2,23,2,23,2,23,2,23,1,23,1,23,1,23,1,23,1,22,1,21,1,21,1,21,1,21,1,21,2,20,3,19,4,18,4,4,1,0,0,0,0,0,0,0,0,0,0,0,0,0,0,0,0,0,0,4,-1,18,-1,19,0,19,1,20,2,20,2,20,3,21,4,21,4,22,5,22,6,22,7,22,7,22,7,22,7,22,7,22,6,23,6,23,6,23,6,23,6,24,5,25,5,25,5,25,5,25,5,25,5]"
CSI_DATA,225833,d8:b1:90:db:e8:90,-51,11,1,7,0,0,1,0,0,0,1,-96,0,4,0,-803517886,0,100,0,128,1,"[100,-64,5,0,26,6,26,5,26,5,25,5,25,4,24,4,24,4,24,3,24,2,23,2,24,2,23,1,23,1,23,1,23,1,23,2,23,2,22,3,22,4,22,4,22,4,21,3,19,5,18,7,17,6,4,1,0,0,0,0,0,0,0,0,0,0,0,0,0,0,0,0,0,0,5,0,20,1,19,3,19,4,19,4,19,5,19,6,20,7,21,7,21,8,21,9,21,9,21,9,22,9,22,9,21,9,22,9,22,8,22,7,23,8,24,7,24,6,24,6,25,6,25,6,25,6,26,6]"
CSI_DATA,225834,d8:b1:90:db:e8:90,-51,11,1,7,0,0,1,0,0,0,1,-96,0,4,0,-803501084,0,100,0,128,1,"[100,-64,5,0,-12,24,-12,23,-11,23,-10,23,-10,23,-9,23,-9,23,-8,22,-8,22,-7,22,-7,22,-7,22,-8,22,-8,22,-8,22,-7,21,-7,21,-8,21,-8,20,-8,19,-9,18,-9,17,-10,17,-10,17,-11,17,-3,4,0,0,0,0,0,0,0,0,0,0,0,0,0,0,0,0,0,0,-2,4,-6,18,-7,18,-8,18,-8,18,-9,18,-10,18,-11,18,-12,18,-12,19,-12,19,-13,19,-13,18,-13,18,-13,19,-13,19,-13,19,-12,19,-13,20,-13,20,-13,21,-12,22,-12,22,-12,23,-12,23,-12,24,-11,24]"
CSI_DATA,225835,d8:b1:90:db:e8:90,-51,11,1,7,0,0,1,0,0,0,1,-96,0,4,0,-803489767,0,100,0,128,1,"[100,-64,5,0,-25,12,-24,12,-23,12,-23,13,-23,13,-22,13,-22,13,-21,14,-21,14,-20,14,-20,14,-21,14,-21,14,-20,14,-20,13,-20,13,-20,13,-19,12,-19,11,-19,11,-19,10,-19,9,-19,9,-19,8,-20,7,-5,1,0,0,0,0,0,0,0,0,0,0,0,0,0,0,0,0,0,0,-5,3,-17,11,-17,11,-18,10,-18,10,-19,9,-20,9,-21,8,-21,8,-22,8,-22,8,-22,8,-22,8,-22,8,-22,7,-22,7,-22,8,-22,9,-23,9,-23,9,-24,10,-24,10,-24,11,-24,11,-24,12,-25,12,-25,13]"
CSI_DATA,225836,d8:b1:90:db:e8:90,-51,11,1,7,0,0,1,0,0,0,1,-96,0,4,0,-803479293,0,100,0,128,1,"[100,-64,5,0,-25,11,-24,11,-24,11,-23,11,-23,12,-22,12,-22,12,-21,12,-21,13,-21,13,-20,13,-20,13,-20,13,-19,13,-19,12,-20,12,-20,11,-19,11,-19,10,-19,10,-19,9,-19,8,-19,7,-19,6,-19,6,-5,1,0,0,0,0,0,0,0,0,0,0,0,0,0,0,0,0,0,0,-5,2,-18,9,-18,8,-18,7,-19,7,-20,7,-20,6,-21,6,-22,6,-22,5,-23,5,-23,5,-24,5,-24,5,-24,5,-24,6,-24,6,-24,7,-24,7,-24,8,-24,8,-24,9,-24,10,-24,10,-24,10,-24,10,-25,10]"
CSI_DATA,225837,d8:b1:90:db:e8:90,-52,11,1,7,0,0,1,0,0,0,1,-96,0,4,0,-803466045,0,100,0,128,1,"[100,-64,5,0,4,28,4,28,4,28,5,27,6,27,6,26,6,26,7,25,7,25,7,24,8,24,8,24,8,24,8,23,7,23,7,23,6,23,6,23,5,23,5,23,4,22,3,22,3,22,1,22,0,22,0,5,0,0,0,0,0,0,0,0,0,0,0,0,0,0,0,0,0,0,1,4,4,19,3,20,2,20,1,21,1,21,0,22,0,22,-1,23,-1,23,-2,24,-2,24,-2,25,-2,25,-2,26,-1,26,-1,26,-1,26,0,26,1,26,1,26,2,27,3,27,3,27,3,28,4,28,3,28]"
CSI_DATA,225838,d8:b1:90:db:e8:90,-51,11,1,7,0,0,1,0,0,0,1,-96,0,4,0,-803451113,0,100,0,128,1,"[100,-64,5,0,21,19,20,19,21,18,21,18,22,17,22,16,22,16,21,16,21,16,21,15,21,15,21,15,21,14,21,14,21,14,21,14,20,14,20,14,19,14,18,14,18,14,17,14,16,14,16,15,15,16,3,4,0,0,0,0,0,0,0,0,0,0,0,0,0,0,0,0,0,0,4,3,17,13,16,14,15,15,15,15,15,16,15,16,15,17,16,18,16,18,16,19,16,19,16,20,16,20,16,20,16,19,17,19,17,19,18,19,18,19,18,19,19,19,20,19,20,19,20,19,20,19,21,19]"
CSI_DATA,225839,d8:b1:90:db:e8:90,-51,11,1,7,0,0,1,0,0,0,1,-96,0,4,0,-803425885,0,100,0,128,1,"[100,-64,5,0,21,14,21,13,21,13,21,12,20,12,20,11,21,11,21,11,21,11,20,10,21,10,22,10,21,9,20,9,21,9,20,10,19,11,17,11,17,11,17,12,16,12,15,11,15,10,14,12,14,13,3,3,0,0,0,0,0,0,0,0,0,0,0,0,0,0,0,0,0,0,4,2,17,8,17,9,16,10,15,11,15,11,16,12,16,12,16,13,17,14,17,15,17,15,17,15,17,16,17,15,17,15,17,14,17,14,18,14,18,14,18,14,19,14,20,14,21,14,21,14,21,14,22,14]"
CSI_DATA,225840,d8:b1:90:db:e8:90,-51,11,1,7,0,0,1,0,0,0,1,-96,0,4,0,-803410174,0,100,0,128,1,"[100,-64,5,0,-21,-18,-21,-18,-21,-18,-21,-17,-22,-17,-22,-16,-21,-16,-21,-16,-21,-15,-21,-15,-22,-14,-22,-14,-21,-14,-21,-14,-21,-14,-20,-14,-19,-14,-19,-14,-19,-14,-19,-14,-19,-14,-17,-13,-15,-15,-14,-17,-12,-16,-3,-4,0,0,0,0,0,0,0,0,0,0,0,0,0,0,0,0,0,0,-4,-4,-15,-15,-14,-16,-14,-16,-14,-17,-13,-18,-14,-18,-14,-19,-14,-19,-14,-20,-14,-20,-14,-20,-14,-20,-14,-20,-14,-21,-15,-21,-15,-21,-16,-20,-16,-20,-17,-20,-18,-20,-19,-20,-19,-19,-20,-19,-20,-19,-21,-19,-21,-19]"
CSI_DATA,225841,d8:b1:90:db:e8:90,-53,11,1,7,0,0,1,0,0,0,1,-94,0,4,0,-803397705,0,100,0,128,1,"[100,-64,5,0,12,-26,12,-26,12,-26,12,-26,11,-26,11,-26,10,-26,10,-25,10,-25,9,-25,9,-25,9,-25,9,-25,9,-25,9,-24,9,-24,9,-23,9,-23,9,-22,10,-22,10,-21,11,-20,11,-20,12,-19,13,-18,3,-5,0,0,0,0,0,0,0,0,0,0,0,0,0,0,0,0,0,0,2,-5,9,-20,9,-20,10,-19,11,-19,12,-19,13,-20,13,-20,14,-20,15,-20,15,-20,15,-21,15,-21,15,-21,15,-21,15,-21,15,-21,15,-22,15,-23,14,-23,14,-24,14,-24,13,-25,13,-25,13,-26,13,-26,13,-27]"
CSI_DATA,225842,d8:b1:90:db:e8:90,-52,11,1,7,0,0,1,0,0,0,1,-94,0,4,0,-803386876,0,100,0,128,1,"[100,-64,5,0,24,-14,24,-14,23,-14,23,-14,22,-14,22,-14,21,-14,21,-15,21,-15,20,-15,20,-15,19,-15,18,-15,19,-15,19,-15,19,-14,18,-14,18,-13,18,-12,19,-11,19,-11,19,-10,18,-9,18,-8,18,-7,4,-2,0,0,0,0,0,0,0,0,0,0,0,0,0,0,0,0,0,0,4,-4,16,-12,16,-12,17,-11,18,-11,19,-10,19,-10,20,-10,21,-10,21,-10,22,-10,22,-10,23,-10,23,-9,22,-9,22,-9,22,-10,22,-10,23,-11,23,-11,23,-12,24,-13,24,-13,24,-13,24,-13,24,-13,24,-14]"
CSI_DATA,225843,d8:b1:90:db:e8:90,-53,11,1,7,0,0,1,0,0,0,1,-94,0,4,0,-803368165,0,100,0,128,1,"[100,-64,5,0,-12,25,-12,25,-12,25,-11,24,-10,24,-10,24,-9,24,-9,23,-8,23,-8,23,-8,23,-8,23,-8,23,-8,23,-8,23,-8,23,-8,23,-8,22,-8,22,-8,20,-9,20,-9,19,-9,19,-10,18,-11,18,-3,4,0,0,0,0,0,0,0,0,0,0,0,0,0,0,0,0,0,0,-2,4,-8,18,-9,18,-9,18,-10,18,-11,18,-11,18,-12,18,-13,19,-13,19,-14,19,-14,19,-15,19,-15,19,-14,20,-14,20,-14,20,-14,20,-14,21,-13,21,-13,21,-13,22,-13,23,-12,23,-13,24,-12,24,-12,25]"
CSI_DATA,225844,d8:b1:90:db:e8:90,-53,11,1,7,0,0,1,0,0,0,1,-94,0,4,0,-803335394,0,100,0,128,1,"[100,-64,5,0,26,4,26,4,25,4,25,3,25,3,25,2,25,2,24,1,24,1,24,1,24,0,24,0,24,0,24,0,23,0,23,0,23,0,22,0,22,1,21,1,21,1,21,2,20,2,20,3,19,4,4,1,0,0,0,0,0,0,0,0,0,0,0,0,0,0,0,0,0,0,4,0,19,1,19,2,19,3,19,3,19,4,20,4,20,5,20,5,21,6,21,6,21,6,22,6,22,6,22,7,22,7,23,6,23,6,23,6,23,6,24,6,24,5,25,5,25,5,26,4,26,4,26,4]"
CSI_DATA,225845,d8:b1:90:db:e8:90,-53,11,1,7,0,0,1,0,0,0,1,-94,0,4,0,-803325311,0,100,0,128,1,"[100,-64,5,0,-2,23,-2,23,-2,23,-1,23,-1,23,-1,22,0,22,0,21,1,21,1,21,1,21,2,21,2,21,2,21,2,21,2,21,2,20,1,20,0,19,0,19,0,18,0,18,-1,18,-2,18,-3,18,-1,4,0,0,0,0,0,0,0,0,0,0,0,0,0,0,0,0,0,0,0,4,0,17,-1,17,-2,17,-2,17,-3,18,-3,18,-4,18,-4,18,-4,19,-4,19,-5,19,-5,20,-5,20,-5,20,-5,21,-5,21,-4,21,-4,21,-4,21,-4,22,-3,22,-3,22,-2,23,-2,23,-2,23,-2,23]"
CSI_DATA,225846,d8:b1:90:db:e8:90,-53,11,1,7,0,0,1,0,0,0,1,-94,0,4,0,-803314527,0,100,0,128,1,"[100,-64,5,0,-18,21,-17,21,-17,21,-16,21,-15,21,-15,20,-14,20,-14,21,-13,21,-13,21,-13,21,-12,21,-12,21,-12,21,-12,21,-12,20,-12,20,-12,19,-12,19,-12,19,-13,18,-13,16,-13,16,-14,16,-15,16,-4,3,0,0,0,0,0,0,0,0,0,0,0,0,0,0,0,0,0,0,-3,4,-11,16,-12,16,-13,15,-14,15,-14,15,-15,15,-16,16,-17,16,-17,16,-18,16,-18,15,-18,15,-18,15,-18,16,-18,16,-19,16,-18,17,-18,17,-17,17,-17,18,-17,18,-16,19,-17,19,-18,19,-18,20,-17,21]"
CSI_DATA,225847,d8:b1:90:db:e8:90,-53,11,1,7,0,0,1,0,0,0,1,-94,0,4,0,-803304256,0,100,0,128,1,"[100,-64,5,0,7,-26,7,-26,7,-26,6,-25,5,-25,4,-25,4,-25,4,-25,4,-25,3,-25,3,-25,2,-24,2,-24,3,-24,3,-24,3,-23,3,-23,3,-23,3,-21,4,-20,5,-21,6,-21,7,-21,6,-21,7,-20,1,-5,0,0,0,0,0,0,0,0,0,0,0,0,0,0,0,0,0,0,0,-5,1,-20,2,-20,4,-20,5,-20,5,-20,6,-21,6,-21,7,-22,7,-22,8,-22,8,-22,9,-22,9,-22,9,-22,9,-23,9,-23,8,-23,8,-23,7,-23,6,-23,6,-24,6,-24,6,-25,6,-25,6,-26,6,-26]"
CSI_DATA,225848,d8:b1:90:db:e8:90,-53,11,1,7,0,0,1,0,0,0,1,-94,0,4,0,-803293247,0,100,0,128,1,"[100,-64,5,0,21,-17,20,-17,20,-17,20,-17,19,-17,18,-17,18,-18,17,-18,16,-19,16,-19,16,-19,15,-18,15,-18,15,-18,15,-18,16,-18,16,-17,15,-17,16,-16,16,-15,16,-15,16,-14,16,-13,17,-12,16,-11,4,-3,0,0,0,0,0,0,0,0,0,0,0,0,0,0,0,0,0,0,3,-4,14,-14,15,-13,16,-12,16,-12,17,-12,18,-12,19,-12,20,-12,20,-12,21,-11,20,-12,21,-12,21,-12,21,-12,21,-12,21,-12,21,-13,20,-14,20,-14,19,-15,19,-15,20,-16,20,-16,20,-17,20,-17,21,-18]"
CSI_DATA,225849,d8:b1:90:db:e8:90,-53,11,1,7,0,0,1,0,0,0,1,-94,0,4,0,-803281886,0,100,0,128,1,"[100,-64,5,0,26,3,26,3,25,3,25,2,25,2,25,2,25,1,24,0,24,-1,24,-1,24,-1,23,-2,23,-2,23,-2,23,-1,23,0,22,0,22,1,22,1,21,2,21,2,21,2,20,3,19,4,19,5,4,1,0,0,0,0,0,0,0,0,0,0,0,0,0,0,0,0,0,0,5,0,20,0,19,1,19,2,20,3,20,3,21,4,21,5,22,5,22,6,22,6,22,6,23,6,23,6,23,6,23,6,23,6,23,6,23,5,23,4,24,4,25,3,25,3,25,3,25,3,26,3,27,3]"
CSI_DATA,225850,d8:b1:90:db:e8:90,-53,11,1,7,0,0,1,0,0,0,1,-94,0,4,0,-803268986,0,100,0,128,1,"[100,-64,5,0,28,-6,27,-6,27,-6,27,-6,27,-6,26,-7,26,-7,25,-8,25,-8,25,-9,24,-9,24,-9,24,-10,24,-10,24,-9,24,-9,24,-8,23,-8,23,-7,22,-7,22,-7,22,-6,22,-5,22,-4,22,-3,5,-1,0,0,0,0,0,0,0,0,0,0,0,0,0,0,0,0,0,0,5,-2,20,-7,20,-6,21,-6,21,-5,22,-5,22,-5,22,-5,23,-4,24,-4,24,-3,25,-2,26,-2,26,-1,25,-2,25,-2,25,-3,26,-3,26,-4,26,-4,26,-4,27,-5,27,-5,28,-5,28,-5,28,-6,29,-6]"
CSI_DATA,225851,d8:b1:90:db:e8:90,-53,11,1,7,0,0,1,0,0,0,1,-94,0,4,0,-803253864,0,100,0,128,1,"[100,-64,5,0,9,27,9,26,9,26,10,26,11,25,11,25,11,24,11,24,11,23,11,23,12,23,12,23,12,23,12,23,12,22,11,22,11,22,11,22,10,22,9,21,9,21,8,21,7,21,6,21,5,22,1,5,0,0,0,0,0,0,0,0,0,0,0,0,0,0,0,0,0,0,2,4,10,18,9,19,8,19,7,20,7,20,7,21,7,22,7,23,7,23,6,24,6,24,6,24,6,25,6,25,6,25,7,24,7,24,8,24,7,25,8,25,9,25,9,25,9,25,9,26,10,26,11,27]"
CSI_DATA,225852,d8:b1:90:db:e8:90,-53,11,1,7,0,0,1,0,0,0,1,-94,0,4,0,-803227309,0,100,0,128,1,"[100,-64,5,0,19,16,19,15,19,15,19,15,19,14,20,14,20,13,20,12,20,12,20,11,20,11,20,11,20,11,19,11,19,12,19,12,19,12,18,12,18,12,18,12,17,12,17,12,16,12,15,13,15,14,3,3,0,0,0,0,0,0,0,0,0,0,0,0,0,0,0,0,0,0,4,2,16,10,16,11,15,11,15,12,15,12,15,13,15,14,15,15,15,15,15,16,15,16,15,17,16,17,16,17,16,17,16,16,16,16,17,16,17,15,18,15,18,15,19,15,19,15,20,15,20,15,20,16]"
CSI_DATA,225853,d8:b1:90:db:e8:90,-53,11,1,7,0,0,1,0,0,0,1,-94,0,4,0,-803215671,0,100,0,128,1,"[100,-64,5,0,-25,11,-25,11,-24,11,-24,11,-23,11,-23,11,-22,11,-22,12,-21,12,-21,12,-21,12,-21,12,-21,12,-20,12,-20,12,-20,11,-20,11,-20,10,-21,10,-21,9,-20,8,-19,7,-19,6,-20,6,-21,6,-6,1,0,0,0,0,0,0,0,0,0,0,0,0,0,0,0,0,0,0,-5,2,-17,10,-18,9,-18,8,-19,8,-19,8,-20,7,-21,7,-22,7,-22,7,-23,7,-23,7,-23,7,-23,7,-23,7,-24,7,-24,7,-24,8,-24,8,-23,8,-23,9,-23,9,-24,10,-24,10,-25,11,-25,11,-25,11]"
CSI_DATA,225854,d8:b1:90:db:e8:90,-52,11,1,7,0,0,1,0,0,0,1,-94,0,4,0,-803203896,0,100,0,128,1,"[100,-64,5,0,23,-13,23,-13,23,-13,23,-13,22,-13,22,-13,21,-14,21,-14,20,-14,20,-14,20,-14,20,-14,20,-14,20,-13,20,-13,20,-13,20,-12,20,-11,20,-11,19,-10,19,-9,19,-8,20,-7,20,-7,19,-8,4,-2,0,0,0,0,0,0,0,0,0,0,0,0,0,0,0,0,0,0,3,-4,15,-13,15,-12,16,-12,17,-11,18,-11,18,-11,19,-10,20,-10,20,-10,21,-10,21,-10,21,-9,21,-9,22,-9,22,-10,22,-10,23,-10,22,-11,22,-11,22,-11,22,-12,22,-12,23,-13,23,-13,24,-13,24,-14]"
CSI_DATA,225855,d8:b1:90:db:e8:90,-53,11,1,7,0,0,1,0,0,0,1,-94,0,4,0,-803193787,0,100,0,128,1,"[100,-64,5,0,-3,-26,-4,-26,-4,-26,-4,-25,-4,-25,-5,-24,-5,-24,-4,-24,-5,-24,-5,-24,-6,-23,-6,-23,-6,-23,-6,-23,-6,-23,-6,-22,-5,-22,-5,-22,-5,-21,-4,-21,-4,-21,-3,-21,-2,-20,-1,-20,-1,-20,0,-5,0,0,0,0,0,0,0,0,0,0,0,0,0,0,0,0,0,0,-1,-5,-3,-19,-2,-19,-2,-20,-1,-20,-1,-20,0,-21,0,-21,0,-22,0,-22,1,-23,1,-23,2,-23,1,-23,1,-23,1,-24,0,-24,0,-24,-1,-24,-1,-24,-2,-24,-3,-25,-3,-25,-3,-25,-3,-25,-3,-25,-3,-25]"
CSI_DATA,225856,d8:b1:90:db:e8:90,-53,11,1,7,0,0,1,0,0,0,1,-94,0,4,0,-803183158,0,100,0,128,1,"[100,-64,5,0,-16,24,-16,24,-15,24,-14,24,-13,24,-13,24,-12,24,-11,24,-11,24,-10,24,-10,24,-11,24,-11,24,-10,24,-10,23,-11,23,-11,23,-11,22,-11,21,-10,20,-11,20,-11,19,-12,19,-13,19,-13,19,-4,4,0,0,0,0,0,0,0,0,0,0,0,0,0,0,0,0,0,0,-3,4,-11,18,-12,18,-13,17,-13,17,-14,17,-15,17,-15,17,-16,18,-17,18,-17,19,-17,19,-17,19,-17,19,-17,19,-17,19,-17,20,-17,20,-16,21,-16,21,-16,21,-15,22,-15,22,-16,23,-16,23,-16,24,-16,24]"
CSI_DATA,225857,d8:b1:90:db:e8:90,-53,11,1,7,0,0,1,0,0,0,1,-94,0,4,0,-803171858,0,100,0,128,1,"[100,-64,5,0,24,14,24,14,25,14,24,13,24,12,24,12,24,11,24,10,24,9,24,9,24,8,24,9,24,9,24,9,24,9,23,9,23,9,22,9,21,9,21,9,20,9,20,9,19,10,19,11,19,12,4,3,0,0,0,0,0,0,0,0,0,0,0,0,0,0,0,0,0,0,4,2,19,9,19,10,18,11,17,12,18,13,18,13,18,14,18,15,19,16,19,16,19,16,19,16,20,16,20,16,20,16,21,15,21,15,22,15,22,15,22,14,22,14,23,14,23,14,24,14,24,15,25,15]"
CSI_DATA,225858,d8:b1:90:db:e8:90,-53,11,1,7,0,0,1,0,0,0,1,-94,0,4,0,-803160868,0,100,0,128,1,"[100,-64,5,0,14,-27,13,-27,13,-27,12,-26,12,-26,11,-26,10,-26,10,-26,9,-26,9,-26,8,-26,8,-25,8,-25,8,-25,8,-25,8,-25,9,-25,9,-24,9,-23,9,-22,9,-22,10,-21,10,-20,11,-20,11,-19,2,-5,0,0,0,0,0,0,0,0,0,0,0,0,0,0,0,0,0,0,2,-6,9,-20,10,-20,11,-20,12,-20,12,-20,13,-20,14,-20,14,-20,15,-20,15,-20,15,-21,16,-21,16,-21,16,-21,16,-21,15,-21,15,-22,15,-22,15,-23,14,-23,14,-24,14,-24,14,-25,14,-26,14,-26,14,-26]"
CSI_DATA,225859,d8:b1:90:db:e8:90,-53,11,1,7,0,0,1,0,0,0,1,-94,0,4,0,-803148093,0,100,0,128,1,"[100,-64,5,0,26,-6,26,-6,25,-6,25,-7,24,-7,24,-7,23,-8,23,-8,23,-9,22,-9,22,-10,22,-9,22,-9,22,-9,22,-8,22,-8,21,-8,21,-8,21,-7,21,-6,20,-6,20,-6,20,-5,19,-4,19,-3,4,-1,0,0,0,0,0,0,0,0,0,0,0,0,0,0,0,0,0,0,4,-2,18,-6,19,-5,19,-4,19,-3,20,-3,20,-2,21,-2,21,-1,22,-1,22,-1,23,-2,23,-2,23,-2,23,-1,23,-1,23,-1,23,-2,23,-2,23,-3,24,-3,24,-4,25,-4,25,-5,25,-6,26,-6,26,-6]"
CSI_DATA,225860,d8:b1:90:db:e8:90,-53,11,1,7,0,0,1,0,0,0,1,-94,0,4,0,-803125619,0,100,0,128,1,"[100,-64,5,0,-18,-18,-18,-17,-18,-16,-17,-16,-17,-15,-18,-15,-18,-14,-18,-14,-18,-13,-18,-13,-18,-12,-18,-12,-18,-12,-18,-12,-18,-11,-18,-11,-18,-11,-17,-12,-16,-12,-16,-12,-15,-13,-15,-13,-14,-13,-13,-14,-12,-15,-3,-4,0,0,0,0,0,0,0,0,0,0,0,0,0,0,0,0,0,0,-4,-3,-14,-11,-14,-12,-13,-13,-13,-14,-13,-15,-13,-15,-12,-16,-12,-16,-12,-16,-12,-17,-12,-18,-12,-18,-12,-18,-12,-18,-12,-18,-12,-18,-13,-18,-13,-18,-14,-18,-14,-18,-15,-18,-15,-18,-16,-18,-16,-18,-16,-18,-17,-18]"
CSI_DATA,225861,d8:b1:90:db:e8:90,-53,11,1,7,0,0,1,0,0,0,1,-94,0,4,0,-803114109,0,100,0,128,1,"[100,-64,5,0,17,16,17,15,17,15,17,14,17,14,17,13,17,13,17,12,17,12,17,12,17,11,17,11,17,11,17,11,17,11,17,12,17,12,16,12,16,11,15,11,14,11,14,11,13,12,12,13,11,13,2,3,0,0,0,0,0,0,0,0,0,0,0,0,0,0,0,0,0,0,3,2,14,9,13,10,13,11,12,12,13,12,13,13,13,13,13,14,13,15,13,15,13,15,13,16,13,16,13,16,13,16,14,16,14,16,14,16,15,15,15,15,16,15,16,15,17,15,17,16,18,16,18,16]"
CSI_DATA,225862,d8:b1:90:db:e8:90,-53,11,1,7,0,0,1,0,0,0,1,-94,0,4,0,-803097917,0,100,0,128,1,"[100,-64,5,0,-24,-15,-24,-15,-24,-14,-24,-14,-24,-13,-23,-12,-23,-11,-23,-11,-23,-10,-23,-9,-24,-9,-25,-8,-25,-8,-24,-8,-24,-8,-24,-7,-23,-8,-22,-8,-22,-8,-21,-8,-21,-8,-20,-8,-19,-9,-19,-12,-20,-14,-5,-4,0,0,0,0,0,0,0,0,0,0,0,0,0,0,0,0,0,0,-5,-3,-17,-11,-17,-12,-17,-13,-17,-14,-17,-14,-17,-14,-17,-15,-18,-15,-18,-15,-18,-16,-18,-16,-18,-16,-18,-16,-19,-16,-18,-16,-19,-16,-19,-15,-20,-15,-21,-15,-21,-15,-22,-15,-22,-15,-23,-15,-23,-15,-23,-15,-24,-15]"
CSI_DATA,225863,d8:b1:90:db:e8:90,-53,11,1,7,0,0,1,0,0,0,1,-94,0,4,0,-803082639,0,100,0,128,1,"[100,-64,5,0,-18,19,-18,19,-18,19,-17,19,-17,19,-16,19,-15,19,-15,19,-14,18,-14,19,-14,19,-13,19,-13,19,-13,19,-13,19,-12,19,-12,18,-13,18,-13,17,-13,17,-14,16,-14,15,-14,14,-15,14,-16,13,-4,3,0,0,0,0,0,0,0,0,0,0,0,0,0,0,0,0,0,0,-3,3,-11,15,-12,15,-13,15,-13,15,-14,15,-15,15,-15,15,-15,15,-16,15,-16,16,-17,16,-17,16,-17,16,-17,16,-17,15,-17,15,-17,16,-17,16,-17,17,-17,17,-17,18,-17,18,-18,19,-18,19,-18,19,-18,20]"
CSI_DATA,225864,d8:b1:90:db:e8:90,-53,11,1,7,0,0,1,0,0,0,1,-94,0,4,0,-803071730,0,100,0,128,1,"[100,-64,5,0,-3,23,-2,23,-2,23,-1,22,-1,22,0,22,0,21,0,21,1,21,1,21,1,21,1,21,1,21,1,21,1,21,1,20,1,20,0,20,0,19,0,19,-1,18,-1,18,-2,18,-3,18,-4,17,-1,4,0,0,0,0,0,0,0,0,0,0,0,0,0,0,0,0,0,0,0,4,0,17,-1,17,-2,17,-3,17,-3,18,-3,18,-4,18,-4,19,-5,19,-5,19,-5,19,-5,19,-5,19,-5,20,-5,20,-5,21,-5,21,-4,21,-3,21,-2,21,-2,21,-2,22,-2,22,-3,22,-2,23,-2,23]"
CSI_DATA,225865,d8:b1:90:db:e8:90,-53,11,1,7,0,0,1,0,0,0,1,-94,0,4,0,-803061108,0,100,0,128,1,"[100,-64,5,0,-11,-25,-11,-24,-11,-24,-12,-23,-12,-23,-12,-23,-13,-22,-13,-22,-13,-21,-14,-21,-14,-21,-14,-21,-13,-21,-13,-21,-13,-21,-13,-20,-12,-20,-12,-20,-11,-20,-11,-20,-11,-20,-10,-19,-9,-19,-8,-20,-7,-20,-2,-5,0,0,0,0,0,0,0,0,0,0,0,0,0,0,0,0,0,0,-3,-5,-10,-18,-9,-18,-8,-19,-8,-19,-7,-20,-7,-21,-7,-21,-7,-22,-7,-23,-7,-23,-6,-23,-6,-23,-7,-23,-7,-24,-7,-24,-8,-24,-8,-24,-9,-24,-9,-23,-10,-23,-11,-24,-11,-24,-11,-25,-11,-25,-11,-25,-11,-25]"
CSI_DATA,225866,d8:b1:90:db:e8:90,-53,11,1,7,0,0,1,0,0,0,1,-94,0,4,0,-803014050,0,100,0,128,1,"[100,-64,5,0,-13,-22,-12,-22,-12,-21,-13,-20,-14,-20,-13,-20,-14,-19,-15,-17,-16,-16,-16,-16,-17,-16,-18,-14,-18,-14,-17,-14,-17,-13,-17,-11,-17,-10,-16,-11,-16,-10,-17,-9,-18,-8,-17,-9,-17,-9,-17,-10,-17,-10,-5,-3,0,0,0,0,0,0,0,0,0,0,0,0,0,0,0,0,0,0,-5,-2,-17,-9,-17,-10,-16,-11,-16,-12,-15,-13,-15,-14,-15,-15,-15,-16,-15,-17,-14,-18,-14,-19,-14,-20,-13,-20,-13,-21,-13,-21,-13,-21,-13,-21,-12,-22,-12,-21,-12,-22,-12,-22,-12,-22,-13,-22,-13,-22,-13,-23,-13,-22]"
CSI_DATA,225867,d8:b1:90:db:e8:90,-53,11,1,7,0,0,1,0,0,0,1,-94,0,4,0,-802977068,0,100,0,128,1,"[100,-64,5,0,-4,-30,-4,-29,-4,-29,-4,-28,-5,-28,-5,-27,-5,-27,-5,-26,-6,-26,-6,-26,-7,-25,-7,-25,-7,-25,-7,-25,-7,-25,-6,-25,-6,-25,-5,-24,-5,-24,-4,-23,-4,-23,-3,-22,-3,-22,-2,-22,-2,-22,-1,-6,0,0,0,0,0,0,0,0,0,0,0,0,0,0,0,0,0,0,-2,-5,-4,-20,-4,-21,-3,-21,-2,-22,-2,-23,-1,-23,-1,-24,0,-24,0,-25,1,-25,1,-26,1,-26,1,-26,1,-26,2,-26,1,-26,1,-26,0,-27,0,-27,-1,-28,-1,-28,-2,-28,-2,-28,-3,-28,-3,-29,-3,-29]"
CSI_DATA,225868,d8:b1:90:db:e8:90,-53,11,1,7,0,0,1,0,0,0,1,-94,0,4,0,-802957888,0,100,0,128,1,"[100,-64,5,0,14,-26,14,-26,13,-26,13,-26,12,-25,11,-25,10,-25,10,-26,9,-26,9,-26,8,-26,7,-25,7,-25,7,-25,7,-25,7,-25,7,-24,7,-24,7,-24,8,-23,8,-23,8,-22,9,-21,10,-21,10,-21,2,-5,0,0,0,0,0,0,0,0,0,0,0,0,0,0,0,0,0,0,1,-6,7,-20,8,-20,9,-20,9,-20,10,-20,11,-21,12,-21,12,-22,13,-22,13,-22,14,-22,14,-22,14,-22,14,-22,15,-22,15,-23,15,-24,15,-24,15,-23,14,-23,14,-24,14,-24,14,-25,14,-25,14,-26,14,-26]"
CSI_DATA,225869,d8:b1:90:db:e8:90,-53,11,1,7,0,0,1,0,0,0,1,-94,0,4,0,-802924780,0,100,0,128,1,"[100,-64,5,0,11,27,11,27,12,26,12,25,13,25,13,24,14,23,14,22,14,22,14,21,15,21,15,20,15,20,16,20,16,20,16,20,16,20,15,19,15,19,14,18,14,18,13,18,12,18,11,19,10,19,2,4,0,0,0,0,0,0,0,0,0,0,0,0,0,0,0,0,0,0,3,3,14,15,13,16,12,17,11,18,12,18,11,19,10,21,10,22,10,23,9,24,7,24,6,25,6,25,6,25,5,26,5,26,5,26,6,26,6,26,7,26,8,26,9,26,9,27,10,27,10,27,10,27]"
CSI_DATA,225870,d8:b1:90:db:e8:90,-52,11,1,7,0,0,1,0,0,0,1,-94,0,4,0,-802911826,0,100,0,128,1,"[100,-64,5,0,-8,27,-8,27,-7,26,-7,26,-6,26,-6,26,-5,25,-5,24,-4,24,-4,24,-3,24,-3,24,-3,25,-3,24,-3,24,-3,24,-4,24,-4,23,-4,22,-5,22,-5,21,-5,20,-6,20,-6,19,-7,19,-2,4,0,0,0,0,0,0,0,0,0,0,0,0,0,0,0,0,0,0,-1,4,-5,19,-5,19,-6,19,-7,19,-7,20,-8,20,-8,20,-9,20,-9,21,-10,21,-11,21,-11,22,-11,22,-11,22,-12,22,-11,22,-11,23,-11,23,-10,24,-9,24,-9,25,-9,25,-9,25,-8,26,-8,26,-8,27]"
CSI_DATA,225871,d8:b1:90:db:e8:90,-53,11,1,7,0,0,1,0,0,0,1,-94,0,4,0,-802899672,0,100,0,128,1,"[100,-64,5,0,-24,15,-24,15,-23,15,-23,15,-22,15,-21,15,-21,15,-20,15,-19,15,-19,15,-19,15,-19,16,-19,16,-19,16,-18,15,-18,15,-18,15,-18,15,-18,14,-18,13,-18,12,-18,12,-18,11,-18,10,-17,11,-5,2,0,0,0,0,0,0,0,0,0,0,0,0,0,0,0,0,0,0,-4,3,-16,11,-17,11,-17,10,-18,10,-18,10,-19,10,-19,10,-20,10,-20,10,-21,10,-22,9,-22,9,-22,9,-23,9,-23,9,-23,9,-23,10,-23,10,-23,11,-22,12,-22,13,-23,13,-23,13,-23,14,-23,14,-23,14]"
CSI_DATA,225872,d8:b1:90:db:e8:90,-53,11,1,7,0,0,1,0,0,0,1,-94,0,4,0,-802887164,0,100,0,128,1,"[100,-64,5,0,-25,-17,-25,-16,-25,-16,-25,-15,-24,-15,-24,-14,-24,-14,-24,-14,-24,-13,-25,-13,-25,-12,-25,-12,-24,-12,-24,-12,-24,-12,-24,-12,-23,-12,-23,-12,-22,-12,-22,-13,-21,-13,-20,-13,-20,-14,-19,-15,-18,-16,-5,-4,0,0,0,0,0,0,0,0,0,0,0,0,0,0,0,0,0,0,-5,-3,-20,-11,-19,-12,-19,-13,-18,-14,-19,-14,-19,-15,-19,-16,-19,-16,-20,-17,-20,-18,-20,-18,-19,-18,-20,-18,-20,-19,-20,-18,-20,-18,-21,-18,-22,-18,-22,-17,-22,-17,-23,-17,-24,-17,-25,-17,-25,-17,-26,-17,-26,-17]"
CSI_DATA,225873,d8:b1:90:db:e8:90,-53,11,1,7,0,0,1,0,0,0,1,-94,0,4,0,-802875035,0,100,0,128,1,"[100,-64,5,0,18,18,18,18,18,17,18,16,18,16,18,15,18,15,18,15,18,15,18,14,18,14,18,13,18,13,18,13,18,13,18,13,17,13,17,13,17,13,16,13,16,13,15,13,14,14,13,15,12,15,2,3,0,0,0,0,0,0,0,0,0,0,0,0,0,0,0,0,0,0,3,3,13,13,12,14,11,15,11,15,11,16,11,16,12,17,12,18,12,18,12,19,12,19,12,19,12,19,12,19,12,19,13,19,13,19,14,19,14,19,15,18,16,18,16,18,17,19,17,19,18,19,18,19]"
CSI_DATA,225874,d8:b1:90:db:e8:90,-53,11,1,7,0,0,1,0,0,0,1,-94,0,4,0,-802852063,0,100,0,128,1,"[100,-64,5,0,23,12,22,11,22,11,23,12,22,12,22,11,22,10,22,9,22,9,22,8,22,8,22,8,21,8,21,8,21,8,20,9,20,9,19,9,19,9,18,10,18,10,17,10,16,11,16,11,15,12,3,3,0,0,0,0,0,0,0,0,0,0,0,0,0,0,0,0,0,0,4,2,17,8,17,9,17,9,17,10,17,10,17,11,17,13,17,13,17,14,17,14,17,14,17,15,17,15,18,15,18,15,18,15,18,14,19,14,19,14,20,14,21,13,22,13,22,12,22,12,23,12,23,12]"
CSI_DATA,225875,d8:b1:90:db:e8:90,-53,11,1,7,0,0,1,0,0,0,1,-94,0,4,0,-802839732,0,100,0,128,1,"[100,-64,5,0,4,25,4,24,5,24,5,24,6,24,6,24,7,23,7,23,7,22,7,22,7,22,8,21,8,21,9,21,8,21,8,21,7,20,7,20,7,20,6,20,6,20,5,19,4,19,4,19,3,19,0,4,0,0,0,0,0,0,0,0,0,0,0,0,0,0,0,0,0,0,1,4,5,18,4,18,4,19,3,19,3,19,2,20,2,21,2,21,2,22,1,22,1,22,1,23,1,23,1,23,1,23,2,23,2,23,3,23,3,23,4,24,5,24,5,24,4,24,4,25,4,25,4,25]"
CSI_DATA,225876,d8:b1:90:db:e8:90,-53,11,1,7,0,0,1,0,0,0,1,-94,0,4,0,-802818433,0,100,0,128,1,"[100,-64,5,0,-21,22,-21,22,-20,22,-19,21,-18,21,-17,21,-17,21,-16,22,-16,22,-15,22,-15,22,-14,22,-13,22,-13,22,-13,22,-13,22,-13,21,-13,21,-13,20,-14,19,-14,19,-14,18,-15,17,-16,16,-17,16,-5,3,0,0,0,0,0,0,0,0,0,0,0,0,0,0,0,0,0,0,-3,4,-13,18,-14,17,-14,17,-15,17,-15,17,-16,17,-17,17,-18,17,-18,17,-18,18,-19,18,-19,18,-19,18,-19,18,-19,18,-20,18,-19,19,-19,19,-19,19,-19,20,-19,21,-19,21,-20,22,-20,22,-20,22,-20,22]"
CSI_DATA,225877,d8:b1:90:db:e8:90,-53,11,1,7,0,0,1,0,0,0,1,-94,0,4,0,-802806945,0,100,0,128,1,"[100,-64,5,0,-22,13,-22,14,-21,14,-21,13,-20,13,-19,13,-19,13,-18,14,-18,14,-18,14,-17,14,-17,15,-16,15,-16,15,-16,15,-16,14,-15,14,-15,14,-16,13,-16,12,-16,11,-16,11,-16,10,-16,9,-16,8,-4,2,0,0,0,0,0,0,0,0,0,0,0,0,0,0,0,0,0,0,-4,3,-15,12,-15,11,-16,11,-16,11,-16,11,-17,11,-18,11,-18,11,-19,11,-20,11,-20,10,-20,10,-20,11,-20,11,-21,11,-21,11,-20,12,-20,12,-20,12,-20,12,-21,13,-21,13,-22,13,-22,13,-22,14,-21,13]"
CSI_DATA,225878,d8:b1:90:db:e8:90,-52,11,1,7,0,0,1,0,0,0,1,-94,0,4,0,-802793374,0,100,0,128,1,"[100,-64,5,0,-24,-16,-24,-16,-23,-16,-23,-15,-23,-15,-23,-15,-23,-14,-23,-13,-22,-13,-22,-12,-23,-12,-23,-11,-23,-11,-22,-11,-22,-11,-22,-10,-21,-10,-20,-11,-20,-11,-21,-11,-20,-10,-19,-10,-19,-11,-18,-12,-18,-12,-5,-3,0,0,0,0,0,0,0,0,0,0,0,0,0,0,0,0,0,0,-5,-3,-18,-9,-18,-11,-17,-12,-17,-13,-17,-14,-17,-14,-16,-15,-17,-15,-17,-16,-17,-17,-17,-17,-17,-17,-17,-17,-18,-18,-18,-18,-19,-18,-19,-17,-19,-17,-19,-17,-20,-16,-20,-16,-21,-16,-21,-17,-22,-17,-22,-17,-23,-17]"
CSI_DATA,225879,d8:b1:90:db:e8:90,-53,11,1,7,0,0,1,0,0,0,1,-94,0,4,0,-802780850,0,100,0,128,1,"[100,-64,5,0,23,14,22,13,22,13,22,12,22,12,22,11,22,10,21,10,21,9,21,9,21,9,21,9,21,9,20,9,20,9,21,9,20,10,20,10,19,10,19,10,18,10,17,10,17,11,16,12,16,13,4,3,0,0,0,0,0,0,0,0,0,0,0,0,0,0,0,0,0,0,4,2,17,8,17,9,16,10,16,10,17,11,17,12,17,12,17,13,17,13,18,14,18,15,18,15,18,15,18,15,18,14,18,14,18,15,19,15,19,14,20,14,21,14,21,14,22,14,22,14,22,14,23,13]"
CSI_DATA,225880,d8:b1:90:db:e8:90,-53,11,1,7,0,0,1,0,0,0,1,-94,0,4,0,-802770085,0,100,0,128,1,"[100,-64,5,0,-3,-30,-3,-29,-3,-29,-4,-28,-4,-27,-5,-27,-5,-27,-6,-26,-6,-26,-7,-25,-7,-25,-6,-25,-6,-25,-6,-25,-6,-25,-6,-25,-5,-25,-5,-25,-4,-24,-4,-24,-4,-23,-3,-23,-2,-23,-1,-22,0,-22,0,-6,0,0,0,0,0,0,0,0,0,0,0,0,0,0,0,0,0,0,-1,-6,-4,-21,-3,-22,-2,-22,-1,-23,-1,-23,0,-24,0,-24,0,-25,1,-25,1,-26,2,-26,2,-26,1,-26,1,-27,1,-27,1,-27,0,-27,0,-27,-1,-27,-1,-28,-2,-28,-2,-28,-3,-28,-3,-29,-3,-29,-3,-29]"
CSI_DATA,225881,d8:b1:90:db:e8:90,-52,11,1,7,0,0,1,0,0,0,1,-94,0,4,0,-802757239,0,100,0,128,1,"[100,-64,5,0,-28,4,-28,4,-27,4,-27,4,-27,5,-26,5,-25,5,-25,6,-25,6,-24,6,-24,6,-25,7,-24,7,-24,7,-24,7,-24,6,-23,6,-23,5,-23,5,-22,4,-22,4,-22,3,-22,3,-21,2,-21,1,-6,0,0,0,0,0,0,0,0,0,0,0,0,0,0,0,0,0,0,0,-5,1,-21,6,-21,5,-21,3,-22,3,-22,2,-23,2,-24,2,-24,1,-25,1,-25,0,-26,0,-26,0,-26,0,-26,0,-25,0,-25,0,-26,1,-26,1,-26,2,-27,2,-27,3,-27,3,-27,3,-27,3,-28,4,-28,4]"
CSI_DATA,225882,d8:b1:90:db:e8:90,-53,11,1,7,0,0,1,0,0,0,1,-94,0,4,0,-802742311,0,100,0,128,1,"[100,-64,5,0,-17,21,-16,21,-16,21,-15,21,-15,21,-14,21,-13,21,-13,21,-12,21,-12,21,-12,21,-11,21,-11,21,-11,21,-11,21,-11,21,-11,20,-11,20,-11,20,-11,19,-12,18,-12,18,-12,17,-12,16,-12,16,-4,4,0,0,0,0,0,0,0,0,0,0,0,0,0,0,0,0,0,0,-3,4,-12,16,-12,15,-13,15,-14,15,-15,15,-16,15,-16,15,-17,16,-17,16,-18,16,-18,16,-18,16,-18,16,-18,16,-18,16,-18,16,-18,17,-18,17,-17,18,-17,19,-17,19,-17,20,-17,20,-17,21,-17,21,-17,21]"
CSI_DATA,225883,d8:b1:90:db:e8:90,-53,11,1,7,0,0,1,0,0,0,1,-94,0,4,0,-802714401,0,100,0,128,1,"[100,-64,5,0,23,18,23,17,23,16,23,16,23,15,23,14,23,13,22,14,22,13,22,13,22,13,22,13,22,13,22,13,22,13,21,14,21,14,20,13,20,13,19,14,19,14,18,15,17,15,16,15,14,15,3,3,0,0,0,0,0,0,0,0,0,0,0,0,0,0,0,0,0,0,4,2,17,12,16,12,16,13,16,14,16,15,16,15,16,16,16,17,16,18,16,18,17,18,17,19,17,19,17,19,17,19,17,19,18,19,19,19,19,18,20,18,21,18,22,17,22,17,23,17,24,17,24,17]"
CSI_DATA,225884,d8:b1:90:db:e8:90,-52,11,1,7,0,0,1,0,0,0,1,-94,0,4,0,-802702019,0,100,0,128,1,"[100,-64,5,0,-10,23,-10,23,-10,23,-9,23,-8,23,-8,23,-7,22,-7,22,-6,21,-6,21,-6,21,-5,22,-5,22,-5,22,-5,22,-5,22,-5,21,-5,20,-5,20,-6,19,-6,19,-7,18,-8,17,-9,16,-9,15,-3,3,0,0,0,0,0,0,0,0,0,0,0,0,0,0,0,0,0,0,-2,4,-7,17,-8,17,-9,17,-9,17,-10,17,-10,18,-11,18,-11,18,-12,19,-12,19,-13,18,-13,18,-13,18,-13,18,-13,19,-12,19,-12,19,-12,20,-12,20,-11,21,-11,22,-11,22,-11,22,-11,22,-11,22,-11,23]"
CSI_DATA,225885,d8:b1:90:db:e8:90,-53,11,1,7,0,0,1,0,0,0,1,-94,0,4,0,-802688515,0,100,0,128,1,"[100,-64,5,0,23,-10,23,-10,23,-10,23,-10,22,-11,22,-11,21,-11,20,-11,19,-11,19,-12,19,-12,19,-12,19,-12,18,-12,19,-12,19,-12,20,-11,19,-11,18,-10,18,-9,18,-9,18,-8,18,-6,17,-6,17,-6,4,-2,0,0,0,0,0,0,0,0,0,0,0,0,0,0,0,0,0,0,4,-2,17,-8,18,-8,18,-7,18,-7,19,-6,19,-6,20,-6,21,-6,21,-6,22,-5,22,-5,22,-4,22,-4,22,-5,22,-5,22,-5,22,-6,22,-6,23,-7,23,-7,23,-8,23,-8,23,-8,23,-8,24,-9,24,-9]"
CSI_DATA,225886,d8:b1:90:db:e8:90,-53,11,1,7,0,0,1,0,0,0,1,-94,0,4,0,-802676926,0,100,0,128,1,"[100,-64,5,0,12,25,12,25,12,24,13,23,13,22,13,22,14,21,15,21,15,20,15,20,15,20,15,20,15,19,15,19,15,19,15,19,14,19,14,19,13,19,12,19,12,19,11,19,10,19,8,20,7,20,1,5,0,0,0,0,0,0,0,0,0,0,0,0,0,0,0,0,0,0,2,4,10,17,10,17,9,18,8,19,8,19,8,20,8,21,8,21,8,22,8,23,7,23,7,23,8,23,8,23,8,23,8,23,9,23,9,23,10,23,10,23,11,24,11,24,12,24,13,24,13,25,13,24]"
CSI_DATA,225887,d8:b1:90:db:e8:90,-53,11,1,7,0,0,1,0,0,0,1,-94,0,4,0,-802666283,0,100,0,128,1,"[100,-64,5,0,28,3,28,3,28,2,28,2,27,1,27,1,27,0,26,0,26,-1,26,-2,26,-2,25,-3,25,-3,25,-3,25,-2,25,-1,25,-1,25,-1,24,0,24,1,23,1,22,2,22,2,21,3,21,4,5,1,0,0,0,0,0,0,0,0,0,0,0,0,0,0,0,0,0,0,5,-1,21,-1,21,0,21,1,21,2,22,2,23,3,23,4,23,4,24,5,24,6,24,6,25,6,25,6,25,7,25,7,25,7,25,6,25,6,26,5,26,5,26,4,27,4,28,3,28,3,29,3,29,3]"
CSI_DATA,225888,d8:b1:90:db:e8:90,-53,11,1,7,0,0,1,0,0,0,1,-94,0,4,0,-802647786,0,100,0,128,1,"[100,-64,5,0,-21,-22,-21,-22,-20,-21,-21,-21,-21,-20,-21,-20,-21,-19,-21,-18,-21,-17,-22,-17,-22,-16,-22,-16,-22,-15,-22,-15,-21,-16,-21,-16,-20,-16,-20,-16,-19,-16,-18,-17,-18,-17,-17,-17,-16,-17,-16,-18,-15,-18,-4,-5,0,0,0,0,0,0,0,0,0,0,0,0,0,0,0,0,0,0,-5,-4,-17,-15,-16,-16,-15,-17,-15,-18,-15,-19,-15,-19,-15,-20,-15,-21,-15,-21,-14,-22,-14,-23,-14,-23,-14,-23,-14,-23,-14,-23,-15,-23,-16,-23,-16,-23,-16,-23,-17,-22,-18,-22,-19,-22,-19,-23,-20,-23,-20,-23,-20,-22]"
CSI_DATA,225889,d8:b1:90:db:e8:90,-53,11,1,7,0,0,1,0,0,0,1,-94,0,4,0,-802636898,0,100,0,128,1,"[100,-64,5,0,22,7,22,7,22,7,22,6,21,6,21,5,21,5,21,4,20,4,20,4,21,4,21,3,21,3,20,3,20,3,20,4,20,4,20,4,19,4,18,4,18,4,17,5,17,6,17,6,16,7,4,1,0,0,0,0,0,0,0,0,0,0,0,0,0,0,0,0,0,0,4,0,16,3,16,4,16,5,16,5,16,6,17,6,17,7,18,7,18,8,18,8,18,8,18,9,18,9,18,9,18,8,18,8,18,8,19,8,20,7,20,7,21,7,21,7,21,6,22,6,22,6,22,7]"
CSI_DATA,225890,d8:b1:90:db:e8:90,-53,11,1,7,0,0,1,0,0,0,1,-94,0,4,0,-802613594,0,100,0,128,1,"[100,-64,5,0,-26,4,-26,4,-25,4,-25,4,-24,4,-24,5,-24,5,-24,6,-23,6,-23,6,-23,7,-23,7,-22,8,-22,8,-22,7,-22,7,-22,7,-21,6,-21,6,-21,5,-21,5,-20,5,-20,4,-20,3,-20,2,-5,0,0,0,0,0,0,0,0,0,0,0,0,0,0,0,0,0,0,0,-5,1,-19,3,-20,3,-20,2,-21,2,-21,1,-22,1,-22,1,-23,1,-23,0,-23,0,-23,-1,-24,-1,-24,-1,-24,-1,-24,-1,-24,-1,-24,0,-24,0,-24,0,-25,1,-25,1,-25,2,-25,2,-26,2,-26,2,-26,3]"
CSI_DATA,225891,d8:b1:90:db:e8:90,-53,11,1,7,0,0,1,0,0,0,1,-94,0,4,0,-802602631,0,100,0,128,1,"[100,-64,5,0,-24,-11,-24,-11,-24,-11,-24,-10,-24,-10,-24,-9,-24,-9,-23,-9,-23,-8,-23,-8,-23,-8,-24,-7,-24,-7,-24,-7,-23,-7,-23,-7,-22,-7,-22,-8,-21,-8,-21,-8,-21,-7,-22,-7,-22,-8,-20,-9,-18,-9,-5,-3,0,0,0,0,0,0,0,0,0,0,0,0,0,0,0,0,0,0,-5,-2,-18,-7,-18,-8,-17,-9,-17,-10,-18,-10,-18,-11,-19,-11,-19,-11,-19,-12,-19,-13,-19,-13,-20,-13,-20,-14,-20,-14,-20,-13,-20,-13,-21,-13,-21,-12,-22,-12,-22,-11,-22,-11,-23,-11,-23,-11,-24,-11,-24,-11,-24,-11]"
CSI_DATA,225892,d8:b1:90:db:e8:90,-53,11,1,7,0,0,1,0,0,0,1,-94,0,4,0,-802590288,0,100,0,128,1,"[100,-64,5,0,22,-13,22,-13,22,-13,22,-13,22,-14,21,-14,21,-14,20,-13,20,-14,19,-14,19,-15,19,-15,19,-15,19,-16,19,-15,19,-14,18,-14,17,-13,17,-13,17,-13,18,-13,17,-12,17,-11,18,-9,20,-8,5,-2,0,0,0,0,0,0,0,0,0,0,0,0,0,0,0,0,0,0,4,-3,16,-11,16,-10,17,-10,17,-9,18,-9,19,-9,19,-9,20,-9,20,-9,21,-9,21,-8,22,-8,22,-9,22,-9,22,-9,22,-9,22,-10,22,-10,21,-11,21,-11,21,-12,22,-12,22,-13,22,-13,23,-13,23,-14]"
CSI_DATA,225893,d8:b1:90:db:e8:90,-53,11,1,7,0,0,1,0,0,0,1,-94,0,4,0,-802580075,0,100,0,128,1,"[100,-64,5,0,26,11,26,10,26,10,26,10,26,9,25,9,25,8,25,7,24,7,25,6,25,6,25,6,25,6,25,6,24,6,24,6,24,7,24,7,23,7,22,7,22,7,21,7,21,8,20,9,19,10,4,2,0,0,0,0,0,0,0,0,0,0,0,0,0,0,0,0,0,0,5,1,20,5,20,6,20,8,20,9,21,9,21,10,20,10,20,11,21,12,21,12,22,13,22,13,22,13,22,13,22,13,23,13,23,13,23,12,23,12,24,11,24,11,25,11,26,10,27,10,27,10,27,10]"
CSI_DATA,225894,d8:b1:90:db:e8:90,-52,11,1,7,0,0,1,0,0,0,1,-96,0,4,0,-802567788,0,100,0,128,1,"[100,-64,5,0,17,22,17,21,17,21,17,20,17,20,17,20,17,19,17,18,17,17,17,17,18,17,18,17,18,17,17,17,17,17,17,17,17,17,16,17,15,17,15,16,14,16,14,16,13,16,12,17,11,18,2,4,0,0,0,0,0,0,0,0,0,0,0,0,0,0,0,0,0,0,3,3,15,14,14,15,13,16,13,17,13,18,12,18,12,19,11,19,11,20,12,20,12,21,12,22,12,22,12,22,12,23,13,22,13,22,14,22,14,21,14,21,15,21,16,21,17,22,17,22,18,22,18,22]"
CSI_DATA,225895,d8:b1:90:db:e8:90,-51,11,1,7,0,0,1,0,0,0,1,-96,0,4,0,-802546073,0,100,0,128,1,"[100,-64,5,0,-26,-8,-26,-7,-26,-7,-26,-6,-26,-6,-25,-5,-25,-5,-25,-4,-25,-4,-24,-4,-25,-4,-25,-4,-25,-4,-25,-4,-24,-4,-24,-4,-23,-4,-23,-4,-22,-5,-22,-5,-22,-6,-21,-6,-20,-7,-20,-8,-19,-8,-5,-3,0,0,0,0,0,0,0,0,0,0,0,0,0,0,0,0,0,0,-5,-1,-20,-4,-20,-5,-20,-6,-20,-7,-20,-7,-20,-8,-21,-8,-21,-9,-21,-9,-21,-10,-22,-10,-21,-11,-22,-11,-22,-11,-22,-10,-22,-10,-22,-10,-23,-9,-23,-9,-24,-8,-24,-8,-25,-8,-25,-8,-26,-8,-26,-8,-26,-7]"
CSI_DATA,225896,d8:b1:90:db:e8:90,-51,11,1,7,0,0,1,0,0,0,1,-96,0,4,0,-802528299,0,100,0,128,1,"[100,-64,5,0,8,-25,8,-25,8,-25,7,-25,7,-25,6,-25,6,-25,5,-25,5,-25,4,-24,4,-24,4,-24,5,-24,5,-25,5,-24,5,-24,5,-23,5,-23,6,-22,6,-22,6,-21,7,-21,7,-20,8,-20,9,-19,2,-5,0,0,0,0,0,0,0,0,0,0,0,0,0,0,0,0,0,0,1,-5,5,-19,6,-19,7,-19,7,-19,8,-19,8,-19,9,-20,9,-20,10,-20,10,-21,11,-21,11,-21,11,-21,11,-21,11,-21,11,-21,10,-21,10,-22,9,-22,9,-23,9,-23,9,-24,9,-24,9,-25,9,-25,9,-26]"
CSI_DATA,225897,d8:b1:90:db:e8:90,-51,11,1,7,0,0,1,0,0,0,1,-96,0,4,0,-802504472,0,100,0,128,1,"[100,-64,5,0,17,16,17,16,17,16,17,16,17,15,17,14,17,14,17,13,16,13,17,12,17,12,17,12,17,12,16,12,16,12,16,11,16,11,16,11,15,11,14,11,14,11,13,11,13,11,12,12,12,12,2,3,0,0,0,0,0,0,0,0,0,0,0,0,0,0,0,0,0,0,3,2,13,11,13,12,12,12,12,13,12,13,12,14,12,15,12,15,12,16,12,16,12,17,12,17,12,17,12,17,12,17,13,17,13,17,13,17,14,16,14,16,15,16,15,16,16,16,17,16,17,16,17,17]"
CSI_DATA,225898,d8:b1:90:db:e8:90,-51,11,1,7,0,0,1,0,0,0,1,-96,0,4,0,-802494084,0,100,0,128,1,"[100,-64,5,0,-5,26,-4,26,-4,25,-4,25,-4,25,-3,25,-3,24,-3,24,-2,24,-2,23,-2,23,-2,23,-1,23,-1,23,-1,23,-1,23,-2,23,-2,22,-2,21,-3,21,-3,21,-3,20,-4,20,-5,20,-5,19,-1,4,0,0,0,0,0,0,0,0,0,0,0,0,0,0,0,0,0,0,-1,4,-2,19,-2,19,-3,19,-4,19,-4,19,-5,19,-5,20,-6,21,-6,21,-7,22,-8,22,-8,22,-8,22,-8,22,-8,23,-8,23,-7,23,-7,23,-6,23,-6,23,-5,24,-5,24,-5,25,-4,26,-5,26,-5,27]"
CSI_DATA,225899,d8:b1:90:db:e8:90,-51,11,1,7,0,0,1,0,0,0,1,-96,0,4,0,-802479243,0,100,0,128,1,"[100,-64,5,0,8,22,8,21,8,21,9,21,9,21,9,20,10,20,10,19,10,19,10,19,10,18,10,18,10,18,10,18,10,18,10,18,10,18,9,18,9,18,8,17,8,17,7,17,7,17,6,17,5,17,1,4,0,0,0,0,0,0,0,0,0,0,0,0,0,0,0,0,0,0,1,4,5,16,5,16,4,17,4,17,3,18,3,18,3,18,3,19,3,19,3,20,2,20,2,20,3,20,3,20,3,20,3,20,3,20,4,20,4,21,5,21,6,21,6,22,7,22,7,22,7,22,7,22]"
CSI_DATA,225900,d8:b1:90:db:e8:90,-51,11,1,7,0,0,1,0,0,0,1,-96,0,4,0,-802467683,0,100,0,128,1,"[100,-64,5,0,15,-25,14,-25,14,-25,14,-25,14,-25,13,-25,12,-25,12,-25,11,-25,11,-25,10,-25,10,-25,9,-24,9,-24,10,-24,10,-24,10,-24,11,-23,11,-23,11,-22,11,-22,12,-21,12,-20,12,-19,12,-19,3,-5,0,0,0,0,0,0,0,0,0,0,0,0,0,0,0,0,0,0,2,-5,10,-19,11,-19,12,-19,13,-18,13,-18,14,-18,15,-19,15,-19,16,-19,16,-19,17,-19,17,-19,17,-19,17,-20,17,-19,17,-20,17,-20,17,-21,16,-22,16,-22,16,-23,16,-23,16,-24,16,-24,16,-24,16,-25]"
CSI_DATA,225901,d8:b1:90:db:e8:90,-51,11,1,7,0,0,1,0,0,0,1,-96,0,4,0,-802457825,0,100,0,128,1,"[100,-64,5,0,28,-9,27,-9,27,-9,26,-9,26,-9,25,-10,25,-10,25,-10,25,-10,24,-10,24,-10,24,-11,24,-11,24,-11,23,-11,23,-10,22,-10,22,-9,22,-9,22,-8,22,-8,22,-7,21,-6,21,-5,20,-5,5,-1,0,0,0,0,0,0,0,0,0,0,0,0,0,0,0,0,0,0,4,-2,20,-7,20,-7,21,-6,21,-6,22,-5,23,-5,23,-5,24,-4,24,-4,25,-4,25,-4,25,-4,25,-4,25,-4,25,-4,25,-4,26,-5,26,-5,26,-5,26,-6,26,-7,27,-7,27,-7,27,-7,28,-8,28,-8]"
CSI_DATA,225902,d8:b1:90:db:e8:90,-51,11,1,7,0,0,1,0,0,0,1,-96,0,4,0,-802446619,0,100,0,128,1,"[100,-64,5,0,-23,-8,-23,-8,-23,-8,-22,-7,-22,-6,-22,-6,-22,-6,-22,-6,-22,-6,-22,-5,-22,-5,-22,-5,-22,-5,-22,-5,-21,-5,-21,-4,-20,-5,-20,-5,-19,-5,-19,-5,-19,-6,-19,-6,-18,-6,-18,-7,-17,-7,-5,-2,0,0,0,0,0,0,0,0,0,0,0,0,0,0,0,0,0,0,-5,-2,-17,-6,-17,-7,-17,-7,-17,-8,-18,-8,-18,-9,-18,-10,-18,-10,-18,-10,-19,-10,-19,-10,-19,-10,-19,-10,-19,-11,-19,-11,-19,-11,-20,-11,-20,-10,-20,-10,-21,-10,-21,-9,-21,-9,-21,-9,-22,-8,-23,-8,-23,-8]"
CSI_DATA,225903,d8:b1:90:db:e8:90,-51,11,1,7,0,0,1,0,0,0,1,-96,0,4,0,-802436206,0,100,0,128,1,"[100,-64,5,0,-1,23,-1,23,0,23,0,22,1,22,1,22,1,21,2,21,2,21,2,21,2,21,3,21,3,21,3,21,3,20,3,20,2,20,2,19,2,19,2,19,1,18,1,18,0,18,-1,18,-2,18,-1,4,0,0,0,0,0,0,0,0,0,0,0,0,0,0,0,0,0,0,0,4,1,16,0,17,-1,17,-2,17,-3,18,-3,18,-3,18,-3,19,-4,19,-4,20,-4,20,-4,20,-4,20,-4,20,-4,20,-4,20,-4,20,-3,21,-3,21,-3,22,-2,22,-2,23,-1,23,-1,23,-1,23,-1,24]"
CSI_DATA,225904,d8:b1:90:db:e8:90,-51,11,1,7,0,0,1,0,0,0,1,-96,0,4,0,-802425329,0,100,0,128,1,"[100,-64,5,0,-23,15,-22,15,-21,15,-21,15,-21,15,-20,16,-19,16,-19,16,-18,16,-18,16,-18,16,-18,16,-18,16,-17,16,-17,16,-17,15,-17,15,-17,15,-17,14,-17,13,-17,13,-17,12,-17,11,-17,11,-18,10,-5,2,0,0,0,0,0,0,0,0,0,0,0,0,0,0,0,0,0,0,-4,3,-17,12,-17,11,-17,10,-18,10,-19,10,-19,10,-20,9,-21,9,-21,9,-21,9,-22,8,-23,8,-23,8,-23,8,-23,9,-24,9,-23,10,-23,11,-22,11,-22,11,-22,12,-22,13,-23,13,-23,14,-23,14,-23,15]"
CSI_DATA,225905,d8:b1:90:db:e8:90,-51,11,1,7,0,0,1,0,0,0,1,-96,0,4,0,-802401616,0,100,0,128,1,"[100,-64,5,0,23,-3,23,-3,23,-3,23,-3,23,-4,23,-4,22,-5,21,-5,21,-5,21,-5,20,-5,20,-5,20,-5,20,-5,20,-6,20,-6,20,-5,20,-5,19,-4,19,-3,19,-3,18,-2,18,-1,18,-1,18,0,4,0,0,0,0,0,0,0,0,0,0,0,0,0,0,0,0,0,0,0,4,-1,18,-3,17,-3,17,-2,18,-2,18,-1,18,-1,18,0,19,0,19,0,20,1,20,1,20,1,20,1,21,1,21,1,22,1,22,0,22,0,22,0,22,-1,22,-1,23,-2,23,-2,23,-2,24,-2,25,-2]"
CSI_DATA,225906,d8:b1:90:db:e8:90,-51,11,1,7,0,0,1,0,0,0,1,-96,0,4,0,-802389567,0,100,0,128,1,"[100,-64,5,0,-13,-24,-13,-23,-13,-23,-13,-23,-13,-22,-13,-22,-14,-21,-14,-21,-14,-21,-15,-20,-15,-20,-15,-20,-14,-20,-14,-20,-14,-20,-13,-20,-13,-20,-12,-19,-11,-19,-12,-19,-13,-19,-12,-19,-10,-18,-9,-18,-6,-19,-2,-5,0,0,0,0,0,0,0,0,0,0,0,0,0,0,0,0,0,0,-3,-5,-10,-17,-10,-18,-9,-18,-8,-19,-8,-19,-8,-20,-8,-20,-8,-21,-8,-22,-8,-22,-8,-22,-8,-22,-8,-23,-8,-23,-8,-23,-9,-23,-9,-22,-10,-22,-10,-23,-10,-23,-11,-24,-12,-24,-12,-24,-13,-24,-13,-24,-13,-24]"
CSI_DATA,225907,d8:b1:90:db:e8:90,-51,11,1,7,0,0,1,0,0,0,1,-96,0,4,0,-802375370,0,100,0,128,1,"[100,-64,5,0,24,-8,23,-8,23,-8,23,-9,23,-9,22,-9,22,-9,21,-10,21,-10,21,-11,21,-11,21,-10,21,-10,20,-10,20,-10,20,-10,19,-9,19,-9,19,-9,19,-8,19,-8,18,-7,18,-6,18,-5,19,-3,4,-1,0,0,0,0,0,0,0,0,0,0,0,0,0,0,0,0,0,0,4,-2,17,-8,17,-8,18,-7,18,-6,18,-6,19,-6,20,-6,21,-5,21,-5,21,-5,22,-5,22,-5,22,-5,22,-5,22,-5,22,-6,22,-6,22,-7,23,-7,23,-7,23,-8,24,-8,23,-9,24,-9,24,-9,25,-8]"
CSI_DATA,225908,d8:b1:90:db:e8:90,-51,11,1,7,0,0,1,0,0,0,1,-96,0,4,0,-802358187,0,100,0,128,1,"[100,-64,5,0,13,-20,13,-20,12,-20,12,-19,11,-19,11,-19,11,-19,11,-20,11,-20,10,-20,10,-19,10,-19,9,-19,9,-19,9,-19,9,-19,9,-18,9,-18,9,-18,9,-17,10,-17,10,-16,10,-15,11,-15,11,-14,2,-4,0,0,0,0,0,0,0,0,0,0,0,0,0,0,0,0,0,0,2,-4,9,-15,9,-15,10,-15,11,-15,12,-15,12,-15,12,-15,13,-15,13,-16,14,-16,14,-15,15,-15,15,-15,14,-16,14,-16,14,-16,14,-17,14,-17,14,-18,13,-18,13,-19,13,-19,13,-19,13,-19,13,-20,14,-20]"
CSI_DATA,225909,d8:b1:90:db:e8:90,-51,11,1,7,0,0,1,0,0,0,1,-96,0,4,0,-802342532,0,100,0,128,1,"[100,-64,5,0,12,23,12,22,13,22,13,22,14,21,14,20,14,20,14,19,14,19,14,19,14,19,14,18,14,18,14,18,14,18,14,18,14,18,13,18,13,18,12,18,11,18,10,17,9,18,8,18,8,18,1,4,0,0,0,0,0,0,0,0,0,0,0,0,0,0,0,0,0,0,2,4,9,16,9,17,8,17,8,18,7,19,8,19,8,20,8,20,8,21,7,22,7,22,6,23,7,23,7,23,7,22,8,22,8,22,9,22,9,23,9,23,10,23,11,23,11,23,11,23,11,24,12,24]"
CSI_DATA,225910,d8:b1:90:db:e8:90,-51,11,1,7,0,0,1,0,0,0,1,-96,0,4,0,-802331222,0,100,0,128,1,"[100,-64,5,0,13,22,13,22,13,21,14,21,14,21,14,20,14,20,14,19,14,19,15,18,15,18,15,17,15,17,15,17,15,17,15,17,15,16,14,17,13,16,12,16,11,16,11,16,10,17,9,17,8,17,2,4,0,0,0,0,0,0,0,0,0,0,0,0,0,0,0,0,0,0,3,3,12,14,11,15,11,16,10,16,10,17,10,18,10,18,10,19,10,20,10,20,10,20,10,20,10,21,10,21,10,21,10,20,11,20,11,20,12,21,13,21,13,21,13,21,14,22,14,22,14,22,14,23]"
CSI_DATA,225911,d8:b1:90:db:e8:90,-51,11,1,7,0,0,1,0,0,0,1,-96,0,4,0,-802307288,0,100,0,128,1,"[100,-64,5,0,19,-22,18,-22,18,-23,18,-23,18,-22,17,-22,17,-22,16,-23,15,-23,15,-23,14,-23,14,-23,13,-23,13,-23,13,-23,13,-22,13,-22,13,-21,13,-20,14,-20,14,-19,14,-18,14,-17,15,-17,15,-16,4,-4,0,0,0,0,0,0,0,0,0,0,0,0,0,0,0,0,0,0,2,-5,11,-18,12,-18,13,-18,13,-18,14,-17,15,-18,16,-18,17,-18,17,-18,17,-18,18,-18,18,-18,18,-18,18,-18,18,-19,18,-19,17,-20,18,-20,18,-20,18,-21,18,-21,18,-22,18,-22,19,-23,19,-23,20,-23]"
CSI_DATA,225912,d8:b1:90:db:e8:90,-51,11,1,7,0,0,1,0,0,0,1,-96,0,4,0,-802295511,0,100,0,128,1,"[100,-64,5,0,-20,19,-20,19,-19,18,-19,18,-18,18,-17,18,-17,18,-16,18,-15,18,-15,18,-15,19,-15,19,-15,19,-15,19,-15,18,-16,18,-15,17,-15,17,-15,16,-15,15,-15,14,-15,14,-15,13,-16,12,-17,12,-5,3,0,0,0,0,0,0,0,0,0,0,0,0,0,0,0,0,0,0,-4,3,-14,14,-15,13,-16,12,-17,12,-17,12,-18,12,-19,12,-19,12,-20,12,-20,12,-20,12,-20,12,-20,12,-20,13,-21,13,-21,13,-21,14,-20,14,-20,15,-19,15,-19,15,-19,16,-20,17,-20,17,-20,18,-20,18]"
CSI_DATA,225913,d8:b1:90:db:e8:90,-51,11,1,7,0,0,1,0,0,0,1,-96,0,4,0,-802284757,0,100,0,128,1,"[100,-64,5,0,4,-27,3,-26,3,-26,3,-26,3,-25,2,-25,2,-25,1,-24,1,-24,0,-24,0,-24,0,-24,0,-24,0,-24,1,-24,1,-23,1,-23,2,-23,3,-22,4,-21,3,-21,4,-20,4,-20,4,-20,4,-20,1,-5,0,0,0,0,0,0,0,0,0,0,0,0,0,0,0,0,0,0,0,-5,1,-20,2,-19,3,-20,3,-20,4,-20,5,-21,6,-21,6,-21,6,-22,7,-22,7,-22,7,-22,6,-22,6,-23,7,-23,7,-23,6,-24,6,-24,6,-24,5,-24,5,-24,4,-25,4,-25,4,-26,4,-26,4,-27]"
CSI_DATA,225914,d8:b1:90:db:e8:90,-51,11,1,7,0,0,1,0,0,0,1,-96,0,4,0,-802272394,0,100,0,128,1,"[100,-64,5,0,-24,-14,-24,-14,-23,-13,-24,-12,-24,-12,-23,-11,-23,-11,-23,-10,-23,-10,-23,-10,-23,-9,-23,-9,-22,-9,-22,-8,-22,-9,-22,-9,-22,-8,-21,-8,-21,-9,-20,-9,-20,-10,-19,-10,-19,-11,-18,-12,-17,-13,-5,-4,0,0,0,0,0,0,0,0,0,0,0,0,0,0,0,0,0,0,-5,-3,-18,-9,-18,-10,-18,-11,-18,-12,-18,-12,-18,-13,-18,-13,-18,-14,-18,-15,-18,-16,-18,-17,-19,-17,-19,-17,-19,-17,-19,-17,-19,-17,-20,-16,-20,-16,-21,-16,-22,-15,-23,-15,-23,-15,-23,-14,-23,-14,-23,-14,-24,-15]"
CSI_DATA,225915,d8:b1:90:db:e8:90,-51,11,1,7,0,0,1,0,0,0,1,-96,0,4,0,-802261416,0,100,0,128,1,"[100,-64,5,0,24,10,24,10,24,9,24,9,24,8,24,8,24,7,23,7,23,6,23,6,23,5,23,5,23,5,22,5,22,5,22,5,22,5,21,5,21,6,21,6,20,6,19,7,19,7,18,9,18,10,4,2,0,0,0,0,0,0,0,0,0,0,0,0,0,0,0,0,0,0,4,1,18,5,18,6,18,7,18,8,18,9,18,9,18,10,18,11,19,12,19,12,19,12,19,13,19,13,20,13,20,13,20,13,20,13,21,12,22,12,22,12,23,12,23,11,23,11,23,10,24,10,24,11]"
CSI_DATA,225916,d8:b1:90:db:e8:90,-52,11,1,7,0,0,1,0,0,0,1,-96,0,4,0,-802241773,0,100,0,128,1,"[100,-64,5,0,-8,-28,-8,-28,-8,-27,-9,-27,-9,-26,-10,-26,-10,-26,-10,-25,-11,-25,-11,-24,-12,-24,-12,-24,-12,-24,-12,-23,-12,-23,-12,-22,-11,-22,-11,-22,-10,-21,-10,-21,-10,-21,-9,-20,-8,-21,-8,-21,-7,-22,-2,-6,0,0,0,0,0,0,0,0,0,0,0,0,0,0,0,0,0,0,-3,-5,-8,-20,-7,-21,-6,-22,-5,-22,-5,-23,-5,-23,-5,-24,-4,-24,-4,-25,-4,-25,-3,-25,-3,-25,-3,-26,-4,-26,-4,-26,-4,-26,-5,-26,-6,-26,-6,-27,-7,-27,-7,-27,-8,-27,-7,-27,-7,-27,-8,-28,-8,-28]"
CSI_DATA,225917,d8:b1:90:db:e8:90,-51,11,1,7,0,0,1,0,0,0,1,-96,0,4,0,-802231281,0,100,0,128,1,"[100,-64,5,0,10,24,10,24,10,23,10,23,10,22,11,22,11,21,11,21,11,20,11,20,11,20,11,20,11,20,11,20,11,20,11,19,10,19,10,19,9,18,9,19,9,18,8,18,7,18,7,18,6,18,1,4,0,0,0,0,0,0,0,0,0,0,0,0,0,0,0,0,0,0,2,4,8,16,8,17,7,18,7,18,6,19,6,19,6,20,6,20,6,21,6,21,5,22,5,22,5,22,5,23,5,23,5,23,6,23,6,23,7,23,8,23,8,23,9,23,9,23,9,23,10,24,10,24]"
CSI_DATA,225918,d8:b1:90:db:e8:90,-51,11,1,7,0,0,1,0,0,0,1,-96,0,4,0,-802209233,0,100,0,128,1,"[100,-64,5,0,12,20,12,19,13,19,13,19,13,18,13,18,13,17,13,17,12,17,13,17,13,16,13,16,13,16,13,16,13,16,13,16,13,16,12,15,12,15,12,15,11,15,10,15,10,15,9,16,8,16,2,4,0,0,0,0,0,0,0,0,0,0,0,0,0,0,0,0,0,0,2,3,9,13,9,14,8,15,8,16,7,16,8,17,7,17,7,17,7,18,7,18,7,19,8,20,8,20,8,20,7,20,7,20,8,20,9,20,9,20,10,20,10,20,11,20,11,19,11,20,12,20,12,20]"
CSI_DATA,225919,d8:b1:90:db:e8:90,-51,11,1,7,0,0,1,0,0,0,1,-96,0,4,0,-802198563,0,100,0,128,1,"[100,-64,5,0,-10,-26,-10,-26,-10,-25,-11,-25,-11,-24,-11,-24,-12,-23,-12,-23,-12,-22,-12,-22,-13,-22,-12,-21,-12,-21,-12,-21,-12,-21,-12,-21,-12,-21,-12,-20,-12,-20,-11,-20,-10,-20,-10,-20,-9,-20,-8,-20,-7,-20,-2,-5,0,0,0,0,0,0,0,0,0,0,0,0,0,0,0,0,0,0,-2,-5,-8,-18,-7,-19,-6,-20,-5,-21,-5,-21,-5,-21,-4,-22,-4,-22,-4,-23,-4,-23,-4,-23,-4,-24,-4,-24,-4,-24,-4,-24,-5,-24,-5,-24,-6,-24,-7,-24,-7,-24,-8,-24,-8,-25,-9,-25,-9,-25,-9,-26,-9,-26]"
CSI_DATA,225920,d8:b1:90:db:e8:90,-51,11,1,7,0,0,1,0,0,0,1,-96,0,4,0,-802183954,0,100,0,128,1,"[100,-64,5,0,-22,16,-22,16,-21,16,-21,16,-20,16,-20,16,-19,16,-18,16,-18,16,-17,16,-17,17,-17,16,-17,16,-17,16,-17,16,-17,16,-17,17,-17,16,-17,15,-16,14,-16,14,-16,14,-16,13,-16,11,-15,8,-4,2,0,0,0,0,0,0,0,0,0,0,0,0,0,0,0,0,0,0,-4,3,-15,13,-15,13,-16,12,-17,12,-18,11,-19,11,-19,11,-20,11,-20,11,-21,11,-21,11,-21,11,-21,11,-21,11,-21,11,-21,11,-21,12,-21,12,-21,13,-21,13,-21,14,-21,15,-21,15,-21,16,-22,16,-22,16]"
CSI_DATA,225921,d8:b1:90:db:e8:90,-51,11,1,7,0,0,1,0,0,0,1,-96,0,4,0,-802171276,0,100,0,128,1,"[100,-64,5,0,-19,19,-18,19,-18,20,-17,20,-16,20,-16,20,-15,20,-15,19,-14,19,-14,19,-14,19,-14,19,-14,19,-14,19,-14,18,-13,18,-13,18,-13,17,-14,17,-14,16,-15,15,-15,15,-15,14,-16,13,-17,12,-5,2,0,0,0,0,0,0,0,0,0,0,0,0,0,0,0,0,0,0,-4,3,-13,15,-14,14,-15,13,-16,13,-16,13,-17,13,-18,13,-18,13,-19,13,-19,13,-19,13,-19,13,-19,13,-20,13,-20,14,-20,14,-20,15,-20,15,-20,16,-19,17,-19,17,-19,18,-19,18,-19,19,-19,19,-20,20]"
CSI_DATA,225922,d8:b1:90:db:e8:90,-51,11,1,7,0,0,1,0,0,0,1,-96,0,4,0,-802160668,0,100,0,128,1,"[100,-64,5,0,-30,-4,-30,-4,-30,-3,-29,-2,-29,-2,-29,-1,-29,0,-28,-1,-27,0,-27,0,-27,1,-27,0,-27,0,-26,0,-25,0,-26,0,-26,-1,-25,-1,-25,-2,-24,-3,-24,-3,-25,-4,-24,-5,-22,-6,-22,-7,-6,-2,0,0,0,0,0,0,0,0,0,0,0,0,0,0,0,0,0,0,-6,-1,-22,-3,-22,-4,-22,-6,-22,-6,-22,-7,-22,-7,-23,-8,-24,-8,-24,-8,-24,-9,-24,-9,-24,-9,-24,-9,-25,-9,-25,-9,-26,-9,-26,-9,-27,-8,-27,-7,-28,-6,-28,-6,-29,-5,-30,-5,-30,-5,-30,-5,-31,-4]"
CSI_DATA,225923,d8:b1:90:db:e8:90,-51,11,1,7,0,0,1,0,0,0,1,-96,0,4,0,-802149008,0,100,0,128,1,"[100,-64,5,0,-26,5,-26,5,-25,5,-25,5,-25,5,-24,6,-24,6,-23,6,-23,6,-23,7,-23,7,-23,7,-22,7,-22,7,-22,7,-22,7,-22,6,-21,6,-21,5,-21,5,-21,4,-21,4,-21,3,-20,2,-20,2,-5,0,0,0,0,0,0,0,0,0,0,0,0,0,0,0,0,0,0,0,-5,1,-19,4,-20,3,-20,2,-20,1,-20,1,-21,1,-22,1,-22,1,-23,1,-23,0,-24,0,-24,0,-24,0,-24,0,-24,0,-24,1,-24,1,-24,2,-24,2,-25,3,-25,4,-25,4,-25,4,-25,4,-25,4,-26,4]"
CSI_DATA,225924,d8:b1:90:db:e8:90,-51,11,1,7,0,0,1,0,0,0,1,-96,0,4,0,-802136308,0,100,0,128,1,"[100,-64,5,0,24,-13,23,-13,22,-13,22,-13,21,-13,21,-14,20,-14,20,-14,19,-15,19,-15,18,-15,18,-15,18,-16,18,-15,18,-15,18,-15,18,-15,18,-14,18,-14,18,-13,18,-13,18,-12,18,-11,17,-10,17,-9,4,-3,0,0,0,0,0,0,0,0,0,0,0,0,0,0,0,0,0,0,4,-3,16,-11,17,-10,17,-10,17,-10,18,-9,18,-9,19,-9,20,-9,21,-9,21,-9,22,-9,22,-8,22,-8,22,-8,22,-8,22,-8,22,-8,22,-9,22,-10,22,-11,22,-11,23,-12,23,-12,23,-12,24,-12,24,-12]"
CSI_DATA,225925,d8:b1:90:db:e8:90,-52,11,1,7,0,0,1,0,0,0,1,-96,0,4,0,-802125882,0,100,0,128,1,"[100,-64,5,0,24,-15,24,-15,23,-15,23,-15,23,-15,22,-16,21,-16,21,-16,20,-16,20,-16,19,-17,19,-17,19,-17,18,-17,19,-17,19,-17,20,-16,19,-16,19,-15,19,-14,19,-14,19,-13,19,-12,19,-11,19,-10,4,-3,0,0,0,0,0,0,0,0,0,0,0,0,0,0,0,0,0,0,4,-4,16,-14,17,-13,17,-13,17,-13,18,-12,19,-12,20,-12,21,-11,22,-11,22,-11,22,-11,23,-11,23,-11,23,-11,23,-11,23,-10,23,-11,23,-12,23,-12,23,-13,23,-14,24,-14,24,-14,24,-14,25,-15,25,-15]"
CSI_DATA,225926,d8:b1:90:db:e8:90,-51,11,1,7,0,0,1,0,0,0,1,-96,0,4,0,-802102333,0,100,0,128,1,"[100,-64,5,0,28,1,28,1,27,1,26,0,26,-1,26,-1,26,-2,25,-2,25,-3,24,-3,24,-3,24,-4,24,-4,23,-4,23,-4,23,-3,23,-3,22,-3,22,-2,22,-2,22,-1,21,0,21,1,20,2,20,3,5,0,0,0,0,0,0,0,0,0,0,0,0,0,0,0,0,0,0,0,4,-1,19,-1,19,0,20,0,20,1,20,1,21,1,22,2,22,2,23,3,23,3,24,4,24,4,24,4,24,4,24,3,25,3,25,3,25,2,25,2,25,1,26,1,26,1,27,1,27,2,28,1,28,1]"
CSI_DATA,225927,d8:b1:90:db:e8:90,-51,11,1,7,0,0,1,0,0,0,1,-96,0,4,0,-802091953,0,100,0,128,1,"[100,-64,5,0,28,-8,28,-8,27,-9,26,-9,26,-9,25,-10,25,-10,25,-10,25,-10,24,-10,24,-11,24,-11,23,-11,23,-12,23,-11,23,-11,23,-10,22,-10,22,-10,22,-9,22,-8,22,-8,21,-7,21,-6,21,-6,5,-2,0,0,0,0,0,0,0,0,0,0,0,0,0,0,0,0,0,0,5,-2,20,-8,20,-7,20,-7,21,-6,21,-6,22,-5,23,-4,24,-4,24,-4,25,-3,25,-3,26,-3,26,-3,26,-3,26,-3,26,-3,26,-4,27,-4,27,-5,27,-5,27,-6,27,-6,27,-7,27,-7,28,-7,29,-8]"
CSI_DATA,225928,d8:b1:90:db:e8:90,-51,11,1,7,0,0,1,0,0,0,1,-96,0,4,0,-802081701,0,100,0,128,1,"[100,-64,5,0,29,-5,28,-5,28,-6,27,-6,27,-7,26,-7,26,-7,26,-7,26,-7,26,-8,25,-8,25,-8,25,-8,25,-8,25,-8,25,-8,24,-7,24,-7,24,-6,23,-6,23,-5,22,-5,22,-4,22,-3,22,-3,5,-1,0,0,0,0,0,0,0,0,0,0,0,0,0,0,0,0,0,0,5,-2,20,-7,20,-7,20,-6,21,-5,21,-5,22,-4,23,-3,23,-3,24,-2,25,-2,25,-2,26,-2,26,-2,26,-2,26,-1,26,-1,26,-2,26,-2,26,-2,26,-3,27,-4,27,-4,27,-5,28,-5,28,-5,29,-6]"
CSI_DATA,225929,d8:b1:90:db:e8:90,-51,11,1,7,0,0,1,0,0,0,1,-96,0,4,0,-802069628,0,100,0,128,1,"[100,-64,5,0,6,29,6,28,7,28,7,27,7,26,8,26,8,25,9,25,9,24,10,24,10,23,10,24,10,23,10,23,9,23,9,23,9,23,8,22,8,22,7,22,6,22,6,21,5,21,4,21,3,21,0,5,0,0,0,0,0,0,0,0,0,0,0,0,0,0,0,0,0,0,1,4,6,19,5,20,4,21,4,21,4,22,3,22,3,23,3,24,2,24,2,24,2,24,2,24,2,25,2,25,2,26,2,26,2,26,3,26,4,26,5,27,6,27,6,28,7,27,7,28,7,28,7,28]"
CSI_DATA,225930,d8:b1:90:db:e8:90,-51,11,1,7,0,0,1,0,0,0,1,-96,0,4,0,-802058416,0,100,0,128,1,"[100,-64,5,0,27,-6,27,-6,26,-6,26,-6,25,-7,25,-7,24,-8,23,-8,23,-8,23,-8,23,-9,22,-9,22,-9,22,-9,22,-8,22,-8,22,-7,21,-7,21,-7,21,-6,21,-6,21,-5,20,-3,19,-3,19,-2,4,-1,0,0,0,0,0,0,0,0,0,0,0,0,0,0,0,0,0,0,4,-2,18,-7,19,-6,19,-5,20,-5,20,-4,21,-4,22,-4,22,-4,23,-3,23,-3,23,-3,23,-3,23,-2,23,-2,24,-2,24,-2,24,-3,25,-3,25,-4,25,-5,25,-5,26,-6,26,-6,26,-6,27,-6,27,-6]"
CSI_DATA,225931,d8:b1:90:db:e8:90,-52,11,1,7,0,0,1,0,0,0,1,-96,0,4,0,-802046534,0,100,0,128,1,"[100,-64,5,0,19,-16,18,-16,18,-17,17,-18,17,-18,16,-18,16,-18,15,-19,14,-19,14,-19,13,-19,13,-19,13,-19,12,-19,12,-19,13,-19,12,-19,12,-18,12,-17,13,-17,13,-16,14,-15,14,-14,14,-14,15,-14,3,-4,0,0,0,0,0,0,0,0,0,0,0,0,0,0,0,0,0,0,3,-4,12,-14,13,-14,14,-13,15,-12,16,-12,16,-12,17,-12,18,-12,18,-12,19,-12,19,-12,19,-12,19,-12,19,-12,19,-12,19,-13,19,-13,19,-14,19,-15,18,-15,18,-16,18,-16,18,-16,19,-16,19,-16,20,-17]"
CSI_DATA,225932,d8:b1:90:db:e8:90,-51,11,1,7,0,0,1,0,0,0,1,-96,0,4,0,-802034307,0,100,0,128,1,"[100,-64,5,0,-21,-16,-21,-16,-21,-16,-21,-16,-21,-15,-21,-14,-21,-14,-21,-13,-21,-12,-21,-11,-22,-11,-21,-11,-21,-10,-21,-10,-21,-10,-21,-10,-21,-10,-20,-11,-19,-11,-19,-12,-18,-12,-18,-12,-17,-13,-16,-14,-16,-14,-4,-4,0,0,0,0,0,0,0,0,0,0,0,0,0,0,0,0,0,0,-5,-3,-18,-10,-17,-11,-16,-12,-16,-13,-16,-14,-16,-14,-16,-15,-16,-15,-16,-16,-17,-17,-17,-17,-17,-17,-17,-17,-17,-18,-17,-18,-17,-17,-18,-17,-18,-17,-19,-17,-19,-16,-19,-16,-20,-16,-20,-16,-20,-16,-21,-17,-21,-17]"
CSI_DATA,225933,d8:b1:90:db:e8:90,-51,11,1,7,0,0,1,0,0,0,1,-96,0,4,0,-802000508,0,100,0,128,1,"[100,-64,5,0,-24,-16,-23,-16,-23,-16,-23,-15,-23,-14,-23,-14,-23,-13,-22,-13,-22,-12,-23,-12,-23,-12,-23,-11,-23,-11,-22,-11,-22,-11,-22,-11,-22,-12,-21,-12,-21,-12,-20,-12,-20,-12,-19,-12,-19,-12,-18,-13,-18,-14,-5,-4,0,0,0,0,0,0,0,0,0,0,0,0,0,0,0,0,0,0,-4,-2,-14,-8,-15,-9,-17,-11,-18,-12,-19,-12,-19,-13,-18,-13,-19,-13,-19,-14,-19,-14,-19,-15,-19,-15,-19,-16,-19,-16,-19,-17,-20,-17,-20,-17,-20,-17,-21,-17,-21,-17,-22,-17,-22,-16,-23,-16,-23,-16,-23,-16,-23,-17]"
CSI_DATA,225934,d8:b1:90:db:e8:90,-51,11,1,7,0,0,1,0,0,0,1,-96,0,4,0,-801988169,0,100,0,128,1,"[100,-64,5,0,25,-15,25,-15,24,-15,25,-14,24,-15,24,-15,23,-15,23,-16,22,-16,22,-16,21,-16,21,-17,21,-16,21,-16,21,-16,20,-15,20,-15,20,-14,20,-13,20,-13,21,-12,19,-11,18,-10,19,-10,19,-10,4,-3,0,0,0,0,0,0,0,0,0,0,0,0,0,0,0,0,0,0,4,-4,18,-13,18,-12,19,-11,19,-10,20,-10,21,-10,22,-10,23,-10,23,-10,23,-10,24,-10,24,-10,24,-10,24,-11,24,-11,24,-11,24,-12,24,-12,23,-13,23,-13,23,-14,24,-15,24,-15,24,-15,25,-15,25,-16]"
CSI_DATA,225935,d8:b1:90:db:e8:90,-51,11,1,7,0,0,1,0,0,0,1,-96,0,4,0,-801978016,0,100,0,128,1,"[100,-64,5,0,-1,-26,-1,-26,-1,-26,-1,-26,-1,-26,-2,-26,-2,-26,-3,-25,-3,-25,-4,-25,-4,-25,-5,-24,-4,-24,-4,-24,-4,-24,-3,-23,-3,-23,-4,-22,-4,-22,-2,-21,-2,-20,-2,-20,-1,-20,0,-20,2,-20,0,-5,0,0,0,0,0,0,0,0,0,0,0,0,0,0,0,0,0,0,-1,-5,-1,-20,0,-20,1,-20,2,-21,2,-21,3,-21,3,-22,3,-22,3,-23,4,-23,4,-23,4,-24,4,-24,3,-24,3,-24,3,-23,2,-24,2,-24,1,-25,0,-25,-1,-25,-1,-25,-1,-26,-1,-26,-1,-27,-1,-27]"
CSI_DATA,225936,d8:b1:90:db:e8:90,-51,11,1,7,0,0,1,0,0,0,1,-96,0,4,0,-801962773,0,100,0,128,1,"[100,-64,5,0,1,-29,1,-28,1,-28,1,-27,0,-27,0,-27,-1,-26,-1,-26,-2,-26,-2,-26,-2,-26,-3,-25,-3,-25,-3,-25,-2,-25,-2,-24,-1,-24,-1,-24,0,-23,0,-23,0,-22,1,-22,1,-21,2,-21,4,-21,1,-6,0,0,0,0,0,0,0,0,0,0,0,0,0,0,0,0,0,0,-1,-6,-2,-21,-1,-21,1,-21,1,-21,2,-22,2,-22,3,-23,4,-23,4,-24,4,-24,5,-24,5,-24,5,-24,5,-25,5,-25,5,-25,4,-25,4,-26,3,-26,3,-26,2,-27,2,-28,2,-27,1,-27,2,-28,2,-29]"
CSI_DATA,225937,d8:b1:90:db:e8:90,-51,11,1,7,0,0,1,0,0,0,1,-96,0,4,0,-801951847,0,100,0,128,1,"[100,-64,5,0,26,12,26,11,26,11,26,10,25,10,26,9,26,9,25,8,25,8,25,7,25,7,25,6,25,6,24,6,24,6,24,7,23,8,23,8,22,8,22,8,21,8,20,8,19,9,18,10,18,10,4,2,0,0,0,0,0,0,0,0,0,0,0,0,0,0,0,0,0,0,5,1,20,6,20,7,19,9,19,10,19,10,20,11,20,11,20,12,21,13,21,13,20,14,20,15,20,15,21,15,21,14,21,13,22,13,22,13,23,13,24,13,24,12,25,12,25,12,25,12,26,12,27,12]"
CSI_DATA,225938,d8:b1:90:db:e8:90,-51,11,1,7,0,0,1,0,0,0,1,-96,0,4,0,-801939290,0,100,0,128,1,"[100,-64,5,0,-11,28,-10,27,-10,27,-10,26,-9,26,-9,26,-8,26,-8,26,-7,26,-7,25,-6,25,-6,25,-6,25,-6,25,-6,25,-6,25,-6,24,-7,24,-7,23,-8,23,-8,22,-9,21,-9,21,-10,20,-12,19,-3,4,0,0,0,0,0,0,0,0,0,0,0,0,0,0,0,0,0,0,-2,5,-6,21,-7,21,-8,20,-9,20,-9,21,-10,21,-11,21,-11,21,-12,22,-12,22,-13,23,-13,23,-13,23,-13,23,-13,23,-13,24,-13,24,-12,24,-12,25,-11,25,-11,26,-11,27,-11,27,-10,27,-10,28,-10,28]"
CSI_DATA,225939,d8:b1:90:db:e8:90,-52,11,1,7,0,0,1,0,0,0,1,-96,0,4,0,-801927303,0,100,0,128,1,"[100,-64,5,0,-15,-22,-15,-21,-15,-21,-15,-21,-15,-20,-16,-20,-16,-19,-16,-19,-16,-18,-16,-18,-17,-17,-17,-18,-16,-18,-16,-17,-16,-17,-15,-17,-15,-17,-14,-17,-14,-17,-14,-17,-14,-17,-13,-17,-12,-17,-11,-17,-10,-17,-3,-5,0,0,0,0,0,0,0,0,0,0,0,0,0,0,0,0,0,0,-4,-4,-12,-16,-12,-16,-11,-17,-11,-17,-11,-17,-11,-18,-11,-19,-11,-19,-11,-20,-11,-20,-11,-21,-11,-21,-11,-21,-11,-21,-10,-21,-10,-21,-11,-21,-12,-21,-12,-21,-13,-21,-13,-21,-14,-21,-14,-22,-14,-22,-15,-23,-15,-23]"
CSI_DATA,225940,d8:b1:90:db:e8:90,-52,11,1,7,0,0,1,0,0,0,1,-96,0,4,0,-801897060,0,100,0,128,1,"[100,-64,5,0,4,28,4,27,4,27,5,27,6,27,6,26,6,26,7,25,7,25,7,25,8,24,8,24,8,24,8,24,8,23,8,24,8,23,7,23,7,23,6,23,6,22,5,22,4,21,3,21,2,21,0,5,0,0,0,0,0,0,0,0,0,0,0,0,0,0,0,0,0,0,1,5,6,20,5,20,4,21,3,21,3,22,2,22,2,23,2,23,1,24,1,24,1,25,0,26,0,26,1,26,1,25,1,25,1,25,2,25,2,25,3,26,4,26,4,26,5,26,5,27,5,28,5,28]"
CSI_DATA,225941,d8:b1:90:db:e8:90,-51,11,1,7,0,0,1,0,0,0,1,-96,0,4,0,-801883133,0,100,0,128,1,"[100,-64,5,0,-24,13,-24,13,-23,14,-22,14,-22,14,-21,14,-20,14,-20,15,-19,15,-19,15,-19,16,-19,16,-19,16,-19,16,-19,16,-19,16,-19,15,-19,14,-19,14,-18,13,-17,13,-18,13,-18,11,-17,10,-17,9,-5,2,0,0,0,0,0,0,0,0,0,0,0,0,0,0,0,0,0,0,-5,3,-17,12,-17,11,-18,10,-18,10,-19,10,-20,10,-20,9,-21,9,-22,9,-22,9,-22,10,-22,10,-23,10,-23,10,-23,9,-23,10,-23,10,-23,11,-23,11,-23,12,-23,13,-23,13,-23,13,-23,14,-23,14,-24,14]"
CSI_DATA,225942,d8:b1:90:db:e8:90,-51,11,1,7,0,0,1,0,0,0,1,-96,0,4,0,-801870784,0,100,0,128,1,"[100,-64,5,0,27,-5,27,-5,26,-5,26,-6,25,-6,25,-7,24,-7,24,-8,23,-8,23,-8,23,-9,23,-9,23,-9,23,-9,23,-9,23,-8,22,-7,22,-7,22,-7,22,-7,22,-6,22,-5,21,-4,20,-3,20,-3,5,-1,0,0,0,0,0,0,0,0,0,0,0,0,0,0,0,0,0,0,4,-2,19,-6,19,-6,20,-5,20,-5,21,-4,21,-3,22,-3,22,-3,23,-3,23,-2,24,-2,24,-2,24,-2,24,-2,24,-2,24,-2,24,-3,25,-3,25,-3,25,-4,26,-5,26,-5,26,-5,27,-5,27,-5,27,-5]"
CSI_DATA,225943,d8:b1:90:db:e8:90,-51,11,1,7,0,0,1,0,0,0,1,-96,0,4,0,-801859906,0,100,0,128,1,"[100,-64,5,0,6,28,7,27,7,27,8,26,8,26,9,25,9,25,10,24,10,24,10,24,10,23,11,23,10,23,10,23,10,23,9,23,8,23,8,23,7,22,7,22,7,21,6,21,5,20,4,20,3,20,0,5,0,0,0,0,0,0,0,0,0,0,0,0,0,0,0,0,0,0,2,4,8,19,7,20,6,20,5,21,5,22,5,23,5,23,4,24,4,24,4,25,3,25,3,25,3,26,3,26,3,26,3,26,3,26,3,26,4,26,5,26,6,27,6,27,6,27,6,27,7,28,7,29]"
CSI_DATA,225944,d8:b1:90:db:e8:90,-51,11,1,7,0,0,1,0,0,0,1,-96,0,4,0,-801848860,0,100,0,128,1,"[100,-64,5,0,1,23,1,22,1,22,2,22,2,22,2,22,2,22,3,21,3,21,4,21,4,21,4,21,4,21,4,21,4,21,4,20,4,20,3,20,3,19,2,19,2,18,1,18,1,18,0,17,-1,17,-1,4,0,0,0,0,0,0,0,0,0,0,0,0,0,0,0,0,0,0,0,4,3,17,2,17,2,18,1,18,1,18,1,19,1,19,1,20,1,20,0,21,0,21,0,21,0,21,0,21,0,20,0,20,0,20,1,21,2,21,2,21,3,22,3,22,2,22,2,23,2,23,2,23]"
CSI_DATA,225945,d8:b1:90:db:e8:90,-51,11,1,7,0,0,1,0,0,0,1,-96,0,4,0,-801836438,0,100,0,128,1,"[100,-64,5,0,-27,11,-26,11,-26,11,-26,11,-26,11,-26,12,-25,12,-24,12,-24,12,-24,12,-23,13,-23,14,-23,14,-23,14,-23,14,-22,13,-22,13,-22,12,-22,11,-22,11,-21,10,-21,9,-21,9,-21,8,-21,7,-6,1,0,0,0,0,0,0,0,0,0,0,0,0,0,0,0,0,0,0,-5,2,-19,10,-20,10,-20,9,-21,8,-21,8,-22,8,-23,8,-23,9,-24,9,-25,8,-25,8,-25,8,-25,8,-25,8,-25,8,-25,8,-24,9,-24,10,-25,10,-25,11,-25,12,-25,12,-26,12,-26,11,-27,12,-27,12]"
CSI_DATA,225946,d8:b1:90:db:e8:90,-51,11,1,7,0,0,1,0,0,0,1,-96,0,4,0,-801824961,0,100,0,128,1,"[100,-64,5,0,-4,27,-3,27,-3,26,-2,25,-2,25,-1,25,-1,24,0,24,0,24,0,23,1,23,1,23,1,24,2,24,2,23,2,23,2,23,1,22,1,22,0,22,0,21,0,21,-1,21,-2,21,-4,20,-1,5,0,0,0,0,0,0,0,0,0,0,0,0,0,0,0,0,0,0,-1,4,-2,19,-3,19,-4,19,-4,19,-5,20,-6,20,-6,20,-7,21,-7,21,-7,21,-7,21,-7,21,-7,22,-7,22,-7,22,-7,22,-7,23,-7,23,-6,23,-6,23,-5,24,-5,24,-5,25,-5,26,-4,26,-4,26]"
CSI_DATA,225947,d8:b1:90:db:e8:90,-52,11,1,7,0,0,1,0,0,0,1,-96,0,4,0,-801795715,0,100,0,128,1,"[100,-64,5,0,6,24,7,24,7,23,7,23,8,23,8,22,8,22,7,22,7,21,8,21,8,21,8,21,8,21,8,21,7,20,7,20,7,20,7,20,6,19,6,20,5,19,5,19,4,19,3,19,3,19,0,4,0,0,0,0,0,0,0,0,0,0,0,0,0,0,0,0,0,0,1,4,7,17,6,17,5,18,5,19,5,19,4,20,4,20,4,20,3,21,3,21,3,22,3,22,3,22,3,22,3,22,3,22,4,22,4,22,4,23,4,23,5,23,5,23,6,23,6,24,6,24,7,25]"
CSI_DATA,225948,d8:b1:90:db:e8:90,-51,11,1,7,0,0,1,0,0,0,1,-96,0,4,0,-801782617,0,100,0,128,1,"[100,-64,5,0,-16,-26,-15,-25,-16,-25,-16,-25,-16,-24,-17,-24,-17,-23,-16,-23,-16,-23,-16,-22,-17,-22,-16,-22,-16,-22,-16,-22,-16,-21,-15,-21,-15,-21,-14,-21,-13,-21,-12,-21,-13,-21,-13,-21,-12,-22,-12,-21,-11,-21,-3,-6,0,0,0,0,0,0,0,0,0,0,0,0,0,0,0,0,0,0,-4,-5,-13,-18,-12,-18,-12,-20,-11,-20,-11,-21,-11,-22,-11,-22,-11,-22,-11,-23,-11,-24,-11,-24,-11,-24,-11,-24,-11,-25,-11,-25,-11,-25,-12,-25,-12,-25,-12,-25,-12,-25,-13,-25,-14,-25,-14,-25,-15,-25,-15,-26,-15,-27]"
CSI_DATA,225949,d8:b1:90:db:e8:90,-51,11,1,7,0,0,1,0,0,0,1,-96,0,4,0,-801766345,0,100,0,128,1,"[100,-64,5,0,26,4,26,4,25,4,25,3,25,3,25,2,25,1,25,1,24,1,24,0,24,0,23,0,23,0,23,0,23,0,23,0,23,0,23,1,22,1,22,1,21,2,21,3,20,4,19,5,19,6,4,1,0,0,0,0,0,0,0,0,0,0,0,0,0,0,0,0,0,0,4,0,19,1,19,2,19,3,19,4,20,4,20,5,20,5,20,5,21,6,21,6,21,7,22,7,22,7,22,7,22,7,22,6,22,6,23,6,24,6,24,6,24,5,25,5,25,4,25,4,25,4,26,4]"
CSI_DATA,225950,d8:b1:90:db:e8:90,-51,11,1,7,0,0,1,0,0,0,1,-96,0,4,0,-801755535,0,100,0,128,1,"[100,-64,5,0,-9,-25,-9,-25,-9,-25,-10,-24,-10,-24,-10,-23,-10,-23,-10,-23,-10,-22,-10,-22,-11,-22,-11,-23,-11,-23,-10,-23,-10,-23,-10,-22,-9,-22,-8,-22,-8,-21,-8,-21,-7,-21,-7,-21,-6,-21,-5,-21,-4,-21,-1,-6,0,0,0,0,0,0,0,0,0,0,0,0,0,0,0,0,0,0,-2,-5,-8,-18,-7,-19,-7,-19,-6,-20,-6,-21,-5,-21,-5,-22,-5,-22,-5,-23,-5,-23,-5,-23,-4,-23,-5,-23,-5,-24,-5,-24,-5,-24,-6,-24,-6,-24,-6,-24,-7,-24,-7,-25,-8,-25,-9,-25,-9,-25,-9,-26,-9,-26]"
CSI_DATA,225951,d8:b1:90:db:e8:90,-51,11,1,7,0,0,1,0,0,0,1,-96,0,4,0,-801743929,0,100,0,128,1,"[100,-64,5,0,-27,12,-26,13,-26,13,-25,13,-24,13,-24,13,-23,13,-23,13,-23,13,-22,13,-23,14,-23,14,-23,14,-23,14,-23,13,-23,13,-22,12,-22,11,-22,11,-22,10,-22,10,-21,9,-21,8,-22,7,-22,6,-6,1,0,0,0,0,0,0,0,0,0,0,0,0,0,0,0,0,0,0,-5,2,-20,10,-20,9,-21,9,-21,8,-22,8,-22,8,-23,8,-24,8,-24,7,-25,7,-25,7,-25,7,-25,7,-25,8,-25,7,-25,8,-25,8,-25,9,-26,9,-26,9,-26,10,-26,11,-26,12,-27,12,-27,13,-27,13]"
CSI_DATA,225952,d8:b1:90:db:e8:90,-51,11,1,7,0,0,1,0,0,0,1,-96,0,4,0,-801719215,0,100,0,128,1,"[100,-64,5,0,20,-17,19,-17,19,-17,19,-17,19,-17,19,-17,18,-17,17,-17,17,-18,16,-18,16,-18,16,-18,16,-18,16,-18,15,-18,16,-17,16,-17,15,-17,15,-16,15,-16,15,-15,15,-14,16,-13,16,-12,16,-11,4,-3,0,0,0,0,0,0,0,0,0,0,0,0,0,0,0,0,0,0,3,-4,13,-14,13,-14,14,-13,15,-13,16,-13,16,-13,17,-13,18,-13,18,-13,19,-13,20,-12,20,-12,20,-12,20,-12,20,-13,20,-13,19,-14,20,-14,20,-14,20,-15,20,-15,20,-16,20,-16,20,-16,20,-16,20,-17]"
CSI_DATA,225953,d8:b1:90:db:e8:90,-51,11,1,7,0,0,1,0,0,0,1,-96,0,4,0,-801695336,0,100,0,128,1,"[100,-64,5,0,-26,9,-25,9,-25,9,-24,9,-24,9,-24,9,-23,10,-23,10,-22,10,-22,10,-22,11,-22,11,-21,11,-21,11,-21,11,-21,11,-21,11,-21,10,-20,9,-20,9,-20,8,-20,8,-20,7,-20,6,-20,5,-5,1,0,0,0,0,0,0,0,0,0,0,0,0,0,0,0,0,0,0,-5,2,-17,8,-18,8,-19,7,-19,6,-20,6,-21,5,-21,5,-22,5,-22,5,-23,5,-23,4,-24,4,-24,4,-24,5,-24,5,-24,5,-24,6,-24,6,-24,6,-24,6,-25,7,-25,8,-25,8,-25,8,-25,8,-25,9]"
CSI_DATA,225954,d8:b1:90:db:e8:90,-51,11,1,7,0,0,1,0,0,0,1,-96,0,4,0,-801683877,0,100,0,128,1,"[100,-64,5,0,15,-22,14,-22,14,-22,13,-22,13,-22,13,-22,12,-22,11,-22,11,-22,11,-22,10,-22,10,-22,11,-22,11,-22,11,-22,11,-21,11,-21,11,-21,11,-20,10,-19,11,-18,11,-18,11,-17,12,-17,12,-17,3,-4,0,0,0,0,0,0,0,0,0,0,0,0,0,0,0,0,0,0,2,-5,9,-17,10,-17,11,-17,12,-16,13,-16,13,-16,13,-16,14,-16,14,-17,14,-17,15,-17,15,-17,15,-17,15,-17,15,-18,16,-19,15,-19,15,-19,15,-19,14,-20,14,-21,14,-21,14,-21,14,-22,14,-22,15,-22]"
CSI_DATA,225955,d8:b1:90:db:e8:90,-51,11,1,7,0,0,1,0,0,0,1,-96,0,4,0,-801672402,0,100,0,128,1,"[100,-64,5,0,-27,-16,-27,-16,-27,-15,-26,-14,-26,-14,-25,-13,-25,-13,-25,-12,-25,-11,-25,-11,-25,-10,-25,-10,-25,-10,-25,-9,-25,-9,-25,-10,-24,-10,-24,-10,-23,-10,-22,-10,-22,-11,-21,-11,-21,-11,-20,-11,-19,-12,-5,-3,0,0,0,0,0,0,0,0,0,0,0,0,0,0,0,0,0,0,-6,-2,-22,-8,-21,-10,-20,-10,-20,-11,-20,-12,-21,-12,-21,-13,-21,-14,-21,-14,-22,-15,-22,-15,-22,-16,-22,-16,-22,-16,-22,-16,-23,-15,-23,-15,-24,-15,-24,-15,-24,-15,-25,-15,-26,-15,-26,-15,-26,-15,-26,-15,-27,-15]"
CSI_DATA,225956,d8:b1:90:db:e8:90,-51,11,1,7,0,0,1,0,0,0,1,-96,0,4,0,-801661495,0,100,0,128,1,"[100,-64,5,0,-24,6,-24,6,-23,6,-22,6,-22,6,-22,7,-21,7,-21,7,-20,8,-20,8,-20,8,-20,8,-19,8,-19,8,-19,8,-19,8,-19,8,-19,8,-19,7,-18,7,-18,6,-18,6,-18,5,-17,5,-18,4,-5,1,0,0,0,0,0,0,0,0,0,0,0,0,0,0,0,0,0,0,-5,1,-17,6,-17,6,-17,5,-18,4,-18,4,-19,4,-19,4,-20,4,-20,4,-21,3,-21,3,-21,3,-21,3,-21,3,-21,3,-21,3,-21,4,-22,4,-22,4,-22,4,-22,5,-23,5,-23,6,-23,6,-23,6,-23,6]"
CSI_DATA,225957,d8:b1:90:db:e8:90,-51,11,1,7,0,0,1,0,0,0,1,-96,0,4,0,-801649470,0,100,0,128,1,"[100,-64,5,0,-17,-23,-17,-23,-17,-22,-17,-21,-17,-21,-17,-20,-17,-19,-17,-19,-17,-19,-17,-19,-17,-18,-18,-18,-18,-18,-18,-18,-17,-18,-17,-18,-16,-18,-16,-18,-15,-18,-15,-18,-14,-18,-14,-18,-13,-18,-12,-18,-11,-19,-3,-5,0,0,0,0,0,0,0,0,0,0,0,0,0,0,0,0,0,0,-4,-4,-13,-15,-13,-16,-12,-17,-12,-18,-12,-18,-11,-19,-11,-19,-11,-20,-11,-20,-11,-21,-11,-21,-11,-22,-11,-22,-12,-22,-12,-22,-12,-21,-13,-21,-13,-22,-14,-22,-14,-22,-15,-22,-15,-22,-16,-22,-16,-22,-16,-23,-17,-23]"
CSI_DATA,225958,d8:b1:90:db:e8:90,-51,11,1,7,0,0,1,0,0,0,1,-96,0,4,0,-801638896,0,100,0,128,1,"[100,-64,5,0,29,5,28,4,28,4,28,3,27,3,27,2,26,2,26,1,26,1,26,1,26,0,26,0,26,0,26,0,26,0,25,0,25,0,24,1,24,1,24,1,24,2,23,2,22,3,21,4,21,4,5,1,0,0,0,0,0,0,0,0,0,0,0,0,0,0,0,0,0,0,5,0,21,2,21,3,21,4,21,5,21,5,22,6,22,6,23,7,23,7,23,8,24,8,24,8,24,9,24,8,24,8,24,7,25,7,25,7,26,6,26,6,27,6,28,5,28,5,28,5,29,5,29,4]"
CSI_DATA,225959,d8:b1:90:db:e8:90,-52,11,1,7,0,0,1,0,0,0,1,-96,0,4,0,-801622222,0,100,0,128,1,"[100,-64,5,0,-30,-1,-29,-1,-28,0,-28,0,-28,1,-28,1,-27,2,-27,2,-27,3,-26,3,-26,4,-26,4,-26,4,-25,4,-25,4,-25,4,-25,3,-24,3,-24,2,-23,2,-23,1,-23,1,-22,0,-22,-1,-22,-2,-6,-1,0,0,0,0,0,0,0,0,0,0,0,0,0,0,0,0,0,0,-6,0,-21,1,-22,0,-22,-1,-22,-2,-23,-2,-23,-3,-24,-3,-24,-4,-24,-4,-25,-4,-25,-5,-25,-5,-25,-5,-26,-5,-26,-5,-26,-5,-26,-4,-26,-4,-26,-3,-27,-2,-27,-2,-28,-2,-29,-1,-29,-1,-30,-1,-30,-1]"
CSI_DATA,225960,d8:b1:90:db:e8:90,-51,11,1,7,0,0,1,0,0,0,1,-96,0,4,0,-801610239,0,100,0,128,1,"[100,-64,5,0,0,-29,-1,-29,-1,-28,-1,-28,-2,-27,-2,-27,-2,-27,-3,-27,-4,-27,-4,-26,-5,-26,-5,-25,-5,-25,-4,-25,-4,-25,-4,-25,-4,-25,-4,-24,-3,-24,-3,-23,-2,-23,-2,-22,-1,-22,0,-22,1,-22,0,-6,0,0,0,0,0,0,0,0,0,0,0,0,0,0,0,0,0,0,-1,-6,-2,-21,-1,-21,0,-22,1,-22,1,-22,2,-23,2,-23,3,-24,3,-24,3,-24,3,-25,4,-25,3,-25,3,-25,4,-25,3,-25,3,-25,3,-26,2,-26,1,-26,1,-27,0,-28,0,-28,0,-29,0,-29,0,-29]"
CSI_DATA,225961,d8:b1:90:db:e8:90,-51,11,1,7,0,0,1,0,0,0,1,-96,0,4,0,-801586746,0,100,0,128,1,"[100,-64,5,0,-23,-8,-23,-8,-23,-7,-23,-6,-23,-6,-23,-5,-22,-5,-22,-4,-22,-4,-22,-3,-22,-3,-22,-3,-22,-4,-21,-4,-21,-3,-21,-3,-21,-4,-20,-4,-20,-4,-19,-4,-19,-4,-19,-4,-18,-5,-18,-5,-18,-6,-5,-2,0,0,0,0,0,0,0,0,0,0,0,0,0,0,0,0,0,0,-5,-1,-18,-2,-18,-3,-18,-4,-18,-4,-18,-4,-18,-5,-19,-6,-19,-7,-20,-8,-20,-8,-20,-8,-20,-8,-21,-8,-21,-8,-21,-7,-21,-7,-21,-6,-21,-7,-21,-7,-22,-7,-22,-7,-23,-7,-23,-6,-23,-6,-24,-6,-24,-7]"
CSI_DATA,225962,d8:b1:90:db:e8:90,-51,11,1,7,0,0,1,0,0,0,1,-96,0,4,0,-801573135,0,100,0,128,1,"[100,-64,5,0,-20,-18,-20,-18,-21,-17,-21,-17,-21,-16,-21,-15,-21,-15,-21,-14,-20,-13,-21,-13,-21,-13,-21,-13,-21,-13,-20,-13,-20,-13,-20,-13,-20,-12,-20,-12,-19,-12,-18,-12,-16,-12,-16,-12,-16,-13,-15,-16,-15,-17,-4,-5,0,0,0,0,0,0,0,0,0,0,0,0,0,0,0,0,0,0,-5,-3,-17,-10,-17,-11,-17,-12,-16,-12,-16,-13,-16,-14,-16,-15,-16,-16,-16,-16,-17,-17,-17,-17,-17,-17,-17,-17,-17,-17,-18,-17,-18,-16,-19,-16,-19,-16,-19,-17,-19,-17,-20,-17,-20,-17,-21,-17,-21,-17,-22,-17,-22,-17]"
CSI_DATA,225963,d8:b1:90:db:e8:90,-51,11,1,7,0,0,1,0,0,0,1,-96,0,4,0,-801560353,0,100,0,128,1,"[100,-64,5,0,19,-15,19,-15,18,-15,18,-15,17,-15,16,-15,16,-15,16,-15,15,-16,15,-16,14,-16,14,-16,14,-16,14,-16,14,-16,13,-15,13,-15,13,-15,14,-14,14,-14,14,-13,14,-12,14,-11,14,-11,15,-10,3,-3,0,0,0,0,0,0,0,0,0,0,0,0,0,0,0,0,0,0,3,-3,14,-12,14,-11,14,-11,15,-11,15,-11,16,-11,17,-11,17,-11,18,-11,18,-11,19,-10,19,-10,19,-10,19,-10,19,-10,18,-10,19,-11,19,-11,18,-12,18,-12,18,-13,18,-13,18,-14,18,-14,18,-15,19,-15]"
CSI_DATA,225964,d8:b1:90:db:e8:90,-51,11,1,5,0,0,1,0,1,0,0,-96,0,4,0,-801547560,0,100,0,128,1,"[100,-64,5,0,3,-9,-1,-13,-5,-17,-10,-20,-14,-22,-18,-22,-21,-22,-24,-21,-25,-20,-25,-18,-25,-17,-23,-16,-20,-15,-17,-15,-13,-16,-9,-17,-5,-18,-1,-20,3,-21,5,-22,7,-23,9,-24,9,-24,9,-24,9,-23,2,-6,0,0,0,0,0,0,0,0,0,0,0,0,0,0,0,0,0,0,4,-2,19,-7,21,-7,23,-8,24,-8,25,-8,25,-7,24,-6,23,-5,21,-3,18,0,15,4,12,7,10,11,8,15,6,20,6,23,6,26,7,29,8,30,10,30,12,29,13,27,15,24,15,19,15,14,14,10]"
CSI_DATA,225965,d8:b1:90:db:e8:90,-52,11,1,5,0,0,1,0,1,0,0,-96,0,4,0,-801534151,0,100,0,128,1,"[100,-64,5,0,-1,7,3,9,8,10,12,11,16,11,19,10,21,9,23,8,23,7,23,5,22,5,20,5,18,5,16,6,13,8,10,10,8,12,5,14,3,16,1,17,0,19,-1,20,-2,20,-2,20,-2,20,-1,5,0,0,0,0,0,0,0,0,0,0,0,0,0,0,0,0,0,0,-3,2,-12,11,-13,11,-15,12,-16,13,-16,14,-17,13,-16,12,-16,11,-15,8,-14,5,-13,2,-13,-2,-12,-6,-12,-10,-12,-13,-13,-16,-14,-18,-15,-19,-17,-20,-18,-19,-19,-18,-19,-16,-19,-13,-18,-10,-16,-7,-14,-4]"
CSI_DATA,225966,d8:b1:90:db:e8:90,-51,11,1,7,0,0,1,0,0,0,1,-96,0,4,0,-801521810,0,100,0,128,1,"[100,-64,5,0,3,29,3,29,4,28,4,27,4,27,5,26,5,26,5,26,6,26,6,25,7,25,7,25,7,25,7,25,7,25,6,25,6,25,5,24,4,24,4,24,4,23,3,22,3,22,2,22,1,22,0,5,0,0,0,0,0,0,0,0,0,0,0,0,0,0,0,0,0,0,1,5,4,21,3,21,2,21,2,22,1,22,1,23,1,23,0,23,0,24,0,25,0,25,0,25,0,26,-1,26,-1,26,-1,26,-1,26,0,26,1,27,2,27,2,27,3,28,3,28,3,28,3,29,4,29]"
CSI_DATA,225967,d8:b1:90:db:e8:90,-51,11,1,7,0,0,1,0,0,0,1,-96,0,4,0,-801507101,0,100,0,128,1,"[100,-64,5,0,13,19,13,19,13,18,13,18,14,18,14,17,14,16,14,16,14,16,14,16,14,15,14,15,15,14,14,14,14,14,14,15,14,15,13,15,13,15,12,15,12,14,11,14,10,15,10,15,9,15,2,3,0,0,0,0,0,0,0,0,0,0,0,0,0,0,0,0,0,0,2,3,10,13,10,14,9,14,9,15,9,15,9,16,9,16,9,17,9,17,9,18,9,18,9,18,9,19,9,19,9,19,9,19,9,19,10,19,11,19,11,19,12,19,12,19,12,19,13,19,13,19,14,19]"
CSI_DATA,225968,d8:b1:90:db:e8:90,-51,11,1,7,0,0,1,0,0,0,1,-96,0,4,0,-801496691,0,100,0,128,1,"[100,-64,5,0,2,-26,2,-26,2,-26,1,-26,1,-26,0,-25,0,-25,-1,-25,-1,-25,-2,-24,-2,-24,-2,-24,-2,-24,-2,-24,-2,-24,-1,-23,-1,-23,-1,-23,0,-22,0,-22,0,-22,1,-21,1,-21,2,-20,3,-20,0,-5,0,0,0,0,0,0,0,0,0,0,0,0,0,0,0,0,0,0,0,-5,0,-20,0,-20,1,-20,2,-21,2,-21,3,-21,3,-22,4,-22,4,-23,5,-23,5,-23,5,-24,5,-24,5,-24,5,-25,5,-25,5,-25,5,-25,4,-25,4,-25,3,-26,3,-26,3,-26,2,-26,2,-27,3,-27]"
CSI_DATA,225969,d8:b1:90:db:e8:90,-51,11,1,7,0,0,1,0,0,0,1,-96,0,4,0,-801469978,0,100,0,128,1,"[100,-64,5,0,-27,3,-27,4,-27,3,-26,3,-26,3,-25,4,-25,4,-25,5,-25,5,-24,6,-24,6,-24,7,-24,7,-23,7,-23,6,-23,7,-22,7,-22,7,-21,6,-21,6,-22,6,-22,5,-21,5,-21,4,-21,2,-6,0,0,0,0,0,0,0,0,0,0,0,0,0,0,0,0,0,0,0,-5,0,-20,3,-20,2,-20,1,-20,1,-21,0,-22,0,-22,0,-22,0,-23,0,-23,-1,-23,-2,-24,-2,-24,-2,-24,-2,-24,-2,-24,-2,-24,-1,-25,0,-25,0,-26,1,-26,2,-26,2,-27,2,-27,2,-27,3,-27,3]"
CSI_DATA,225970,d8:b1:90:db:e8:90,-51,11,1,7,0,0,1,0,0,0,1,-96,0,4,0,-801458202,0,100,0,128,1,"[100,-64,5,0,23,4,23,4,23,4,22,4,22,4,22,3,22,3,22,3,21,2,21,2,21,2,21,2,21,2,21,2,21,2,20,2,19,2,19,2,19,2,19,3,18,3,18,3,17,4,17,4,16,5,4,1,0,0,0,0,0,0,0,0,0,0,0,0,0,0,0,0,0,0,4,0,17,0,17,1,17,1,18,2,18,2,18,3,19,3,19,4,19,4,20,4,20,5,20,6,20,6,20,6,20,6,20,6,20,6,21,5,21,5,22,5,22,4,22,4,22,4,23,5,23,4,23,4]"
CSI_DATA,225971,d8:b1:90:db:e8:90,-51,11,1,7,0,0,1,0,0,0,1,-96,0,4,0,-801446066,0,100,0,128,1,"[100,-64,5,0,-2,-27,-2,-27,-2,-27,-3,-26,-3,-25,-3,-25,-4,-25,-4,-25,-5,-25,-6,-24,-6,-24,-6,-24,-6,-24,-6,-24,-6,-24,-6,-24,-5,-24,-5,-23,-4,-23,-4,-22,-4,-22,-3,-21,-3,-21,-2,-22,-1,-22,-1,-6,0,0,0,0,0,0,0,0,0,0,0,0,0,0,0,0,0,0,-1,-5,-4,-19,-3,-20,-2,-20,-1,-21,-1,-21,0,-22,0,-22,1,-22,2,-23,2,-23,2,-24,2,-24,2,-25,2,-25,2,-24,1,-24,1,-24,0,-25,0,-25,-1,-25,-1,-25,-2,-26,-2,-27,-3,-27,-3,-27,-3,-27]"
CSI_DATA,225972,d8:b1:90:db:e8:90,-51,11,1,7,0,0,1,0,0,0,1,-96,0,4,0,-801434567,0,100,0,128,1,"[100,-64,5,0,29,4,28,4,28,3,28,3,28,2,27,2,27,1,27,1,26,1,26,0,26,-1,26,0,26,0,26,-1,26,0,26,1,26,1,25,1,25,2,24,2,24,3,23,3,23,4,22,5,21,5,5,1,0,0,0,0,0,0,0,0,0,0,0,0,0,0,0,0,0,0,5,0,22,1,22,1,22,2,22,3,22,4,23,4,23,4,23,5,24,5,24,6,24,6,24,7,24,7,24,8,25,8,25,8,25,8,26,7,26,6,27,6,27,5,28,5,29,5,29,5,30,5,30,5]"
CSI_DATA,225973,d8:b1:90:db:e8:90,-52,11,1,7,0,0,1,0,0,0,1,-96,0,4,0,-801419553,0,100,0,128,1,"[100,-64,5,0,15,-20,15,-20,15,-20,14,-20,14,-20,14,-20,13,-20,12,-20,11,-21,11,-21,10,-21,10,-21,11,-21,11,-21,11,-21,11,-20,11,-20,12,-20,12,-19,12,-18,12,-18,12,-17,12,-16,12,-16,12,-15,3,-4,0,0,0,0,0,0,0,0,0,0,0,0,0,0,0,0,0,0,2,-5,11,-17,11,-16,12,-16,12,-15,13,-15,14,-15,15,-15,15,-15,15,-16,16,-16,16,-15,16,-15,16,-15,16,-15,17,-15,17,-15,17,-16,17,-17,16,-17,16,-18,16,-18,16,-19,16,-20,16,-20,16,-20,16,-21]"
CSI_DATA,225974,d8:b1:90:db:e8:90,-51,11,1,7,0,0,1,0,0,0,1,-96,0,4,0,-801390491,0,100,0,128,1,"[100,-64,5,0,-24,-17,-24,-17,-24,-16,-24,-16,-24,-15,-24,-14,-24,-14,-25,-13,-25,-13,-25,-12,-25,-12,-25,-11,-25,-11,-24,-11,-24,-11,-23,-12,-23,-12,-22,-12,-21,-12,-21,-12,-20,-12,-19,-13,-19,-13,-18,-14,-18,-15,-5,-4,0,0,0,0,0,0,0,0,0,0,0,0,0,0,0,0,0,0,-6,-3,-20,-10,-19,-11,-19,-12,-18,-12,-18,-13,-19,-14,-19,-14,-20,-15,-20,-16,-20,-17,-20,-17,-20,-18,-20,-18,-20,-18,-21,-18,-21,-17,-22,-17,-22,-17,-23,-17,-23,-17,-24,-16,-24,-16,-24,-16,-24,-16,-25,-16,-25,-17]"
CSI_DATA,225975,d8:b1:90:db:e8:90,-51,11,1,7,0,0,1,0,0,0,1,-96,0,4,0,-801379798,0,100,0,128,1,"[100,-64,5,0,-26,-15,-26,-14,-26,-13,-26,-13,-26,-12,-25,-12,-25,-11,-26,-11,-26,-10,-26,-10,-26,-9,-26,-8,-26,-8,-26,-8,-26,-8,-25,-8,-25,-9,-24,-9,-23,-9,-22,-10,-22,-10,-21,-10,-21,-10,-20,-11,-20,-12,-5,-3,0,0,0,0,0,0,0,0,0,0,0,0,0,0,0,0,0,0,-5,-3,-20,-9,-20,-10,-19,-11,-19,-11,-19,-12,-20,-13,-20,-14,-21,-14,-21,-15,-21,-15,-21,-16,-21,-16,-21,-16,-22,-16,-22,-16,-22,-16,-23,-16,-23,-16,-24,-15,-24,-15,-25,-14,-25,-14,-25,-14,-26,-14,-26,-14,-27,-15]"
CSI_DATA,225976,d8:b1:90:db:e8:90,-51,11,1,7,0,0,1,0,0,0,1,-96,0,4,0,-801368028,0,100,0,128,1,"[100,-64,5,0,21,-12,21,-12,20,-12,20,-12,20,-12,19,-12,19,-12,18,-13,17,-13,17,-13,17,-13,17,-14,17,-14,17,-13,17,-13,17,-13,16,-13,16,-12,17,-11,17,-10,17,-10,16,-10,16,-9,17,-7,17,-5,4,-2,0,0,0,0,0,0,0,0,0,0,0,0,0,0,0,0,0,0,3,-3,14,-9,15,-9,15,-9,16,-8,16,-8,17,-8,18,-8,18,-7,19,-7,19,-7,19,-7,20,-7,20,-7,20,-7,20,-8,20,-8,20,-8,20,-9,20,-9,20,-10,20,-10,20,-11,20,-11,20,-11,21,-11,21,-12]"
CSI_DATA,225977,d8:b1:90:db:e8:90,-51,11,1,7,0,0,1,0,0,0,1,-96,0,4,0,-801353025,0,100,0,128,1,"[100,-64,5,0,-28,3,-28,3,-28,3,-27,3,-27,4,-27,4,-26,5,-26,5,-25,5,-25,5,-25,5,-25,6,-25,6,-25,6,-24,6,-24,6,-24,5,-23,5,-23,4,-23,4,-23,3,-23,2,-22,1,-22,0,-22,-1,-6,-1,0,0,0,0,0,0,0,0,0,0,0,0,0,0,0,0,0,0,-6,1,-21,4,-21,3,-21,2,-22,1,-22,1,-23,0,-23,0,-24,0,-24,-1,-25,-1,-25,-2,-25,-2,-25,-2,-25,-2,-26,-1,-26,-1,-26,0,-26,0,-26,1,-27,1,-27,2,-27,2,-27,2,-28,2,-28,2,-28,2]"
CSI_DATA,225978,d8:b1:90:db:e8:90,-51,11,1,7,0,0,1,0,0,0,1,-96,0,4,0,-801340498,0,100,0,128,1,"[100,-64,5,0,27,-3,26,-3,26,-4,26,-5,26,-5,25,-5,25,-6,24,-6,24,-7,24,-7,24,-8,23,-8,23,-7,23,-7,23,-7,23,-6,23,-6,22,-5,22,-5,22,-5,22,-4,21,-4,21,-3,21,-2,21,-1,5,0,0,0,0,0,0,0,0,0,0,0,0,0,0,0,0,0,0,0,4,-2,19,-5,19,-4,20,-2,21,-1,21,-1,22,0,22,0,22,1,22,1,23,1,23,1,24,1,24,1,24,1,24,1,25,1,25,0,25,0,25,0,25,0,26,-1,26,-1,26,-3,26,-3,27,-4,28,-4]"
CSI_DATA,225979,d8:b1:90:db:e8:90,-51,11,1,7,0,0,1,0,0,0,1,-96,0,4,0,-801328547,0,100,0,128,1,"[100,-64,5,0,-29,4,-29,4,-29,5,-29,6,-29,6,-28,7,-27,7,-26,7,-26,7,-26,8,-25,8,-25,9,-24,9,-24,8,-24,9,-24,9,-24,9,-23,8,-23,7,-22,7,-22,7,-22,6,-22,5,-22,4,-22,3,-6,0,0,0,0,0,0,0,0,0,0,0,0,0,0,0,0,0,0,0,-6,1,-22,5,-22,4,-23,3,-23,3,-24,2,-25,1,-25,1,-25,1,-25,0,-26,0,-26,-1,-26,-2,-26,-1,-27,-1,-27,-1,-28,0,-28,0,-28,1,-28,1,-28,2,-28,2,-28,3,-29,3,-29,4,-30,4,-30,4]"
CSI_DATA,225980,d8:b1:90:db:e8:90,-51,11,1,7,0,0,1,0,0,0,1,-96,0,4,0,-801315776,0,100,0,128,1,"[100,-64,5,0,-30,-2,-29,-2,-29,-2,-29,-1,-29,-1,-29,0,-28,1,-27,1,-27,2,-27,2,-27,3,-26,3,-26,3,-26,3,-26,3,-26,3,-25,3,-25,2,-24,2,-24,2,-24,1,-23,1,-23,0,-22,-1,-22,-2,-6,-1,0,0,0,0,0,0,0,0,0,0,0,0,0,0,0,0,0,0,-6,0,-22,0,-22,-1,-22,-2,-23,-3,-23,-3,-23,-4,-24,-5,-24,-5,-24,-5,-24,-6,-24,-7,-25,-7,-25,-7,-25,-7,-26,-7,-26,-6,-26,-6,-26,-6,-27,-5,-27,-4,-27,-4,-28,-3,-28,-3,-29,-3,-29,-3,-30,-2]"
CSI_DATA,225981,d8:b1:90:db:e8:90,-51,11,1,7,0,0,1,0,0,0,1,-96,0,4,0,-801287820,0,100,0,128,1,"[100,-64,5,0,16,18,16,18,16,18,16,17,17,17,17,16,17,15,17,15,17,15,17,15,17,14,17,14,17,14,17,14,17,14,16,14,16,13,16,13,15,13,15,13,14,13,14,13,13,14,12,15,11,15,2,3,0,0,0,0,0,0,0,0,0,0,0,0,0,0,0,0,0,0,3,2,13,10,12,11,10,12,9,13,10,13,10,14,11,16,11,17,11,17,11,18,11,18,11,19,11,19,11,19,11,18,11,18,12,18,12,18,13,18,13,18,14,18,15,18,15,18,15,18,16,18,16,18]"
CSI_DATA,225982,d8:b1:90:db:e8:90,-51,11,1,7,0,0,1,0,0,0,1,-96,0,4,0,-801277491,0,100,0,128,1,"[100,-64,5,0,26,-11,26,-12,26,-12,25,-12,25,-12,24,-13,23,-13,22,-13,22,-14,21,-14,21,-15,21,-15,21,-14,21,-14,21,-14,21,-13,21,-13,21,-12,21,-12,21,-11,21,-11,20,-10,20,-9,20,-9,20,-8,5,-2,0,0,0,0,0,0,0,0,0,0,0,0,0,0,0,0,0,0,4,-3,18,-10,19,-10,19,-9,20,-9,20,-9,21,-9,22,-8,22,-8,23,-8,23,-8,24,-7,24,-7,24,-7,25,-7,25,-6,25,-7,25,-7,25,-8,25,-8,25,-8,26,-9,26,-10,26,-10,26,-11,27,-11,27,-12]"
CSI_DATA,225983,d8:b1:90:db:e8:90,-51,11,1,7,0,0,1,0,0,0,1,-96,0,4,0,-801262547,0,100,0,128,1,"[100,-64,5,0,7,26,7,25,7,25,8,24,8,24,9,23,9,23,9,23,9,22,10,22,10,22,10,22,10,22,10,21,10,21,10,21,10,21,9,21,8,21,8,20,7,19,7,19,6,19,5,20,4,20,0,5,0,0,0,0,0,0,0,0,0,0,0,0,0,0,0,0,0,0,1,4,7,19,6,19,5,19,4,20,4,20,4,21,4,22,4,23,3,23,3,24,3,24,3,24,3,24,3,25,2,25,2,25,3,24,3,24,3,25,4,25,5,25,5,25,6,25,6,25,7,26,7,26]"
CSI_DATA,225984,d8:b1:90:db:e8:90,-51,11,1,7,0,0,1,0,0,0,1,-96,0,4,0,-801251852,0,100,0,128,1,"[100,-64,5,0,-2,26,-1,26,-1,25,-1,25,0,25,1,24,1,24,2,24,2,23,3,23,3,23,3,23,3,23,3,23,3,23,3,23,3,23,2,23,2,22,2,21,1,21,0,20,-1,20,-2,21,-3,21,-1,5,0,0,0,0,0,0,0,0,0,0,0,0,0,0,0,0,0,0,0,4,-1,19,-2,20,-3,20,-3,20,-4,20,-4,21,-5,21,-5,22,-5,22,-6,23,-6,23,-6,23,-5,24,-6,24,-6,24,-6,23,-6,23,-6,24,-5,24,-5,24,-4,25,-3,25,-3,25,-3,26,-2,26,-2,27]"
CSI_DATA,225985,d8:b1:90:db:e8:90,-51,11,1,7,0,0,1,0,0,0,1,-96,0,4,0,-801240625,0,100,0,128,1,"[100,-64,5,0,-25,11,-24,11,-24,11,-23,12,-22,12,-22,12,-21,12,-21,12,-21,12,-21,12,-20,12,-20,12,-19,13,-19,13,-19,12,-19,12,-19,11,-19,11,-19,11,-18,10,-18,10,-19,9,-19,8,-19,8,-19,7,-5,1,0,0,0,0,0,0,0,0,0,0,0,0,0,0,0,0,0,0,-4,2,-16,11,-17,10,-18,9,-18,9,-19,9,-20,9,-20,9,-20,9,-21,9,-21,9,-22,9,-22,8,-22,8,-23,9,-23,9,-23,9,-22,10,-22,10,-23,9,-23,10,-23,10,-23,10,-23,10,-24,10,-24,10,-25,11]"
CSI_DATA,225986,d8:b1:90:db:e8:90,-51,11,1,7,0,0,1,0,0,0,1,-96,0,4,0,-801229747,0,100,0,128,1,"[100,-64,5,0,-16,-19,-16,-18,-16,-18,-16,-17,-16,-17,-16,-16,-16,-16,-16,-15,-16,-15,-16,-15,-17,-14,-17,-14,-17,-14,-16,-14,-16,-14,-16,-14,-16,-14,-15,-14,-15,-14,-14,-15,-14,-15,-13,-15,-12,-15,-12,-15,-11,-16,-3,-4,0,0,0,0,0,0,0,0,0,0,0,0,0,0,0,0,0,0,-4,-3,-13,-12,-13,-13,-12,-14,-12,-14,-12,-15,-12,-15,-12,-16,-12,-16,-11,-17,-11,-17,-11,-18,-11,-18,-11,-18,-11,-18,-11,-18,-11,-18,-12,-18,-12,-18,-13,-18,-14,-18,-14,-18,-15,-18,-15,-19,-16,-19,-16,-19,-16,-19]"
CSI_DATA,225987,d8:b1:90:db:e8:90,-51,11,1,7,0,0,1,0,0,0,1,-96,0,4,0,-801217889,0,100,0,128,1,"[100,-64,5,0,26,8,25,7,25,7,25,7,24,6,24,5,24,5,23,5,23,4,23,3,23,3,23,3,23,3,23,3,23,3,23,3,22,4,22,4,21,4,21,5,21,5,20,6,19,6,19,7,18,8,4,2,0,0,0,0,0,0,0,0,0,0,0,0,0,0,0,0,0,0,4,0,19,2,19,3,19,4,19,5,20,5,20,6,20,7,20,8,20,8,20,8,21,9,21,9,21,10,21,10,21,9,21,9,21,9,22,9,22,8,23,8,24,8,24,8,25,8,26,8,26,8,26,8]"
CSI_DATA,225988,d8:b1:90:db:e8:90,-51,11,1,7,0,0,1,0,0,0,1,-96,0,4,0,-801185173,0,100,0,128,1,"[100,-64,5,0,-21,-19,-21,-19,-21,-18,-21,-18,-21,-17,-21,-17,-21,-16,-21,-15,-21,-15,-21,-15,-21,-14,-21,-14,-21,-14,-21,-13,-21,-13,-21,-13,-20,-13,-20,-13,-19,-14,-18,-13,-18,-13,-17,-13,-17,-14,-16,-15,-15,-16,-4,-4,0,0,0,0,0,0,0,0,0,0,0,0,0,0,0,0,0,0,-5,-3,-17,-12,-16,-13,-16,-14,-15,-15,-15,-16,-15,-16,-16,-17,-16,-17,-15,-18,-15,-18,-15,-19,-16,-19,-16,-19,-16,-19,-16,-19,-16,-18,-17,-18,-17,-18,-18,-18,-18,-18,-19,-18,-19,-18,-20,-19,-20,-19,-20,-19,-21,-19]"
CSI_DATA,225989,d8:b1:90:db:e8:90,-51,11,1,7,0,0,1,0,0,0,1,-96,0,4,0,-801174026,0,100,0,128,1,"[100,-64,5,0,25,-8,25,-7,25,-8,24,-8,24,-8,23,-9,23,-9,22,-9,22,-9,21,-9,21,-10,22,-10,21,-10,21,-10,22,-10,22,-9,22,-8,22,-7,21,-7,21,-7,20,-6,20,-5,20,-4,20,-3,20,-2,5,-1,0,0,0,0,0,0,0,0,0,0,0,0,0,0,0,0,0,0,4,-2,18,-7,18,-7,18,-6,18,-5,19,-5,20,-4,20,-4,21,-4,22,-4,22,-3,22,-3,23,-3,23,-3,23,-3,23,-3,23,-4,23,-4,23,-4,23,-5,23,-5,24,-6,24,-6,24,-7,25,-7,25,-7,26,-7]"
CSI_DATA,225990,d8:b1:90:db:e8:90,-51,11,1,7,0,0,1,0,0,0,1,-96,0,4,0,-801160639,0,100,0,128,1,"[100,-64,5,0,28,6,27,5,27,5,27,4,27,3,26,3,26,2,26,2,26,2,26,1,26,1,26,1,26,1,26,1,26,1,25,1,24,1,24,1,24,1,23,2,23,2,22,2,22,3,21,4,20,5,5,1,0,0,0,0,0,0,0,0,0,0,0,0,0,0,0,0,0,0,5,0,21,1,21,2,21,3,21,4,22,4,22,5,23,5,23,6,23,6,24,7,24,8,24,8,24,8,24,8,24,8,24,8,24,7,24,7,25,6,25,6,25,5,26,6,27,6,27,6,28,6,28,6]"
CSI_DATA,225991,d8:b1:90:db:e8:90,-51,11,1,7,0,0,1,0,0,0,1,-96,0,4,0,-801150259,0,100,0,128,1,"[100,-64,5,0,25,-2,25,-3,25,-3,25,-3,25,-3,24,-4,24,-5,24,-5,24,-6,23,-6,23,-6,23,-6,23,-6,23,-6,22,-6,22,-5,21,-5,21,-5,21,-5,21,-4,21,-3,20,-2,19,-2,18,-2,19,0,4,0,0,0,0,0,0,0,0,0,0,0,0,0,0,0,0,0,0,0,4,-2,18,-6,18,-5,18,-4,19,-3,19,-3,20,-2,20,-2,21,-2,21,-1,22,-1,22,-1,23,-1,23,-1,23,0,22,0,22,0,22,0,22,-1,23,-1,23,-2,23,-2,24,-3,25,-3,25,-3,26,-3,26,-3]"
CSI_DATA,225992,d8:b1:90:db:e8:90,-51,11,1,7,0,0,1,0,0,0,1,-96,0,4,0,-801139098,0,100,0,128,1,"[100,-64,5,0,-22,-16,-22,-16,-22,-15,-22,-15,-22,-14,-22,-14,-22,-13,-22,-13,-22,-12,-22,-12,-22,-11,-22,-11,-22,-11,-21,-11,-21,-11,-21,-11,-20,-11,-20,-11,-19,-11,-19,-12,-19,-12,-18,-11,-18,-12,-17,-13,-16,-14,-4,-4,0,0,0,0,0,0,0,0,0,0,0,0,0,0,0,0,0,0,-5,-3,-18,-10,-17,-11,-16,-12,-16,-13,-16,-14,-16,-14,-16,-15,-16,-16,-16,-16,-17,-17,-17,-17,-17,-17,-17,-18,-17,-18,-17,-17,-17,-17,-18,-17,-18,-17,-19,-17,-19,-16,-20,-16,-20,-16,-21,-16,-21,-16,-22,-16,-22,-16]"
CSI_DATA,225993,d8:b1:90:db:e8:90,-51,11,1,7,0,0,1,0,0,0,1,-96,0,4,0,-801125597,0,100,0,128,1,"[100,-64,5,0,8,28,8,28,9,27,9,27,9,26,9,26,10,25,10,24,10,24,10,24,11,23,11,23,11,23,11,23,11,23,11,22,10,22,10,22,10,22,9,22,9,22,8,21,7,21,6,22,5,22,1,5,0,0,0,0,0,0,0,0,0,0,0,0,0,0,0,0,0,0,2,4,8,19,7,19,6,20,6,21,5,21,5,22,4,23,4,23,4,24,3,25,3,25,2,25,3,26,3,26,3,26,3,26,3,26,4,26,5,26,6,26,6,27,7,27,7,27,7,27,7,28,8,28]"
CSI_DATA,225994,d8:b1:90:db:e8:90,-52,11,1,7,0,0,1,0,0,0,1,-96,0,4,0,-801109276,0,100,0,128,1,"[100,-64,5,0,-22,-21,-21,-20,-21,-20,-21,-19,-21,-19,-21,-18,-21,-17,-21,-17,-21,-16,-22,-16,-22,-15,-22,-15,-22,-14,-22,-14,-22,-14,-21,-14,-21,-14,-20,-14,-20,-14,-20,-14,-20,-14,-19,-14,-18,-15,-17,-16,-16,-16,-4,-4,0,0,0,0,0,0,0,0,0,0,0,0,0,0,0,0,0,0,-5,-4,-17,-14,-16,-15,-15,-16,-15,-17,-15,-17,-15,-18,-15,-19,-15,-20,-15,-21,-15,-21,-15,-22,-15,-22,-15,-23,-15,-23,-15,-23,-15,-22,-16,-22,-17,-22,-17,-22,-18,-21,-19,-21,-19,-21,-20,-21,-20,-21,-20,-21,-21,-22]"
CSI_DATA,225995,d8:b1:90:db:e8:90,-51,11,1,7,0,0,1,0,0,0,1,-96,0,4,0,-801097665,0,100,0,128,1,"[100,-64,5,0,-25,5,-25,5,-25,5,-24,6,-24,7,-23,7,-23,7,-22,7,-22,7,-22,8,-22,8,-22,8,-22,9,-22,9,-21,8,-21,8,-20,8,-20,7,-20,7,-21,6,-21,5,-21,5,-21,4,-20,3,-20,2,-5,0,0,0,0,0,0,0,0,0,0,0,0,0,0,0,0,0,0,0,-5,1,-19,4,-19,3,-19,3,-19,2,-20,2,-20,2,-21,2,-22,2,-22,1,-22,1,-23,0,-23,0,-23,0,-23,0,-23,1,-23,2,-23,2,-23,3,-23,2,-23,3,-24,3,-24,3,-24,4,-24,4,-25,4,-26,5]"
CSI_DATA,225996,d8:b1:90:db:e8:90,-51,11,1,7,0,0,1,0,0,0,1,-96,0,4,0,-801073427,0,100,0,128,1,"[100,-64,5,0,19,12,19,11,19,11,20,11,20,11,20,10,20,9,20,9,20,8,20,8,20,7,19,7,19,7,19,7,19,7,19,7,18,7,18,7,18,7,17,7,17,7,16,8,15,8,15,9,14,9,3,2,0,0,0,0,0,0,0,0,0,0,0,0,0,0,0,0,0,0,3,1,15,6,15,7,15,8,15,8,15,8,16,9,16,10,16,10,16,11,16,12,16,13,16,13,16,13,16,13,16,13,16,13,16,13,16,13,17,12,17,12,18,12,18,12,19,12,20,12,20,12,20,12]"
CSI_DATA,225997,d8:b1:90:db:e8:90,-51,11,1,7,0,0,1,0,0,0,1,-96,0,4,0,-801058497,0,100,0,128,1,"[100,-64,5,0,26,-3,26,-3,26,-4,26,-4,26,-4,25,-5,24,-5,24,-6,24,-6,23,-7,23,-7,23,-7,22,-7,22,-7,22,-7,22,-7,22,-6,21,-6,21,-5,20,-4,20,-4,20,-3,21,-2,22,0,22,0,5,0,0,0,0,0,0,0,0,0,0,0,0,0,0,0,0,0,0,0,5,-2,20,-4,20,-3,20,-2,20,-2,20,-1,21,-1,22,-1,22,0,23,0,23,0,23,0,24,0,24,1,24,1,24,0,24,0,24,0,25,-1,25,-2,25,-2,26,-2,26,-3,26,-3,26,-4,26,-4,27,-4]"
CSI_DATA,225998,d8:b1:90:db:e8:90,-51,11,1,7,0,0,1,0,0,0,1,-96,0,4,0,-801046187,0,100,0,128,1,"[100,-64,5,0,-16,-22,-16,-22,-17,-21,-17,-20,-17,-20,-17,-20,-17,-19,-18,-19,-18,-18,-19,-18,-19,-17,-19,-16,-19,-16,-19,-16,-18,-16,-18,-16,-18,-16,-17,-16,-17,-16,-15,-17,-15,-17,-14,-17,-13,-17,-13,-18,-12,-18,-3,-5,0,0,0,0,0,0,0,0,0,0,0,0,0,0,0,0,0,0,-3,-4,-12,-16,-12,-17,-11,-17,-11,-17,-10,-18,-10,-19,-11,-19,-11,-20,-11,-20,-11,-21,-11,-21,-11,-21,-11,-22,-11,-22,-11,-22,-12,-21,-12,-21,-13,-21,-14,-21,-14,-21,-15,-22,-15,-22,-16,-21,-16,-21,-16,-21,-16,-21]"
CSI_DATA,225999,d8:b1:90:db:e8:90,-51,11,1,7,0,0,1,0,0,0,1,-96,0,4,0,-801035629,0,100,0,128,1,"[100,-64,5,0,-12,-26,-12,-26,-12,-25,-13,-25,-13,-24,-14,-24,-14,-23,-14,-23,-14,-23,-14,-22,-15,-22,-15,-21,-15,-21,-14,-22,-14,-22,-14,-22,-13,-22,-13,-21,-13,-21,-12,-21,-11,-21,-11,-21,-10,-21,-9,-21,-7,-21,-2,-6,0,0,0,0,0,0,0,0,0,0,0,0,0,0,0,0,0,0,-3,-5,-10,-18,-10,-19,-9,-20,-9,-20,-8,-21,-8,-21,-8,-22,-8,-23,-8,-23,-7,-24,-7,-24,-7,-24,-8,-25,-8,-25,-8,-25,-8,-24,-8,-24,-9,-25,-10,-25,-11,-25,-11,-25,-12,-25,-13,-25,-13,-25,-13,-26,-12,-26]"
CSI_DATA,226000,d8:b1:90:db:e8:90,-51,11,1,7,0,0,1,0,0,0,1,-96,0,4,0,-801022233,0,100,0,128,1,"[100,-64,5,0,26,-4,25,-4,25,-4,25,-4,25,-5,24,-6,24,-6,24,-7,23,-7,23,-7,23,-7,23,-7,23,-7,22,-7,22,-7,22,-6,22,-6,22,-6,22,-6,21,-5,21,-5,21,-4,20,-3,20,-2,20,-1,5,-1,0,0,0,0,0,0,0,0,0,0,0,0,0,0,0,0,0,0,4,-2,19,-4,19,-4,19,-3,20,-2,20,-2,21,-2,22,-1,23,-1,23,-1,23,0,23,0,24,0,24,0,24,0,24,0,24,-1,24,-1,24,-1,25,-1,25,-2,25,-3,26,-3,25,-3,26,-3,26,-4,27,-4]"
CSI_DATA,226001,d8:b1:90:db:e8:90,-51,11,1,7,0,0,1,0,0,0,1,-96,0,4,0,-801008890,0,100,0,128,1,"[100,-64,5,0,26,2,26,2,26,1,26,1,26,0,25,0,25,0,25,-1,25,-2,25,-2,24,-2,24,-2,23,-2,23,-2,23,-1,23,-1,23,-1,23,0,22,0,22,0,22,0,21,1,21,2,20,3,20,3,5,1,0,0,0,0,0,0,0,0,0,0,0,0,0,0,0,0,0,0,4,-1,19,-1,19,0,19,1,19,1,20,2,21,2,21,3,22,3,22,4,23,4,23,4,23,4,23,5,23,5,23,4,23,4,24,4,24,3,24,4,25,3,25,3,25,2,26,2,26,2,26,2,27,2]"
CSI_DATA,226002,d8:b1:90:db:e8:90,-51,11,1,7,0,0,1,0,0,0,1,-96,0,4,0,-800975805,0,100,0,128,1,"[100,-64,5,0,29,-1,28,-1,28,-1,28,-2,27,-2,27,-3,27,-3,26,-4,26,-4,26,-5,26,-5,26,-5,25,-5,25,-6,25,-6,25,-5,24,-5,24,-5,24,-4,24,-4,24,-4,23,-3,23,-2,22,-1,22,0,5,0,0,0,0,0,0,0,0,0,0,0,0,0,0,0,0,0,0,0,5,-1,21,-4,21,-3,21,-2,21,-1,22,0,23,0,23,0,24,1,24,1,25,2,25,2,26,3,26,3,25,3,25,3,25,3,25,3,25,2,25,2,26,1,26,1,27,0,27,0,27,0,28,0,29,0]"
CSI_DATA,226003,d8:b1:90:db:e8:90,-51,11,1,7,0,0,1,0,0,0,1,-96,0,4,0,-800964348,0,100,0,128,1,"[100,-64,5,0,-18,22,-18,22,-18,22,-18,22,-17,22,-16,22,-15,22,-15,22,-14,22,-13,22,-13,22,-13,22,-13,23,-13,23,-13,22,-13,21,-13,21,-13,21,-13,20,-13,19,-14,18,-14,17,-14,17,-14,16,-15,15,-4,3,0,0,0,0,0,0,0,0,0,0,0,0,0,0,0,0,0,0,-3,4,-12,16,-13,16,-14,16,-16,16,-16,16,-17,16,-18,16,-18,16,-19,17,-19,17,-20,17,-20,17,-20,17,-20,17,-19,17,-19,17,-19,18,-19,18,-19,18,-18,19,-18,20,-18,20,-19,21,-19,21,-19,22,-18,22]"
CSI_DATA,226004,d8:b1:90:db:e8:90,-51,11,1,7,0,0,1,0,0,0,1,-96,0,4,0,-800953543,0,100,0,128,1,"[100,-64,5,0,23,-15,22,-15,22,-15,22,-15,21,-16,21,-16,20,-16,20,-15,19,-15,19,-15,19,-16,19,-16,19,-16,19,-16,19,-16,19,-16,19,-15,19,-14,19,-14,18,-13,18,-13,18,-11,18,-10,17,-9,17,-8,4,-2,0,0,0,0,0,0,0,0,0,0,0,0,0,0,0,0,0,0,4,-3,16,-12,16,-11,17,-11,17,-10,18,-10,19,-10,19,-10,20,-9,20,-9,21,-9,21,-9,22,-9,22,-9,22,-9,22,-9,22,-9,22,-10,22,-11,22,-11,21,-12,22,-13,22,-14,22,-14,22,-15,22,-15,22,-15]"
CSI_DATA,226005,d8:b1:90:db:e8:90,-51,11,1,7,0,0,1,0,0,0,1,-96,0,4,0,-800941104,0,100,0,128,1,"[100,-64,5,0,-27,-7,-27,-6,-26,-6,-26,-5,-26,-5,-26,-4,-26,-4,-25,-3,-25,-3,-25,-3,-25,-3,-25,-2,-25,-2,-24,-2,-24,-2,-24,-2,-24,-2,-23,-2,-23,-3,-22,-3,-22,-3,-21,-4,-21,-4,-20,-6,-20,-6,-5,-2,0,0,0,0,0,0,0,0,0,0,0,0,0,0,0,0,0,0,-5,-1,-20,-2,-20,-3,-20,-4,-20,-5,-21,-5,-21,-6,-22,-6,-22,-6,-23,-7,-23,-7,-23,-7,-23,-8,-23,-8,-23,-8,-23,-9,-24,-8,-24,-8,-24,-8,-24,-8,-25,-7,-26,-7,-26,-6,-26,-6,-27,-6,-27,-6,-28,-6]"
CSI_DATA,226006,d8:b1:90:db:e8:90,-51,11,1,7,0,0,1,0,0,0,1,-96,0,4,0,-800930293,0,100,0,128,1,"[100,-64,5,0,0,27,1,27,1,26,2,26,2,26,3,25,3,25,3,25,3,25,4,24,4,24,4,24,4,23,4,23,4,23,4,23,4,23,4,22,3,22,3,22,2,21,2,21,1,20,0,20,-1,21,-1,5,0,0,0,0,0,0,0,0,0,0,0,0,0,0,0,0,0,0,0,4,3,19,2,19,2,20,1,20,1,21,1,21,0,22,0,22,0,23,-1,24,-1,24,-2,24,-2,24,-2,24,-2,24,-2,24,-2,24,-1,25,-1,25,0,25,1,26,1,26,1,26,1,27,1,27,2,28]"
CSI_DATA,226007,d8:b1:90:db:e8:90,-51,11,1,7,0,0,1,0,0,0,1,-96,0,4,0,-800913604,0,100,0,128,1,"[100,-64,5,0,23,10,23,10,23,9,23,9,22,8,22,8,22,7,22,7,22,7,22,6,22,6,22,6,22,5,22,5,22,5,22,6,21,6,21,6,20,7,19,7,19,7,18,8,17,8,17,9,16,9,4,2,0,0,0,0,0,0,0,0,0,0,0,0,0,0,0,0,0,0,4,1,18,4,18,5,18,6,18,7,18,7,18,8,18,8,18,8,18,9,19,9,19,10,19,11,20,11,20,11,20,11,20,11,20,11,21,11,21,11,21,11,21,10,22,10,22,10,22,10,23,10,24,10]"
CSI_DATA,226008,d8:b1:90:db:e8:90,-51,11,1,7,0,0,1,0,0,0,1,-96,0,4,0,-800903327,0,100,0,128,1,"[100,-64,5,0,-5,-23,-6,-23,-6,-23,-5,-23,-5,-23,-6,-22,-6,-22,-7,-22,-7,-22,-7,-21,-8,-21,-8,-20,-8,-20,-8,-20,-8,-20,-8,-20,-7,-20,-7,-20,-7,-19,-6,-19,-6,-19,-5,-19,-5,-19,-4,-19,-3,-19,-1,-5,0,0,0,0,0,0,0,0,0,0,0,0,0,0,0,0,0,0,-2,-5,-5,-17,-4,-17,-3,-17,-3,-18,-2,-18,-2,-18,-2,-19,-2,-20,-1,-20,-1,-21,-1,-21,-1,-22,-1,-22,-1,-22,-1,-21,-1,-21,-2,-21,-2,-21,-3,-22,-3,-22,-4,-22,-4,-23,-4,-23,-5,-24,-5,-24,-4,-24]"
CSI_DATA,226009,d8:b1:90:db:e8:90,-51,11,1,7,0,0,1,0,0,0,1,-96,0,4,0,-800873488,0,100,0,128,1,"[100,-64,5,0,9,27,9,26,9,26,9,25,9,25,10,24,10,24,10,24,10,23,10,22,11,22,11,22,11,22,11,22,10,22,10,22,10,22,9,21,8,21,8,21,8,20,7,20,6,20,5,20,4,21,1,5,0,0,0,0,0,0,0,0,0,0,0,0,0,0,0,0,0,0,2,4,9,18,8,19,7,19,7,20,6,20,6,21,6,22,5,22,5,23,5,23,5,24,4,24,4,24,4,25,5,25,5,25,5,25,6,25,6,25,7,25,7,25,8,26,8,26,9,26,9,27,9,27]"
CSI_DATA,226010,d8:b1:90:db:e8:90,-51,11,1,7,0,0,1,0,0,0,1,-96,0,4,0,-800860729,0,100,0,128,1,"[100,-64,5,0,25,8,25,7,25,7,24,7,24,7,24,6,23,6,23,5,23,5,23,4,23,4,23,4,23,3,23,3,23,3,23,3,22,3,22,3,22,3,20,4,19,5,19,5,19,6,19,7,19,7,4,1,0,0,0,0,0,0,0,0,0,0,0,0,0,0,0,0,0,0,4,1,19,4,19,5,18,6,18,6,19,7,19,7,19,8,19,8,19,9,20,9,20,10,20,10,20,10,21,10,21,10,21,9,22,9,22,9,23,9,23,9,23,8,24,8,24,8,24,8,25,8,25,8]"
CSI_DATA,226011,d8:b1:90:db:e8:90,-51,11,1,7,0,0,1,0,0,0,1,-96,0,4,0,-800848610,0,100,0,128,1,"[100,-64,5,0,-23,14,-23,14,-23,14,-22,14,-22,14,-21,15,-20,15,-19,15,-19,15,-18,15,-18,15,-18,15,-18,16,-18,16,-18,15,-18,15,-18,15,-18,14,-17,14,-18,14,-18,14,-17,13,-17,13,-17,11,-18,9,-5,1,0,0,0,0,0,0,0,0,0,0,0,0,0,0,0,0,0,0,-5,2,-17,11,-17,10,-18,10,-19,9,-19,9,-20,9,-20,9,-21,9,-22,9,-22,8,-22,8,-22,8,-22,8,-23,8,-23,8,-23,8,-23,9,-23,10,-22,10,-22,11,-22,12,-22,12,-23,12,-23,13,-23,13,-23,14]"
CSI_DATA,226012,d8:b1:90:db:e8:90,-51,11,1,7,0,0,1,0,0,0,1,-96,0,4,0,-800833320,0,100,0,128,1,"[100,-64,5,0,-28,0,-27,0,-27,0,-27,1,-27,1,-27,1,-26,2,-26,2,-25,3,-25,3,-25,4,-25,4,-25,4,-24,4,-24,4,-24,4,-24,3,-23,3,-22,2,-22,2,-22,1,-22,1,-21,0,-21,-1,-21,-2,-6,-1,0,0,0,0,0,0,0,0,0,0,0,0,0,0,0,0,0,0,-5,0,-20,2,-20,1,-21,0,-21,-1,-22,-1,-22,-2,-22,-2,-23,-2,-23,-3,-24,-3,-24,-4,-24,-4,-24,-4,-24,-4,-25,-4,-25,-3,-25,-3,-25,-3,-25,-2,-26,-2,-26,-2,-26,-1,-26,-1,-26,0,-27,0,-27,0]"
CSI_DATA,226013,d8:b1:90:db:e8:90,-51,11,1,7,0,0,1,0,0,0,1,-96,0,4,0,-800822699,0,100,0,128,1,"[100,-64,5,0,21,-16,20,-16,20,-16,20,-16,20,-16,19,-16,19,-16,18,-17,17,-17,17,-17,17,-17,17,-17,16,-17,16,-17,16,-17,16,-16,16,-16,16,-16,16,-15,16,-14,16,-14,16,-13,16,-12,16,-11,16,-11,4,-3,0,0,0,0,0,0,0,0,0,0,0,0,0,0,0,0,0,0,3,-4,14,-13,15,-12,16,-12,16,-12,17,-11,18,-11,18,-11,19,-11,19,-11,20,-11,20,-11,20,-11,21,-11,20,-11,20,-11,20,-11,20,-12,20,-12,20,-12,21,-13,21,-14,21,-14,20,-14,20,-15,21,-15,21,-16]"
CSI_DATA,226014,d8:b1:90:db:e8:90,-51,11,1,7,0,0,1,0,0,0,1,-96,0,4,0,-800806428,0,100,0,128,1,"[100,-64,5,0,5,26,5,26,5,26,6,25,6,25,7,24,7,24,7,23,7,23,7,23,8,22,8,22,8,22,7,22,7,22,7,22,7,21,6,21,6,21,6,21,5,20,4,20,4,19,3,20,2,20,0,5,0,0,0,0,0,0,0,0,0,0,0,0,0,0,0,0,0,0,1,4,5,18,4,18,3,19,2,19,2,20,2,20,2,21,2,22,1,22,1,23,0,23,0,24,0,24,0,24,1,24,1,24,2,24,2,24,2,24,3,24,3,25,4,25,4,25,4,26,4,26,5,26]"
CSI_DATA,226015,d8:b1:90:db:e8:90,-51,11,1,7,0,0,1,0,0,0,1,-96,0,4,0,-800773163,0,100,0,128,1,"[100,-64,5,0,15,21,15,21,15,20,16,20,16,19,16,19,16,18,16,18,16,17,16,17,16,17,16,16,16,16,16,16,16,16,15,16,15,16,15,16,14,16,13,16,13,16,12,16,11,16,10,16,9,17,2,4,0,0,0,0,0,0,0,0,0,0,0,0,0,0,0,0,0,0,3,3,12,12,12,13,11,14,10,15,10,15,10,16,11,17,11,18,11,18,11,19,11,20,11,20,11,20,11,20,11,20,11,20,12,20,12,20,12,20,13,20,13,20,14,20,15,20,15,21,15,21,15,20]"
CSI_DATA,226016,d8:b1:90:db:e8:90,-51,11,1,7,0,0,1,0,0,0,1,-96,0,4,0,-800759970,0,100,0,128,1,"[100,-64,5,0,0,-24,0,-24,0,-24,-1,-23,-1,-23,-1,-23,-1,-22,-2,-22,-2,-22,-3,-22,-3,-22,-3,-22,-3,-22,-3,-22,-2,-22,-2,-22,-2,-21,-1,-21,-1,-21,-1,-20,-1,-19,-1,-19,0,-18,0,-18,1,-18,0,-5,0,0,0,0,0,0,0,0,0,0,0,0,0,0,0,0,0,0,-1,-5,-1,-18,0,-18,1,-18,1,-18,2,-19,2,-19,3,-19,3,-20,3,-20,3,-20,4,-21,4,-21,4,-21,4,-21,4,-21,3,-21,3,-21,3,-22,2,-22,2,-23,1,-23,1,-24,1,-24,1,-24,1,-24,1,-25]"
CSI_DATA,226017,d8:b1:90:db:e8:90,-51,11,1,7,0,0,1,0,0,0,1,-96,0,4,0,-800745038,0,100,0,128,1,"[100,-64,5,0,-3,-24,-3,-24,-4,-24,-4,-24,-4,-23,-4,-23,-5,-23,-5,-22,-5,-22,-6,-22,-6,-21,-6,-21,-6,-21,-6,-21,-6,-21,-6,-21,-5,-21,-5,-20,-5,-20,-4,-20,-4,-21,-3,-21,-3,-19,-2,-18,0,-16,0,-4,0,0,0,0,0,0,0,0,0,0,0,0,0,0,0,0,0,0,-1,-5,-4,-17,-3,-17,-2,-18,-2,-18,-1,-19,-1,-19,0,-19,0,-20,0,-20,0,-21,1,-21,1,-21,1,-21,0,-22,0,-22,0,-22,-1,-22,-1,-22,-2,-22,-2,-22,-3,-22,-3,-23,-4,-23,-4,-24,-4,-24,-3,-24]"
CSI_DATA,226018,d8:b1:90:db:e8:90,-51,11,1,7,0,0,1,0,0,0,1,-96,0,4,0,-800731681,0,100,0,128,1,"[100,-64,5,0,24,11,24,10,24,10,24,9,24,9,23,8,23,8,23,7,22,7,23,6,23,6,23,6,23,6,23,6,23,6,22,7,22,7,21,7,20,7,20,7,19,8,19,8,18,9,17,9,16,10,4,2,0,0,0,0,0,0,0,0,0,0,0,0,0,0,0,0,0,0,4,1,18,5,18,6,18,7,18,8,18,8,18,9,18,9,18,10,19,11,19,11,19,11,19,12,19,12,20,12,20,12,21,12,21,11,21,11,21,10,22,10,22,10,23,9,23,9,24,9,24,9,25,10]"
CSI_DATA,226019,d8:b1:90:db:e8:90,-51,11,1,7,0,0,1,0,0,0,1,-96,0,4,0,-800718786,0,100,0,128,1,"[100,-64,5,0,29,-5,28,-5,28,-6,28,-6,27,-7,26,-7,26,-8,25,-8,25,-9,25,-9,25,-9,25,-10,24,-10,24,-10,24,-10,24,-9,23,-9,23,-8,22,-8,22,-8,22,-7,22,-6,22,-5,21,-4,21,-3,5,-1,0,0,0,0,0,0,0,0,0,0,0,0,0,0,0,0,0,0,5,-2,21,-6,21,-5,21,-3,21,-2,22,-2,22,-2,23,-2,23,-2,24,-1,24,-1,24,-1,25,-1,25,-1,25,-1,26,0,26,0,26,-1,26,-1,27,-1,27,-2,27,-2,27,-3,27,-4,28,-4,29,-4,29,-5]"
CSI_DATA,226020,d8:b1:90:db:e8:90,-51,11,1,7,0,0,1,0,0,0,1,-96,0,4,0,-800702361,0,100,0,128,1,"[100,-64,5,0,-1,-30,-1,-30,-2,-30,-2,-29,-3,-29,-3,-28,-4,-28,-4,-28,-4,-27,-5,-27,-5,-27,-6,-27,-6,-27,-5,-27,-5,-26,-4,-26,-4,-26,-4,-25,-3,-25,-3,-24,-3,-24,-2,-23,-1,-23,0,-23,1,-23,0,-6,0,0,0,0,0,0,0,0,0,0,0,0,0,0,0,0,0,0,-2,-6,-5,-22,-4,-22,-2,-23,-1,-23,0,-23,0,-24,0,-24,1,-24,1,-25,2,-25,2,-26,2,-26,2,-26,2,-26,2,-27,3,-27,2,-27,2,-27,2,-28,1,-28,1,-29,0,-29,0,-29,-1,-29,-1,-30,-1,-30]"
CSI_DATA,226021,d8:b1:90:db:e8:90,-51,11,1,7,0,0,1,0,0,0,1,-96,0,4,0,-800689608,0,100,0,128,1,"[100,-64,5,0,-20,20,-19,20,-18,20,-18,20,-17,20,-17,20,-16,20,-15,20,-14,20,-14,20,-14,20,-14,20,-13,20,-13,20,-13,20,-14,20,-14,19,-14,19,-14,18,-14,17,-14,16,-14,15,-15,15,-15,14,-16,14,-4,3,0,0,0,0,0,0,0,0,0,0,0,0,0,0,0,0,0,0,-4,3,-13,15,-14,14,-15,14,-15,14,-16,14,-17,14,-17,14,-17,15,-18,15,-18,15,-19,14,-19,14,-19,14,-18,14,-19,14,-19,14,-19,15,-19,15,-19,16,-18,17,-18,17,-18,18,-18,18,-18,19,-18,19,-19,20]"
CSI_DATA,226022,d8:b1:90:db:e8:90,-51,11,1,7,0,0,1,0,0,0,1,-96,0,4,0,-800663150,0,100,0,128,1,"[100,-64,5,0,2,25,2,25,2,25,2,25,3,25,4,24,4,24,5,23,5,23,6,23,6,22,6,22,5,22,6,22,5,22,5,22,4,22,3,21,3,21,2,21,2,20,1,20,1,20,-1,20,-2,19,-1,4,0,0,0,0,0,0,0,0,0,0,0,0,0,0,0,0,0,0,0,4,2,18,1,18,0,19,-1,19,-1,19,-1,20,-2,21,-2,21,-2,22,-2,22,-2,22,-2,22,-2,22,-2,23,-2,24,-2,24,-2,24,-1,24,-1,24,-1,24,0,24,1,25,1,25,1,26,1,26,1,27]"
CSI_DATA,226023,d8:b1:90:db:e8:90,-52,11,1,7,0,0,1,0,0,0,1,-96,0,4,0,-800651626,0,100,0,128,1,"[100,-64,5,0,23,0,24,-1,24,-1,24,-1,24,-2,24,-2,24,-3,23,-4,23,-5,22,-5,22,-5,22,-5,22,-4,22,-4,22,-3,22,-3,21,-3,21,-4,21,-3,20,-3,20,-2,19,-1,19,1,17,1,17,1,4,0,0,0,0,0,0,0,0,0,0,0,0,0,0,0,0,0,0,0,4,-1,18,0,18,0,17,2,17,2,18,3,19,3,20,3,20,3,21,4,21,4,21,4,21,3,21,4,22,4,22,4,23,4,23,3,23,3,23,3,23,2,23,2,24,1,24,1,25,0,25,0,27,0]"
CSI_DATA,226024,d8:b1:90:db:e8:90,-51,11,1,7,0,0,1,0,0,0,1,-96,0,4,0,-800639161,0,100,0,128,1,"[100,-64,5,0,27,11,27,11,26,10,26,10,27,9,27,8,26,8,26,8,26,7,26,7,26,6,26,6,26,6,25,6,25,6,24,6,24,6,23,6,23,7,22,7,22,7,21,8,21,9,20,10,19,11,4,2,0,0,0,0,0,0,0,0,0,0,0,0,0,0,0,0,0,0,5,1,20,7,20,8,19,9,19,10,20,10,20,11,20,11,20,12,20,13,21,13,21,14,21,15,21,15,21,15,22,14,22,14,22,14,23,13,23,13,24,13,24,12,25,12,25,12,26,12,26,12,27,12]"
CSI_DATA,226025,d8:b1:90:db:e8:90,-69,11,1,7,0,0,1,0,0,0,1,-96,0,4,0,-800626884,0,100,0,128,1,"[100,-64,5,0,-24,-18,-24,-19,-24,-20,-24,-20,-23,-19,-23,-20,-23,-20,-22,-19,-21,-19,-21,-20,-22,-20,-22,-20,-21,-19,-20,-19,-20,-18,-20,-18,-19,-17,-18,-17,-18,-17,-20,-16,-19,-17,-19,-18,-18,-18,-19,-18,-21,-19,-6,-5,0,0,0,0,0,0,0,0,0,0,0,0,0,0,0,0,0,0,-3,-4,-10,-13,-10,-13,-9,-14,-9,-15,-9,-15,-9,-15,-9,-15,-8,-16,-8,-16,-8,-16,-8,-16,-8,-15,-8,-15,-9,-15,-9,-14,-10,-13,-12,-13,-13,-13,-14,-14,-15,-14,-16,-14,-17,-14,-18,-13,-20,-14,-21,-14,-20,-14]"
CSI_DATA,226026,d8:b1:90:db:e8:90,-69,11,1,7,0,0,1,0,0,0,1,-96,0,4,0,-800614487,0,100,0,128,1,"[100,-64,5,0,8,22,8,24,7,24,7,24,7,23,7,24,6,23,6,23,6,23,5,22,5,23,5,23,5,22,5,22,4,21,5,20,5,19,5,18,4,18,5,18,5,18,6,18,6,18,6,18,6,19,1,5,0,0,0,0,0,0,0,0,0,0,0,0,0,0,0,0,0,0,0,3,1,13,0,13,0,13,-1,13,-2,13,-2,13,-2,13,-3,14,-2,14,-2,14,-2,14,-2,14,-1,14,-1,14,-1,14,0,14,1,14,3,14,3,16,4,16,4,16,5,17,6,18,7,19,7,19,6,19]"
CSI_DATA,226027,d8:b1:90:db:e8:90,-51,11,1,7,0,0,1,0,0,0,1,-96,0,4,0,-800603139,0,100,0,128,1,"[100,-64,5,0,-24,13,-24,13,-23,13,-23,13,-23,13,-22,13,-21,13,-20,13,-20,13,-19,13,-19,14,-19,14,-19,14,-19,14,-19,14,-19,14,-19,14,-18,13,-18,12,-18,12,-18,11,-18,11,-18,10,-18,9,-18,8,-5,2,0,0,0,0,0,0,0,0,0,0,0,0,0,0,0,0,0,0,-4,3,-16,12,-17,11,-18,10,-18,10,-19,10,-19,9,-20,9,-21,9,-22,8,-22,8,-23,8,-23,8,-23,8,-23,8,-23,8,-23,9,-23,9,-23,10,-23,10,-23,11,-23,11,-23,12,-23,12,-23,12,-24,13,-24,13]"
CSI_DATA,226028,d8:b1:90:db:e8:90,-51,11,1,7,0,0,1,0,0,0,1,-96,0,4,0,-800588168,0,100,0,128,1,"[100,-64,5,0,-4,25,-3,25,-3,25,-2,24,-2,24,-1,24,-1,23,0,23,0,23,0,22,0,23,1,23,1,23,1,23,1,23,0,23,0,22,0,22,0,21,-1,21,-1,20,-2,20,-3,19,-4,19,-5,19,-2,4,0,0,0,0,0,0,0,0,0,0,0,0,0,0,0,0,0,0,0,4,0,19,-1,19,-2,19,-3,19,-3,20,-4,20,-4,20,-5,21,-5,21,-5,22,-5,21,-5,21,-5,21,-5,22,-6,22,-6,22,-5,22,-5,22,-5,22,-4,23,-4,23,-4,24,-4,25,-4,25,-4,25,-4,25]"
CSI_DATA,226029,d8:b1:90:db:e8:90,-51,11,1,7,0,0,1,0,0,0,1,-96,0,4,0,-800577312,0,100,0,128,1,"[100,-64,5,0,26,2,25,2,25,1,25,1,25,0,25,0,25,-1,24,-1,24,-1,23,-2,23,-2,24,-2,24,-2,23,-2,23,-2,23,-2,23,-1,22,-1,22,-1,22,0,21,0,21,1,20,2,19,3,19,4,4,1,0,0,0,0,0,0,0,0,0,0,0,0,0,0,0,0,0,0,4,-1,19,-2,19,-1,19,0,20,1,20,1,21,2,21,2,22,3,22,3,22,3,22,3,22,3,22,3,22,3,23,4,23,4,23,3,23,3,23,3,23,3,24,3,24,3,25,3,26,2,26,2,26,2]"
CSI_DATA,226030,d8:b1:90:db:e8:90,-51,11,1,7,0,0,1,0,0,0,1,-96,0,4,0,-800555823,0,100,0,128,1,"[100,-64,5,0,-25,12,-24,12,-24,12,-23,12,-23,12,-22,13,-22,13,-22,14,-21,14,-21,14,-20,14,-20,14,-20,14,-20,14,-19,14,-19,13,-18,13,-18,13,-19,12,-19,12,-19,12,-18,12,-17,11,-18,10,-21,9,-6,2,0,0,0,0,0,0,0,0,0,0,0,0,0,0,0,0,0,0,-5,2,-18,10,-18,9,-18,9,-19,9,-19,9,-20,9,-21,9,-21,8,-22,8,-22,8,-23,9,-23,8,-23,8,-23,8,-23,8,-23,9,-23,9,-23,10,-23,9,-23,9,-24,10,-24,11,-24,11,-24,12,-24,12,-25,12]"
CSI_DATA,226031,d8:b1:90:db:e8:90,-51,11,1,7,0,0,1,0,0,0,1,-96,0,4,0,-800541697,0,100,0,128,1,"[100,-64,5,0,14,23,14,22,14,22,14,22,15,21,15,21,15,20,15,20,15,20,16,19,16,19,16,18,16,18,16,18,16,18,15,18,15,18,14,18,13,18,12,18,12,18,11,18,10,18,9,18,8,18,2,4,0,0,0,0,0,0,0,0,0,0,0,0,0,0,0,0,0,0,3,4,12,16,11,16,11,17,10,18,10,18,10,19,10,19,9,20,10,21,9,21,9,21,9,21,9,21,9,22,9,22,10,22,10,21,11,22,12,22,12,22,13,22,13,22,14,22,14,22,14,22,15,23]"
CSI_DATA,226032,d8:b1:90:db:e8:90,-51,11,1,7,0,0,1,0,0,0,1,-96,0,4,0,-800527416,0,100,0,128,1,"[100,-64,5,0,-25,11,-24,11,-24,11,-23,11,-23,11,-22,12,-22,12,-21,12,-21,12,-20,13,-20,13,-20,13,-20,13,-20,13,-20,13,-20,13,-20,12,-20,11,-19,11,-20,10,-20,9,-19,9,-19,8,-19,7,-20,6,-5,1,0,0,0,0,0,0,0,0,0,0,0,0,0,0,0,0,0,0,-5,2,-17,9,-18,8,-18,8,-19,7,-20,7,-20,7,-20,7,-21,7,-21,7,-22,7,-23,7,-23,7,-23,6,-24,7,-24,7,-24,7,-24,8,-24,8,-24,8,-24,9,-24,9,-24,10,-25,11,-25,11,-25,11,-25,11]"
CSI_DATA,226033,d8:b1:90:db:e8:90,-51,11,1,7,0,0,1,0,0,0,1,-96,0,4,0,-800517285,0,100,0,128,1,"[100,-64,5,0,-8,-29,-8,-29,-8,-28,-8,-28,-8,-27,-9,-27,-9,-26,-10,-26,-10,-26,-10,-25,-10,-25,-11,-25,-11,-25,-11,-25,-11,-25,-10,-25,-9,-25,-9,-24,-8,-24,-8,-24,-7,-23,-6,-23,-5,-23,-4,-23,-3,-23,-1,-6,0,0,0,0,0,0,0,0,0,0,0,0,0,0,0,0,0,0,-2,-5,-7,-20,-6,-21,-5,-22,-5,-23,-4,-23,-4,-23,-4,-23,-4,-24,-4,-24,-3,-25,-3,-26,-3,-27,-3,-27,-3,-27,-3,-27,-4,-27,-4,-27,-4,-27,-5,-27,-5,-27,-6,-28,-6,-28,-7,-29,-7,-29,-7,-29,-7,-29]"
CSI_DATA,226034,d8:b1:90:db:e8:90,-51,11,1,7,0,0,1,0,0,0,1,-96,0,4,0,-800499231,0,100,0,128,1,"[100,-64,5,0,-21,20,-21,20,-20,20,-20,20,-20,20,-19,20,-19,20,-19,20,-19,20,-18,19,-18,19,-17,19,-16,19,-16,20,-16,19,-16,19,-16,19,-16,18,-16,17,-16,17,-16,16,-16,15,-17,15,-17,14,-17,14,-5,3,0,0,0,0,0,0,0,0,0,0,0,0,0,0,0,0,0,0,-4,4,-13,17,-14,16,-15,16,-16,16,-17,16,-17,16,-18,16,-18,17,-19,17,-20,17,-20,16,-21,15,-20,16,-21,16,-21,15,-21,16,-21,17,-21,17,-20,18,-20,19,-20,20,-20,20,-21,20,-21,20,-21,20,-21,21]"
CSI_DATA,226035,d8:b1:90:db:e8:90,-51,11,1,7,0,0,1,0,0,0,1,-96,0,4,0,-800483881,0,100,0,128,1,"[100,-64,5,0,14,-23,13,-23,13,-23,12,-23,12,-23,11,-24,11,-24,10,-24,10,-24,9,-23,9,-23,9,-23,9,-23,9,-23,9,-23,8,-23,8,-22,9,-22,9,-22,9,-21,9,-20,10,-19,10,-18,11,-18,11,-17,3,-5,0,0,0,0,0,0,0,0,0,0,0,0,0,0,0,0,0,0,1,-5,8,-18,8,-18,9,-17,10,-17,11,-17,11,-17,12,-17,13,-18,14,-18,14,-18,14,-18,14,-19,14,-19,14,-19,14,-19,15,-20,14,-20,14,-21,14,-21,13,-22,13,-22,13,-23,14,-23,14,-23,14,-23,15,-24]"
CSI_DATA,226036,d8:b1:90:db:e8:90,-51,11,1,7,0,0,1,0,0,0,1,-96,0,4,0,-800460688,0,100,0,128,1,"[100,-64,5,0,-3,-27,-3,-27,-3,-26,-2,-26,-3,-26,-3,-26,-4,-26,-4,-25,-5,-25,-5,-25,-6,-24,-6,-24,-6,-24,-6,-24,-6,-24,-5,-24,-5,-23,-4,-23,-4,-23,-4,-22,-3,-21,-2,-21,-2,-21,-1,-22,0,-22,0,-6,0,0,0,0,0,0,0,0,0,0,0,0,0,0,0,0,0,0,-1,-5,-4,-20,-2,-20,-1,-21,0,-21,1,-21,1,-22,2,-22,2,-23,2,-23,2,-23,2,-24,2,-24,2,-25,2,-25,2,-25,2,-25,1,-25,1,-25,1,-25,0,-26,-1,-26,-1,-26,-2,-27,-2,-28,-2,-28,-2,-28]"
CSI_DATA,226037,d8:b1:90:db:e8:90,-51,11,1,7,0,0,1,0,0,0,1,-96,0,4,0,-800447186,0,100,0,128,1,"[100,-64,5,0,-7,23,-7,23,-6,23,-6,22,-6,22,-5,22,-5,21,-4,21,-3,21,-3,20,-3,20,-3,20,-2,20,-2,20,-3,20,-3,20,-4,20,-4,19,-4,18,-5,18,-5,17,-5,17,-5,16,-6,16,-7,16,-2,4,0,0,0,0,0,0,0,0,0,0,0,0,0,0,0,0,0,0,-1,4,-4,17,-5,17,-6,17,-7,17,-7,17,-8,17,-8,18,-9,18,-9,18,-10,18,-10,19,-10,19,-10,19,-10,19,-10,19,-10,19,-9,19,-9,20,-9,20,-8,21,-8,21,-8,21,-8,21,-7,22,-7,22,-7,23]"
CSI_DATA,226038,d8:b1:90:db:e8:90,-51,11,1,7,0,0,1,0,0,0,1,-96,0,4,0,-800434059,0,100,0,128,1,"[100,-64,5,0,-21,17,-21,17,-20,17,-20,17,-20,17,-19,17,-18,17,-17,17,-16,17,-16,18,-15,18,-15,18,-15,18,-15,18,-15,18,-16,17,-17,16,-16,16,-16,15,-15,14,-16,13,-15,12,-15,11,-16,11,-16,10,-4,2,0,0,0,0,0,0,0,0,0,0,0,0,0,0,0,0,0,0,-4,3,-14,13,-15,12,-16,11,-17,11,-17,11,-18,11,-19,11,-20,11,-20,11,-21,11,-21,11,-21,11,-21,11,-21,11,-21,11,-20,11,-20,12,-20,13,-21,13,-21,14,-21,15,-21,15,-20,16,-20,16,-21,16,-21,17]"
CSI_DATA,226039,d8:b1:90:db:e8:90,-51,11,1,7,0,0,1,0,0,0,1,-96,0,4,0,-800421262,0,100,0,128,1,"[100,-64,5,0,26,1,26,1,26,1,25,0,25,0,24,-1,24,-1,24,-1,23,-1,23,-2,23,-2,23,-2,23,-2,23,-2,23,-2,23,-2,22,-2,21,-2,21,-1,21,-1,21,-1,21,0,20,1,19,2,19,3,4,0,0,0,0,0,0,0,0,0,0,0,0,0,0,0,0,0,0,0,5,-1,20,-1,20,0,20,1,20,2,21,2,21,3,21,3,22,3,22,4,23,5,23,5,23,6,23,6,23,6,24,5,24,5,24,5,24,4,24,4,24,3,24,2,25,2,25,2,26,2,26,2,26,2]"
CSI_DATA,226040,d8:b1:90:db:e8:90,-51,11,1,7,0,0,1,0,0,0,1,-96,0,4,0,-800410740,0,100,0,128,1,"[100,-64,5,0,12,21,12,21,12,20,12,20,12,19,13,19,13,18,13,17,13,17,13,16,13,16,13,16,13,15,13,15,13,15,13,15,12,15,12,15,11,15,10,15,10,15,9,15,8,15,7,16,6,16,1,4,0,0,0,0,0,0,0,0,0,0,0,0,0,0,0,0,0,0,2,3,11,14,10,14,10,15,9,16,9,16,9,17,9,17,8,18,8,18,8,19,8,19,8,19,8,19,8,19,8,20,8,20,9,20,9,20,9,20,9,20,10,20,11,20,11,20,11,20,12,20,12,20]"
CSI_DATA,226041,d8:b1:90:db:e8:90,-51,11,1,7,0,0,1,0,0,0,1,-96,0,4,0,-800399397,0,100,0,128,1,"[100,-64,5,0,16,-21,16,-21,16,-21,16,-22,15,-22,15,-21,14,-21,13,-21,12,-21,12,-21,11,-21,11,-21,11,-20,11,-20,11,-20,11,-20,11,-20,11,-19,12,-19,12,-18,13,-17,13,-17,13,-16,13,-15,14,-14,3,-4,0,0,0,0,0,0,0,0,0,0,0,0,0,0,0,0,0,0,2,-5,10,-18,10,-17,11,-17,12,-17,12,-17,13,-17,14,-17,15,-17,15,-17,15,-17,15,-17,16,-17,16,-17,16,-17,16,-17,16,-18,16,-18,16,-18,16,-18,16,-19,16,-19,16,-20,16,-20,16,-21,16,-21,16,-21]"
CSI_DATA,226042,d8:b1:90:db:e8:90,-51,11,1,7,0,0,1,0,0,0,1,-96,0,4,0,-800385478,0,100,0,128,1,"[100,-64,5,0,17,-24,16,-24,16,-24,15,-24,15,-24,14,-24,13,-24,13,-25,12,-25,12,-25,12,-25,11,-25,11,-24,11,-24,11,-24,11,-24,11,-24,11,-24,12,-23,12,-22,12,-21,13,-21,13,-20,13,-19,13,-18,3,-5,0,0,0,0,0,0,0,0,0,0,0,0,0,0,0,0,0,0,2,-5,11,-18,12,-18,13,-18,13,-18,14,-18,15,-18,16,-19,17,-19,18,-19,18,-19,18,-20,19,-19,19,-19,19,-19,18,-19,18,-20,18,-20,18,-21,18,-22,17,-22,17,-23,17,-23,17,-24,17,-24,17,-25,17,-25]"
CSI_DATA,226043,d8:b1:90:db:e8:90,-51,11,1,7,0,0,1,0,0,0,1,-96,0,4,0,-800361247,0,100,0,128,1,"[100,-64,5,0,-14,25,-14,24,-14,24,-13,24,-13,24,-12,24,-12,24,-11,23,-11,23,-11,23,-11,23,-11,23,-11,23,-11,23,-11,23,-10,22,-10,22,-11,22,-11,21,-11,21,-11,20,-11,19,-12,19,-13,18,-13,18,-4,4,0,0,0,0,0,0,0,0,0,0,0,0,0,0,0,0,0,0,-2,4,-8,19,-10,19,-11,18,-11,19,-12,19,-13,19,-14,19,-14,19,-15,20,-15,20,-16,20,-17,20,-16,20,-16,20,-16,20,-16,20,-16,21,-16,21,-15,22,-15,22,-14,23,-14,23,-14,24,-14,24,-14,24,-14,25]"
CSI_DATA,226044,d8:b1:90:db:e8:90,-51,11,1,7,0,0,1,0,0,0,1,-96,0,4,0,-800345122,0,100,0,128,1,"[100,-64,5,0,-13,24,-13,24,-13,24,-12,24,-12,24,-11,24,-10,24,-10,24,-9,23,-9,23,-8,23,-8,23,-8,23,-7,23,-7,23,-7,22,-7,22,-7,21,-7,21,-6,20,-8,20,-8,19,-9,18,-10,18,-11,17,-3,4,0,0,0,0,0,0,0,0,0,0,0,0,0,0,0,0,0,0,-2,4,-7,19,-8,19,-9,19,-10,19,-10,20,-11,20,-11,20,-11,20,-12,21,-13,21,-14,21,-15,21,-14,21,-15,21,-15,21,-14,21,-14,22,-14,22,-14,22,-14,22,-13,23,-13,24,-13,23,-13,23,-13,24,-13,25]"
CSI_DATA,226045,d8:b1:90:db:e8:90,-51,11,1,7,0,0,1,0,0,0,1,-96,0,4,0,-800330789,0,100,0,128,1,"[100,-64,5,0,1,-29,1,-29,1,-29,1,-29,0,-29,-1,-29,-1,-28,-2,-28,-2,-28,-3,-27,-3,-27,-4,-26,-4,-26,-4,-26,-3,-26,-3,-26,-3,-26,-2,-25,-2,-24,-2,-24,-1,-24,-1,-23,0,-23,1,-23,1,-23,0,-6,0,0,0,0,0,0,0,0,0,0,0,0,0,0,0,0,0,0,-1,-6,-3,-22,-2,-22,-1,-23,-1,-23,0,-24,1,-24,1,-25,1,-25,2,-26,2,-26,3,-27,4,-27,3,-27,3,-27,3,-27,3,-27,3,-27,3,-28,3,-28,2,-29,2,-29,2,-29,2,-29,2,-29,2,-29,2,-30]"
CSI_DATA,226046,d8:b1:90:db:e8:90,-51,11,1,7,0,0,1,0,0,0,1,-96,0,4,0,-800319354,0,100,0,128,1,"[100,-64,5,0,-25,-12,-25,-12,-25,-11,-25,-11,-25,-11,-24,-11,-24,-10,-24,-9,-24,-8,-24,-7,-24,-7,-24,-7,-23,-7,-23,-7,-23,-7,-23,-8,-22,-8,-22,-8,-21,-9,-21,-10,-20,-10,-20,-10,-19,-10,-18,-11,-17,-11,-5,-3,0,0,0,0,0,0,0,0,0,0,0,0,0,0,0,0,0,0,-5,-2,-19,-8,-18,-9,-18,-10,-18,-11,-18,-12,-18,-12,-19,-13,-19,-13,-19,-13,-19,-14,-19,-14,-19,-14,-19,-15,-19,-15,-19,-15,-20,-15,-20,-14,-21,-14,-21,-14,-21,-14,-22,-13,-23,-13,-24,-13,-25,-13,-25,-12,-25,-12]"
CSI_DATA,226047,d8:b1:90:db:e8:90,-51,11,1,7,0,0,1,0,0,0,1,-96,0,4,0,-800307221,0,100,0,128,1,"[100,-64,5,0,6,27,6,27,6,26,7,26,7,26,7,25,7,25,7,24,8,24,8,24,8,23,8,23,8,23,8,23,8,23,8,23,8,23,7,22,7,22,6,22,5,21,5,21,4,21,3,22,2,22,0,5,0,0,0,0,0,0,0,0,0,0,0,0,0,0,0,0,0,0,1,4,6,19,5,20,4,20,4,21,3,21,3,22,3,22,3,22,2,23,2,24,2,24,2,25,2,25,2,25,2,25,2,25,2,25,3,25,3,25,4,26,5,26,5,26,6,26,6,27,6,27,6,27]"
CSI_DATA,226048,d8:b1:90:db:e8:90,-51,11,1,7,0,0,1,0,0,0,1,-96,0,4,0,-800296174,0,100,0,128,1,"[100,-64,5,0,1,26,1,26,1,25,2,25,2,25,2,24,3,24,3,23,3,23,3,23,4,23,4,22,4,22,4,23,4,22,4,22,4,22,3,22,3,21,2,21,2,20,2,20,1,20,0,20,-1,20,-1,5,0,0,0,0,0,0,0,0,0,0,0,0,0,0,0,0,0,0,0,4,1,19,1,19,0,19,-1,20,-1,20,-2,21,-2,21,-2,21,-2,22,-3,22,-3,23,-3,23,-3,24,-3,24,-3,24,-3,23,-3,23,-2,24,-2,24,-1,24,0,25,0,25,1,25,1,26,1,26,1,26]"
CSI_DATA,226049,d8:b1:90:db:e8:90,-51,11,1,7,0,0,1,0,0,0,1,-96,0,4,0,-800262222,0,100,0,128,1,"[100,-64,5,0,-16,-19,-16,-18,-16,-18,-16,-18,-16,-17,-16,-17,-16,-16,-17,-16,-17,-16,-17,-15,-17,-15,-17,-15,-17,-15,-17,-15,-16,-15,-16,-14,-16,-14,-15,-14,-15,-14,-14,-14,-13,-14,-13,-14,-12,-15,-12,-15,-11,-16,-3,-4,0,0,0,0,0,0,0,0,0,0,0,0,0,0,0,0,0,0,-4,-3,-13,-12,-13,-13,-13,-14,-12,-15,-12,-15,-12,-16,-12,-17,-12,-17,-12,-18,-12,-18,-12,-18,-12,-18,-12,-19,-12,-19,-12,-19,-12,-19,-13,-19,-13,-19,-14,-19,-14,-19,-14,-19,-15,-19,-15,-18,-16,-18,-16,-19,-16,-19]"
CSI_DATA,226050,d8:b1:90:db:e8:90,-51,11,1,7,0,0,1,0,0,0,1,-96,0,4,0,-800248789,0,100,0,128,1,"[100,-64,5,0,-19,-21,-19,-21,-19,-20,-19,-20,-19,-19,-19,-18,-19,-18,-19,-17,-19,-17,-19,-17,-19,-17,-19,-17,-19,-17,-19,-17,-18,-17,-18,-16,-18,-16,-18,-17,-17,-17,-16,-17,-16,-17,-15,-16,-15,-17,-14,-18,-13,-19,-3,-5,0,0,0,0,0,0,0,0,0,0,0,0,0,0,0,0,0,0,-4,-4,-14,-15,-14,-16,-13,-17,-13,-17,-12,-18,-13,-18,-13,-19,-13,-19,-13,-20,-13,-20,-13,-21,-13,-21,-13,-22,-13,-22,-13,-22,-14,-21,-14,-21,-15,-21,-15,-21,-16,-21,-16,-21,-17,-21,-17,-21,-18,-21,-18,-22,-19,-22]"
CSI_DATA,226051,d8:b1:90:db:e8:90,-51,11,1,7,0,0,1,0,0,0,1,-96,0,4,0,-800233379,0,100,0,128,1,"[100,-64,5,0,-22,16,-22,16,-21,16,-21,16,-20,17,-20,17,-19,17,-19,17,-18,17,-17,17,-17,18,-18,17,-18,17,-18,17,-18,17,-17,17,-17,16,-17,15,-17,14,-17,14,-18,14,-18,14,-18,13,-18,12,-19,11,-5,2,0,0,0,0,0,0,0,0,0,0,0,0,0,0,0,0,0,0,-4,3,-16,12,-17,11,-17,10,-18,10,-18,10,-19,10,-20,10,-20,10,-20,10,-21,10,-21,10,-22,10,-22,11,-22,11,-22,11,-22,11,-22,11,-22,12,-22,12,-22,13,-22,13,-22,14,-22,15,-22,15,-22,16,-23,17]"
CSI_DATA,226052,d8:b1:90:db:e8:90,-51,11,1,7,0,0,1,0,0,0,1,-96,0,4,0,-800221983,0,100,0,128,1,"[100,-64,5,0,-15,20,-15,20,-14,20,-13,20,-13,20,-12,20,-12,20,-11,20,-11,20,-10,20,-10,20,-10,20,-10,20,-11,20,-11,20,-11,19,-11,19,-11,18,-11,18,-11,17,-11,17,-11,16,-11,15,-12,15,-12,15,-4,3,0,0,0,0,0,0,0,0,0,0,0,0,0,0,0,0,0,0,-3,3,-10,15,-11,15,-12,14,-13,14,-14,14,-14,14,-15,14,-15,14,-16,14,-16,14,-17,14,-17,15,-17,15,-17,15,-16,15,-16,15,-16,16,-16,16,-16,17,-15,18,-15,18,-15,19,-14,19,-14,19,-14,20,-15,20]"
CSI_DATA,226053,d8:b1:90:db:e8:90,-51,11,1,7,0,0,1,0,0,0,1,-96,0,4,0,-800211412,0,100,0,128,1,"[100,-64,5,0,-22,-13,-21,-13,-21,-13,-21,-12,-21,-12,-21,-12,-20,-11,-20,-10,-20,-10,-20,-10,-21,-9,-21,-9,-21,-9,-21,-9,-21,-8,-20,-8,-19,-8,-19,-8,-18,-9,-18,-9,-18,-9,-17,-9,-17,-9,-16,-10,-16,-11,-4,-3,0,0,0,0,0,0,0,0,0,0,0,0,0,0,0,0,0,0,-4,-3,-16,-9,-16,-10,-15,-11,-15,-11,-15,-12,-15,-12,-15,-12,-15,-13,-15,-14,-15,-14,-15,-14,-15,-14,-16,-15,-16,-15,-16,-15,-17,-14,-17,-14,-18,-14,-18,-13,-19,-13,-19,-13,-20,-13,-21,-13,-21,-13,-21,-13,-21,-13]"
CSI_DATA,226054,d8:b1:90:db:e8:90,-51,11,1,7,0,0,1,0,0,0,1,-96,0,4,0,-800200128,0,100,0,128,1,"[100,-64,5,0,29,-1,29,-1,28,-1,28,-1,28,-1,28,-2,27,-3,26,-3,26,-3,26,-4,26,-4,26,-5,26,-5,26,-5,26,-5,25,-4,24,-4,24,-3,23,-3,23,-3,23,-2,22,-2,22,-1,22,0,21,1,5,0,0,0,0,0,0,0,0,0,0,0,0,0,0,0,0,0,0,0,5,-1,21,-3,21,-2,21,-1,22,-1,22,0,23,0,23,1,23,2,24,2,24,2,25,2,25,3,25,3,25,3,26,2,26,2,26,1,27,1,27,1,27,0,27,-1,28,-1,29,-2,29,-2,30,-2,29,-1]"
CSI_DATA,226055,d8:b1:90:db:e8:90,-51,11,1,7,0,0,1,0,0,0,1,-96,0,4,0,-800189539,0,100,0,128,1,"[100,-64,5,0,-16,-26,-16,-25,-16,-25,-16,-25,-16,-25,-16,-24,-17,-23,-17,-22,-17,-22,-17,-21,-18,-21,-19,-21,-19,-21,-18,-21,-18,-21,-17,-20,-17,-20,-16,-20,-16,-20,-15,-20,-15,-20,-14,-19,-13,-20,-12,-20,-11,-20,-3,-5,0,0,0,0,0,0,0,0,0,0,0,0,0,0,0,0,0,0,-4,-5,-14,-17,-13,-18,-12,-19,-12,-20,-12,-21,-11,-21,-11,-21,-11,-22,-11,-22,-11,-23,-11,-24,-11,-24,-11,-24,-11,-25,-11,-25,-12,-24,-12,-24,-13,-24,-14,-24,-15,-24,-15,-24,-16,-24,-17,-25,-17,-25,-17,-26,-17,-26]"
CSI_DATA,226056,d8:b1:90:db:e8:90,-52,11,1,7,0,0,1,0,0,0,1,-96,0,4,0,-800153326,0,100,0,128,1,"[100,-64,5,0,-19,22,-19,22,-18,22,-18,21,-17,21,-16,21,-15,21,-14,21,-14,22,-13,22,-13,22,-13,22,-12,22,-12,22,-12,22,-13,22,-13,21,-13,21,-13,20,-12,19,-13,19,-13,18,-13,17,-14,17,-14,16,-4,4,0,0,0,0,0,0,0,0,0,0,0,0,0,0,0,0,0,0,-4,4,-13,17,-14,17,-14,16,-15,16,-16,16,-16,16,-17,16,-17,16,-18,17,-18,17,-19,16,-19,16,-19,16,-19,17,-20,17,-20,18,-20,18,-19,19,-19,19,-18,19,-18,20,-18,21,-19,21,-19,21,-19,22,-19,22]"
CSI_DATA,226057,d8:b1:90:db:e8:90,-51,11,1,7,0,0,1,0,0,0,1,-96,0,4,0,-800140828,0,100,0,128,1,"[100,-64,5,0,-3,25,-3,25,-2,25,-2,25,-1,25,-1,24,0,24,0,24,1,24,1,23,1,23,2,23,3,23,3,23,2,23,2,22,2,22,2,21,1,20,1,20,1,21,0,21,0,21,-1,21,-3,20,-1,5,0,0,0,0,0,0,0,0,0,0,0,0,0,0,0,0,0,0,0,4,-1,18,-2,19,-3,19,-4,19,-4,20,-5,20,-5,20,-5,20,-6,21,-6,21,-7,21,-7,21,-7,22,-7,22,-7,23,-6,23,-6,23,-5,23,-5,24,-4,24,-4,24,-4,25,-3,25,-3,25,-3,26,-4,26]"
CSI_DATA,226058,d8:b1:90:db:e8:90,-51,11,1,7,0,0,1,0,0,0,1,-96,0,4,0,-800129373,0,100,0,128,1,"[100,-64,5,0,-30,-4,-29,-4,-29,-4,-29,-3,-28,-2,-28,-1,-28,0,-27,0,-27,0,-27,1,-27,1,-27,1,-27,1,-26,1,-26,1,-25,1,-25,0,-25,0,-24,-1,-25,0,-24,0,-24,0,-24,-2,-22,-4,-21,-5,-6,-2,0,0,0,0,0,0,0,0,0,0,0,0,0,0,0,0,0,0,-6,-1,-22,-2,-22,-3,-22,-4,-23,-5,-23,-5,-24,-6,-24,-6,-25,-6,-25,-6,-25,-7,-25,-8,-25,-8,-25,-8,-25,-8,-26,-8,-26,-8,-26,-8,-26,-7,-27,-7,-28,-6,-28,-5,-28,-5,-28,-5,-29,-5,-29,-5,-29,-5]"
CSI_DATA,226059,d8:b1:90:db:e8:90,-51,11,1,7,0,0,1,0,0,0,1,-96,0,4,0,-800118030,0,100,0,128,1,"[100,-64,5,0,-1,27,-1,27,-1,27,0,26,1,26,1,25,2,25,2,25,3,25,3,25,4,24,4,24,4,24,3,24,3,24,3,23,3,23,3,23,2,23,2,22,1,22,1,21,1,21,0,21,-1,21,-1,5,0,0,0,0,0,0,0,0,0,0,0,0,0,0,0,0,0,0,0,5,0,20,-1,20,-1,20,-2,21,-2,21,-3,22,-3,22,-3,23,-4,23,-4,24,-5,24,-5,24,-5,24,-5,24,-5,24,-5,24,-5,24,-4,25,-4,25,-3,26,-2,26,-2,27,-2,27,-1,27,-1,27,-1,27]"
CSI_DATA,226060,d8:b1:90:db:e8:90,-51,11,1,7,0,0,1,0,0,0,1,-96,0,4,0,-800107420,0,100,0,128,1,"[100,-64,5,0,-24,15,-24,15,-23,15,-22,15,-22,15,-21,15,-21,16,-21,16,-20,16,-20,16,-19,16,-19,16,-19,16,-19,16,-19,15,-19,15,-19,15,-19,14,-19,14,-19,13,-19,13,-19,12,-19,11,-19,11,-19,10,-5,2,0,0,0,0,0,0,0,0,0,0,0,0,0,0,0,0,0,0,-4,3,-16,13,-17,12,-17,12,-18,12,-19,12,-20,11,-20,11,-21,11,-21,11,-22,11,-22,11,-22,10,-22,10,-23,10,-23,10,-23,10,-23,11,-23,12,-23,12,-23,13,-23,13,-23,14,-23,14,-23,14,-23,14,-24,15]"
CSI_DATA,226061,d8:b1:90:db:e8:90,-51,11,1,7,0,0,1,0,0,0,1,-96,0,4,0,-800083775,0,100,0,128,1,"[100,-64,5,0,-20,-13,-20,-13,-20,-12,-20,-12,-21,-11,-21,-11,-21,-11,-20,-10,-20,-10,-20,-9,-20,-9,-21,-9,-20,-9,-20,-9,-19,-9,-19,-9,-19,-9,-18,-9,-18,-9,-17,-9,-17,-10,-16,-10,-16,-10,-15,-11,-15,-11,-4,-3,0,0,0,0,0,0,0,0,0,0,0,0,0,0,0,0,0,0,-5,-2,-17,-8,-17,-9,-16,-10,-16,-10,-16,-11,-17,-11,-17,-11,-17,-12,-17,-12,-17,-13,-17,-14,-16,-15,-17,-15,-17,-15,-17,-14,-18,-14,-18,-14,-18,-14,-18,-14,-19,-13,-19,-13,-20,-13,-20,-13,-20,-14,-21,-14,-21,-14]"
CSI_DATA,226062,d8:b1:90:db:e8:90,-51,11,1,7,0,0,1,0,0,0,1,-96,0,4,0,-800058677,0,100,0,128,1,"[100,-64,5,0,-18,-20,-18,-20,-18,-19,-18,-19,-18,-18,-18,-18,-18,-17,-18,-17,-18,-16,-18,-16,-19,-16,-19,-15,-19,-15,-18,-15,-18,-15,-18,-15,-18,-15,-17,-15,-16,-15,-16,-15,-15,-15,-14,-15,-14,-15,-13,-16,-13,-16,-4,-5,0,0,0,0,0,0,0,0,0,0,0,0,0,0,0,0,0,0,-3,-3,-12,-12,-12,-13,-13,-14,-13,-15,-13,-16,-13,-16,-14,-17,-14,-18,-14,-18,-13,-19,-13,-20,-13,-20,-13,-21,-13,-21,-13,-20,-13,-20,-14,-20,-14,-20,-15,-20,-15,-21,-16,-21,-16,-20,-17,-20,-17,-20,-17,-20,-18,-21]"
CSI_DATA,226063,d8:b1:90:db:e8:90,-51,11,1,7,0,0,1,0,0,0,1,-96,0,4,0,-800048666,0,100,0,128,1,"[100,-64,5,0,6,25,6,25,7,25,7,24,8,24,8,23,8,23,8,22,8,22,8,22,9,21,9,21,9,21,9,21,9,21,8,21,8,21,7,21,7,21,6,20,6,19,5,19,4,19,4,20,3,20,0,5,0,0,0,0,0,0,0,0,0,0,0,0,0,0,0,0,0,0,1,3,5,15,5,16,5,17,5,18,4,19,4,20,4,20,4,21,4,21,3,22,2,22,2,23,2,23,2,23,2,23,3,23,3,23,3,23,3,24,4,24,4,24,5,24,5,25,6,25,6,25,6,26]"
CSI_DATA,226064,d8:b1:90:db:e8:90,-51,11,1,7,0,0,1,0,0,0,1,-96,0,4,0,-800032103,0,100,0,128,1,"[100,-64,5,0,19,17,19,17,19,17,19,16,19,16,19,15,19,15,19,15,19,14,19,14,19,14,19,13,18,13,18,13,18,13,18,13,18,13,18,14,16,14,15,14,15,13,14,12,13,11,13,13,12,15,3,3,0,0,0,0,0,0,0,0,0,0,0,0,0,0,0,0,0,0,3,2,15,11,14,12,14,13,13,14,13,14,13,15,13,16,13,16,13,17,13,17,14,18,14,18,14,18,14,18,13,18,14,18,14,18,15,18,16,18,17,18,17,18,17,18,18,18,19,18,19,18,19,18]"
CSI_DATA,226065,d8:b1:90:db:e8:90,-51,11,1,7,0,0,1,0,0,0,1,-96,0,4,0,-800020236,0,100,0,128,1,"[100,-64,5,0,-14,-25,-14,-25,-14,-24,-14,-23,-14,-23,-15,-22,-15,-22,-14,-22,-14,-22,-14,-21,-15,-21,-15,-20,-15,-20,-15,-20,-14,-20,-14,-20,-13,-20,-13,-20,-12,-19,-12,-19,-11,-19,-10,-19,-10,-19,-8,-19,-8,-20,-2,-5,0,0,0,0,0,0,0,0,0,0,0,0,0,0,0,0,0,0,-3,-5,-10,-19,-9,-19,-9,-20,-8,-21,-8,-21,-8,-21,-8,-22,-8,-22,-8,-22,-7,-23,-7,-24,-7,-25,-7,-25,-8,-25,-8,-25,-8,-25,-9,-25,-10,-25,-10,-25,-11,-25,-12,-25,-12,-25,-12,-25,-12,-25,-12,-25,-13,-25]"
CSI_DATA,226066,d8:b1:90:db:e8:90,-51,11,1,7,0,0,1,0,0,0,1,-96,0,4,0,-800009862,0,100,0,128,1,"[100,-64,5,0,-27,-2,-27,-2,-26,-2,-26,-2,-25,-1,-25,-1,-25,0,-25,0,-25,1,-24,2,-24,2,-24,2,-24,3,-24,3,-24,3,-24,2,-23,2,-23,2,-22,1,-22,0,-21,-1,-21,-1,-21,-1,-21,-2,-20,-3,-5,-1,0,0,0,0,0,0,0,0,0,0,0,0,0,0,0,0,0,0,-5,0,-20,0,-20,-1,-20,-3,-20,-3,-20,-3,-21,-4,-22,-4,-23,-4,-23,-5,-23,-5,-23,-5,-23,-6,-23,-6,-23,-6,-24,-6,-24,-5,-24,-5,-24,-4,-24,-4,-25,-3,-25,-3,-25,-3,-26,-3,-26,-3,-27,-2,-27,-2]"
CSI_DATA,226067,d8:b1:90:db:e8:90,-51,11,1,7,0,0,1,0,0,0,1,-96,0,4,0,-799997656,0,100,0,128,1,"[100,-64,5,0,2,-31,1,-30,1,-30,1,-29,1,-28,0,-28,-1,-28,-1,-28,-2,-28,-2,-28,-3,-27,-4,-27,-4,-27,-4,-27,-4,-27,-4,-27,-3,-27,-3,-26,-2,-25,-2,-25,-1,-24,-1,-24,0,-23,1,-23,2,-23,0,-6,0,0,0,0,0,0,0,0,0,0,0,0,0,0,0,0,0,0,0,-6,1,-22,2,-22,3,-22,3,-23,4,-23,5,-23,5,-24,5,-25,6,-25,6,-26,7,-26,7,-26,7,-26,6,-26,6,-26,5,-26,5,-27,5,-27,5,-28,4,-28,3,-28,3,-28,4,-29,4,-30,4,-30,3,-31]"
CSI_DATA,226068,d8:b1:90:db:e8:90,-51,11,1,7,0,0,1,0,0,0,1,-96,0,4,0,-799985341,0,100,0,128,1,"[100,-64,5,0,-27,6,-27,6,-26,6,-26,7,-26,7,-25,7,-24,8,-24,8,-23,8,-23,9,-23,9,-23,10,-23,10,-23,11,-23,10,-23,10,-22,9,-22,9,-22,8,-21,8,-21,8,-20,7,-20,7,-20,6,-21,5,-6,1,0,0,0,0,0,0,0,0,0,0,0,0,0,0,0,0,0,0,-5,1,-20,6,-20,5,-21,3,-21,3,-22,2,-23,2,-23,1,-23,1,-23,1,-24,1,-25,0,-25,0,-25,0,-25,0,-25,0,-25,1,-25,1,-25,2,-25,2,-25,3,-25,3,-26,4,-26,5,-26,5,-26,5,-27,5]"
CSI_DATA,226069,d8:b1:90:db:e8:90,-51,11,1,7,0,0,1,0,0,0,1,-96,0,4,0,-799950293,0,100,0,128,1,"[100,-64,5,0,-16,-26,-15,-26,-16,-25,-16,-25,-16,-24,-17,-24,-17,-23,-17,-22,-17,-22,-17,-21,-18,-21,-18,-21,-18,-21,-18,-21,-18,-21,-17,-21,-17,-21,-16,-21,-15,-20,-15,-20,-15,-19,-14,-19,-13,-20,-12,-20,-11,-21,-3,-6,0,0,0,0,0,0,0,0,0,0,0,0,0,0,0,0,0,0,-4,-5,-14,-17,-14,-18,-13,-20,-12,-20,-12,-21,-11,-22,-11,-22,-11,-23,-10,-23,-10,-24,-10,-25,-10,-25,-10,-26,-10,-26,-10,-26,-11,-25,-11,-25,-12,-25,-12,-25,-13,-25,-13,-25,-14,-25,-15,-25,-15,-25,-15,-26,-15,-27]"
CSI_DATA,226070,d8:b1:90:db:e8:90,-51,11,1,7,0,0,1,0,0,0,1,-96,0,4,0,-799936600,0,100,0,128,1,"[100,-64,5,0,-25,-9,-25,-9,-24,-8,-24,-8,-24,-7,-24,-7,-24,-6,-23,-7,-23,-7,-23,-6,-24,-5,-24,-5,-24,-5,-23,-5,-23,-4,-23,-4,-22,-4,-22,-5,-22,-6,-22,-6,-21,-6,-22,-6,-22,-6,-21,-7,-20,-9,-5,-3,0,0,0,0,0,0,0,0,0,0,0,0,0,0,0,0,0,0,-5,-2,-18,-7,-18,-7,-18,-8,-18,-9,-18,-9,-19,-10,-19,-11,-20,-11,-20,-12,-20,-12,-20,-13,-19,-14,-20,-14,-20,-14,-21,-13,-21,-13,-21,-12,-22,-12,-22,-11,-23,-11,-24,-10,-24,-10,-24,-10,-24,-10,-24,-10,-25,-10]"
CSI_DATA,226071,d8:b1:90:db:e8:90,-51,11,1,7,0,0,1,0,0,0,1,-96,0,4,0,-799920599,0,100,0,128,1,"[100,-64,5,0,-5,-30,-5,-29,-6,-29,-6,-28,-6,-28,-7,-27,-7,-27,-7,-26,-8,-26,-8,-26,-9,-25,-9,-25,-9,-25,-9,-25,-8,-25,-8,-25,-7,-25,-7,-25,-6,-24,-6,-23,-6,-23,-5,-22,-5,-22,-4,-23,-3,-23,-1,-6,0,0,0,0,0,0,0,0,0,0,0,0,0,0,0,0,0,0,-1,-6,-4,-21,-3,-22,-2,-22,-1,-22,-1,-23,0,-23,1,-23,1,-24,1,-24,1,-25,1,-25,1,-25,1,-26,1,-27,1,-27,1,-27,0,-27,-1,-27,-2,-27,-2,-27,-3,-28,-3,-28,-4,-29,-4,-29,-4,-29,-4,-29]"
CSI_DATA,226072,d8:b1:90:db:e8:90,-51,11,1,7,0,0,1,0,0,0,1,-96,0,4,0,-799910025,0,100,0,128,1,"[100,-64,5,0,25,6,25,6,25,5,25,5,24,5,24,4,24,4,23,3,23,3,23,2,23,2,23,2,23,2,23,2,23,2,23,3,22,4,22,4,21,4,20,4,20,4,19,5,19,5,19,6,18,7,4,1,0,0,0,0,0,0,0,0,0,0,0,0,0,0,0,0,0,0,4,0,18,3,18,4,18,5,18,6,18,7,19,7,19,8,19,8,19,9,20,9,20,9,20,9,20,9,21,9,21,9,21,9,22,9,22,9,22,8,23,8,23,7,24,7,24,7,25,6,25,6,25,6]"
CSI_DATA,226073,d8:b1:90:db:e8:90,-51,11,1,7,0,0,1,0,0,0,1,-96,0,4,0,-799891552,0,100,0,128,1,"[100,-64,5,0,12,23,12,23,12,22,13,22,13,21,13,21,14,20,14,19,14,19,14,18,14,18,14,18,14,18,14,18,14,18,14,18,13,18,13,18,12,17,12,17,11,17,11,17,10,17,8,18,7,18,1,4,0,0,0,0,0,0,0,0,0,0,0,0,0,0,0,0,0,0,2,4,9,16,9,16,8,17,7,18,7,19,7,19,7,20,7,21,7,21,6,22,6,22,6,22,6,22,6,22,7,22,7,22,7,22,8,22,8,22,9,22,9,22,10,23,10,23,11,24,12,24,12,23]"
CSI_DATA,226074,d8:b1:90:db:e8:90,-51,11,1,7,0,0,1,0,0,0,1,-96,0,4,0,-799880609,0,100,0,128,1,"[100,-64,5,0,16,-18,16,-18,16,-18,15,-18,15,-18,14,-18,14,-18,13,-18,13,-18,12,-18,12,-18,12,-18,12,-18,12,-18,12,-18,12,-17,12,-17,12,-17,12,-16,13,-16,13,-15,13,-14,13,-13,13,-13,13,-12,3,-3,0,0,0,0,0,0,0,0,0,0,0,0,0,0,0,0,0,0,2,-4,11,-13,12,-13,12,-13,13,-13,13,-12,14,-12,14,-13,15,-12,15,-12,15,-13,16,-13,16,-13,16,-13,16,-13,16,-13,16,-14,16,-14,16,-15,16,-15,16,-16,16,-16,16,-17,16,-17,16,-17,16,-17,16,-18]"
CSI_DATA,226075,d8:b1:90:db:e8:90,-51,11,1,7,0,0,1,0,0,0,1,-96,0,4,0,-799870419,0,100,0,128,1,"[100,-64,5,0,-28,-8,-27,-7,-27,-7,-27,-6,-27,-6,-26,-6,-26,-5,-26,-5,-25,-4,-25,-4,-26,-3,-26,-3,-25,-3,-25,-3,-25,-3,-25,-3,-25,-4,-24,-4,-24,-5,-23,-6,-23,-6,-22,-6,-22,-7,-21,-8,-20,-8,-5,-3,0,0,0,0,0,0,0,0,0,0,0,0,0,0,0,0,0,0,-6,-1,-21,-4,-21,-5,-21,-6,-21,-6,-21,-7,-21,-7,-21,-8,-21,-8,-21,-9,-22,-9,-22,-9,-23,-10,-23,-10,-23,-10,-23,-10,-24,-9,-24,-9,-24,-9,-25,-9,-25,-8,-26,-8,-26,-8,-27,-7,-27,-7,-27,-7,-27,-7]"
CSI_DATA,226076,d8:b1:90:db:e8:90,-51,11,1,7,0,0,1,0,0,0,1,-96,0,4,0,-799850471,0,100,0,128,1,"[100,-64,5,0,13,22,13,22,14,21,14,21,15,21,15,20,14,20,13,20,13,20,13,20,13,19,13,19,13,19,13,19,13,19,13,19,13,19,12,19,12,18,11,18,11,18,10,17,9,18,9,18,9,19,2,4,0,0,0,0,0,0,0,0,0,0,0,0,0,0,0,0,0,0,3,3,11,14,11,15,10,16,10,16,10,17,9,18,8,19,8,19,8,20,8,20,8,20,8,21,8,21,9,21,9,21,9,21,9,21,10,21,11,21,12,20,13,21,13,21,12,22,12,22,13,22,13,23]"
CSI_DATA,226077,d8:b1:90:db:e8:90,-51,11,1,7,0,0,1,0,0,0,1,-96,0,4,0,-799836766,0,100,0,128,1,"[100,-64,5,0,-25,10,-25,10,-24,10,-24,10,-23,10,-23,10,-22,11,-21,11,-21,12,-20,12,-20,13,-21,13,-20,13,-20,13,-20,13,-20,12,-20,11,-20,10,-20,9,-20,9,-20,9,-19,8,-19,8,-20,7,-20,5,-5,1,0,0,0,0,0,0,0,0,0,0,0,0,0,0,0,0,0,0,-5,2,-18,9,-18,8,-19,7,-20,7,-20,6,-21,6,-21,6,-22,6,-22,5,-23,6,-23,6,-23,6,-23,6,-23,6,-24,6,-24,6,-24,7,-24,7,-24,7,-24,7,-24,8,-24,8,-24,9,-24,9,-25,10,-25,10]"
CSI_DATA,226078,d8:b1:90:db:e8:90,-51,11,1,7,0,0,1,0,0,0,1,-96,0,4,0,-799817710,0,100,0,128,1,"[100,-64,5,0,12,-25,11,-25,11,-25,10,-24,10,-24,9,-24,9,-24,8,-23,8,-23,8,-23,7,-23,7,-23,7,-23,7,-23,7,-23,7,-23,7,-23,7,-23,7,-22,7,-21,7,-20,8,-19,8,-19,9,-19,10,-18,2,-5,0,0,0,0,0,0,0,0,0,0,0,0,0,0,0,0,0,0,1,-5,5,-19,6,-19,7,-19,8,-20,8,-20,9,-20,10,-20,11,-20,11,-20,12,-20,12,-20,13,-20,13,-20,13,-21,12,-21,12,-21,12,-21,12,-22,12,-22,12,-22,12,-22,12,-23,12,-24,12,-24,12,-25,12,-25]"
CSI_DATA,226079,d8:b1:90:db:e8:90,-51,11,1,7,0,0,1,0,0,0,1,-96,0,4,0,-799806864,0,100,0,128,1,"[100,-64,5,0,-14,24,-14,24,-13,24,-13,24,-12,23,-12,23,-11,23,-11,22,-10,22,-10,22,-10,22,-9,22,-9,22,-9,22,-9,22,-9,22,-9,22,-9,21,-9,20,-9,19,-9,19,-9,18,-10,18,-11,17,-11,17,-3,4,0,0,0,0,0,0,0,0,0,0,0,0,0,0,0,0,0,0,-3,4,-9,18,-10,18,-11,18,-11,18,-12,18,-13,18,-14,18,-14,18,-15,18,-16,18,-16,18,-16,18,-16,18,-16,19,-16,19,-16,19,-15,20,-15,20,-16,20,-15,20,-15,21,-15,21,-13,23,-10,23,-12,23,-15,23]"
CSI_DATA,226080,d8:b1:90:db:e8:90,-51,11,1,7,0,0,1,0,0,0,1,-96,0,4,0,-799796360,0,100,0,128,1,"[100,-64,5,0,17,19,17,18,17,18,18,18,18,17,18,17,18,16,18,15,18,15,18,15,18,15,18,15,18,15,18,14,18,14,17,15,17,15,17,14,16,14,16,14,15,14,15,14,14,15,13,16,12,16,3,4,0,0,0,0,0,0,0,0,0,0,0,0,0,0,0,0,0,0,3,2,14,12,14,13,13,14,13,14,13,15,13,15,13,16,13,17,13,18,13,18,12,18,12,19,12,19,13,19,13,19,13,19,13,19,14,19,15,20,16,19,16,19,17,19,17,19,17,19,17,19,18,19]"
CSI_DATA,226081,d8:b1:90:db:e8:90,-51,11,1,7,0,0,1,0,0,0,1,-96,0,4,0,-799786000,0,100,0,128,1,"[100,-64,5,0,-16,-18,-16,-17,-17,-17,-17,-17,-17,-17,-16,-16,-17,-16,-17,-15,-17,-14,-17,-14,-17,-14,-17,-13,-17,-13,-17,-13,-17,-13,-17,-13,-16,-14,-16,-14,-15,-14,-15,-14,-15,-14,-14,-14,-14,-14,-13,-14,-12,-15,-3,-4,0,0,0,0,0,0,0,0,0,0,0,0,0,0,0,0,0,0,-4,-3,-13,-12,-13,-13,-12,-14,-12,-14,-12,-15,-12,-16,-12,-16,-12,-17,-12,-17,-12,-18,-11,-18,-11,-18,-11,-18,-12,-18,-12,-18,-12,-18,-13,-18,-13,-19,-14,-19,-14,-19,-15,-19,-15,-19,-16,-18,-16,-18,-16,-18,-16,-18]"
CSI_DATA,226082,d8:b1:90:db:e8:90,-51,11,1,7,0,0,1,0,0,0,1,-96,0,4,0,-799771962,0,100,0,128,1,"[100,-64,5,0,-22,19,-22,19,-21,19,-21,19,-20,19,-20,19,-19,19,-18,20,-18,20,-17,20,-17,20,-17,20,-17,20,-17,20,-17,19,-17,19,-17,18,-17,18,-17,17,-17,17,-17,16,-17,15,-17,15,-18,14,-18,13,-5,3,0,0,0,0,0,0,0,0,0,0,0,0,0,0,0,0,0,0,-4,4,-15,15,-16,15,-16,15,-17,14,-18,14,-19,14,-20,15,-20,15,-21,14,-21,15,-22,14,-23,14,-23,14,-23,14,-23,15,-23,15,-23,15,-23,16,-22,15,-22,16,-22,17,-22,17,-22,18,-22,18,-22,18,-22,19]"
CSI_DATA,226083,d8:b1:90:db:e8:90,-51,11,1,7,0,0,1,0,0,0,1,-96,0,4,0,-799748106,0,100,0,128,1,"[100,-64,5,0,-24,12,-24,12,-23,13,-22,13,-22,13,-21,13,-21,14,-20,14,-20,14,-20,14,-20,15,-20,15,-20,15,-19,14,-19,14,-19,14,-19,14,-19,13,-18,12,-18,12,-18,11,-18,11,-18,10,-18,9,-19,9,-5,2,0,0,0,0,0,0,0,0,0,0,0,0,0,0,0,0,0,0,-5,2,-17,11,-18,10,-18,9,-18,9,-19,9,-20,9,-20,9,-21,9,-21,9,-22,9,-23,8,-23,8,-23,8,-23,8,-24,8,-24,9,-24,9,-23,10,-23,10,-23,10,-23,11,-23,11,-23,12,-23,12,-23,12,-24,13]"
CSI_DATA,226084,d8:b1:90:db:e8:90,-51,11,1,7,0,0,1,0,0,0,1,-96,0,4,0,-799732643,0,100,0,128,1,"[100,-64,5,0,-27,0,-26,0,-26,0,-26,0,-26,1,-26,1,-25,1,-25,1,-25,2,-24,2,-24,2,-24,3,-24,2,-24,2,-24,2,-24,2,-24,2,-23,2,-22,2,-21,1,-21,0,-22,0,-21,0,-20,-1,-20,-3,-5,-1,0,0,0,0,0,0,0,0,0,0,0,0,0,0,0,0,0,0,-5,0,-18,2,-18,1,-19,1,-20,0,-20,0,-21,-1,-22,-1,-23,-2,-23,-2,-23,-2,-24,-3,-24,-3,-24,-3,-24,-3,-24,-3,-24,-3,-24,-3,-24,-2,-24,-2,-25,-1,-25,-1,-26,0,-26,0,-27,1,-27,1,-27,0]"
CSI_DATA,226085,d8:b1:90:db:e8:90,-52,11,1,7,0,0,1,0,0,0,1,-96,0,4,0,-799721370,0,100,0,128,1,"[100,-64,5,0,-11,-24,-11,-23,-11,-23,-11,-23,-12,-22,-12,-22,-12,-21,-11,-22,-11,-22,-12,-21,-12,-21,-13,-20,-13,-20,-13,-20,-13,-20,-14,-19,-14,-19,-13,-18,-12,-18,-12,-19,-12,-19,-11,-18,-11,-17,-9,-17,-8,-17,-2,-5,0,0,0,0,0,0,0,0,0,0,0,0,0,0,0,0,0,0,-3,-5,-10,-17,-9,-18,-9,-18,-8,-19,-8,-19,-8,-20,-7,-20,-7,-20,-7,-21,-7,-21,-6,-22,-6,-22,-6,-22,-6,-23,-6,-23,-6,-23,-6,-23,-7,-24,-7,-24,-8,-23,-8,-24,-9,-24,-9,-24,-9,-24,-10,-24,-10,-25]"
CSI_DATA,226086,d8:b1:90:db:e8:90,-51,11,1,7,0,0,1,0,0,0,1,-96,0,4,0,-799709754,0,100,0,128,1,"[100,-64,5,0,-21,-19,-21,-19,-21,-18,-21,-17,-21,-16,-21,-16,-21,-15,-21,-15,-21,-14,-21,-14,-21,-14,-21,-13,-21,-13,-21,-13,-21,-13,-21,-13,-21,-13,-20,-13,-19,-13,-19,-13,-19,-13,-18,-13,-17,-13,-16,-14,-15,-15,-4,-4,0,0,0,0,0,0,0,0,0,0,0,0,0,0,0,0,0,0,-5,-3,-17,-12,-17,-13,-16,-14,-16,-14,-16,-15,-16,-16,-16,-16,-16,-17,-16,-17,-16,-18,-17,-19,-17,-19,-16,-19,-16,-20,-16,-20,-16,-20,-17,-20,-17,-20,-18,-19,-18,-19,-19,-19,-19,-19,-19,-19,-19,-19,-20,-19,-21,-20]"
CSI_DATA,226087,d8:b1:90:db:e8:90,-52,11,1,7,0,0,1,0,0,0,1,-96,0,4,0,-799693320,0,100,0,128,1,"[100,-64,5,0,-15,-22,-15,-21,-15,-20,-16,-20,-16,-19,-16,-18,-16,-18,-16,-17,-16,-17,-16,-17,-17,-16,-17,-16,-17,-16,-16,-16,-16,-16,-16,-16,-16,-16,-16,-16,-15,-15,-15,-15,-14,-15,-14,-15,-13,-16,-11,-16,-10,-17,-3,-5,0,0,0,0,0,0,0,0,0,0,0,0,0,0,0,0,0,0,-4,-4,-12,-14,-12,-15,-12,-16,-12,-16,-12,-17,-11,-17,-11,-18,-11,-18,-11,-19,-11,-20,-11,-20,-11,-20,-11,-21,-11,-21,-10,-21,-11,-21,-11,-21,-12,-21,-12,-21,-13,-21,-13,-21,-14,-21,-14,-21,-14,-21,-14,-22,-15,-22]"
CSI_DATA,226088,d8:b1:90:db:e8:90,-51,11,1,7,0,0,1,0,0,0,1,-96,0,4,0,-799683291,0,100,0,128,1,"[100,-64,5,0,-19,-24,-19,-23,-19,-23,-18,-22,-18,-22,-18,-22,-18,-21,-19,-21,-19,-21,-19,-20,-19,-20,-19,-19,-19,-19,-19,-19,-19,-19,-18,-19,-18,-19,-17,-18,-17,-18,-16,-19,-16,-19,-15,-18,-14,-19,-13,-20,-12,-20,-3,-5,0,0,0,0,0,0,0,0,0,0,0,0,0,0,0,0,0,0,-4,-5,-14,-17,-13,-18,-12,-19,-12,-20,-12,-20,-12,-21,-12,-21,-12,-21,-12,-22,-12,-23,-11,-23,-11,-24,-12,-24,-12,-24,-12,-24,-12,-24,-13,-23,-14,-23,-14,-23,-15,-23,-16,-23,-16,-23,-17,-24,-18,-24,-18,-24,-19,-25]"
CSI_DATA,226089,d8:b1:90:db:e8:90,-51,11,1,7,0,0,1,0,0,0,1,-96,0,4,0,-799648301,0,100,0,128,1,"[100,-64,5,0,-8,-30,-8,-29,-8,-29,-8,-28,-8,-28,-8,-27,-9,-27,-9,-27,-10,-26,-11,-26,-11,-25,-11,-25,-11,-25,-11,-25,-10,-25,-10,-25,-9,-25,-9,-25,-8,-24,-7,-24,-6,-23,-6,-23,-6,-23,-5,-23,-4,-24,-1,-6,0,0,0,0,0,0,0,0,0,0,0,0,0,0,0,0,0,0,-2,-5,-6,-18,-6,-19,-6,-21,-6,-23,-5,-23,-5,-24,-4,-24,-4,-25,-4,-26,-4,-26,-4,-26,-4,-26,-4,-27,-4,-27,-4,-27,-4,-27,-5,-27,-6,-27,-6,-27,-6,-27,-7,-28,-7,-28,-8,-28,-8,-28,-8,-29,-8,-30]"
CSI_DATA,226090,d8:b1:90:db:e8:90,-51,11,1,7,0,0,1,0,0,0,1,-96,0,4,0,-799634167,0,100,0,128,1,"[100,-64,5,0,-18,-24,-18,-24,-18,-23,-18,-23,-18,-22,-18,-21,-18,-21,-19,-20,-19,-20,-20,-19,-20,-19,-20,-19,-20,-19,-20,-19,-20,-19,-19,-19,-19,-19,-18,-19,-18,-18,-17,-19,-16,-18,-16,-18,-15,-18,-14,-19,-13,-20,-4,-5,0,0,0,0,0,0,0,0,0,0,0,0,0,0,0,0,0,0,-4,-4,-13,-16,-12,-17,-12,-19,-12,-20,-12,-21,-12,-21,-12,-22,-12,-23,-12,-23,-12,-24,-12,-24,-12,-24,-12,-24,-13,-25,-13,-25,-13,-24,-14,-24,-15,-24,-15,-23,-16,-23,-16,-23,-17,-23,-17,-24,-17,-24,-18,-24,-18,-25]"
CSI_DATA,226091,d8:b1:90:db:e8:90,-51,11,1,7,0,0,1,0,0,0,1,-96,0,4,0,-799622933,0,100,0,128,1,"[100,-64,5,0,24,-9,24,-9,24,-9,24,-9,24,-9,23,-9,22,-10,22,-10,21,-11,21,-11,21,-11,21,-11,20,-11,21,-11,20,-11,20,-10,20,-10,20,-10,20,-9,19,-8,19,-8,20,-7,18,-7,18,-6,20,-5,5,-2,0,0,0,0,0,0,0,0,0,0,0,0,0,0,0,0,0,0,4,-2,18,-7,18,-7,18,-6,19,-5,20,-5,20,-5,21,-5,21,-5,22,-4,22,-4,22,-4,22,-4,22,-4,22,-4,22,-4,22,-5,22,-5,22,-6,23,-6,23,-6,24,-7,24,-7,24,-8,24,-8,24,-8,25,-9]"
CSI_DATA,226092,d8:b1:90:db:e8:90,-51,11,1,7,0,0,1,0,0,0,1,-96,0,4,0,-799611934,0,100,0,128,1,"[100,-64,5,0,25,-8,24,-8,24,-8,24,-8,24,-8,23,-8,23,-9,22,-9,22,-10,22,-10,21,-10,21,-10,21,-10,21,-10,21,-10,21,-10,21,-9,20,-9,20,-8,19,-8,19,-8,19,-7,18,-6,19,-5,19,-4,4,-1,0,0,0,0,0,0,0,0,0,0,0,0,0,0,0,0,0,0,4,-2,18,-7,18,-6,18,-5,19,-5,20,-4,20,-4,21,-4,21,-4,22,-4,22,-3,22,-3,22,-4,22,-4,22,-3,22,-4,22,-4,23,-4,23,-5,23,-5,24,-5,24,-6,24,-7,24,-7,24,-7,25,-7,25,-8]"
CSI_DATA,226093,d8:b1:90:db:e8:90,-52,11,1,7,0,0,1,0,0,0,1,-96,0,4,0,-799599744,0,100,0,128,1,"[100,-64,5,0,23,-18,22,-17,22,-17,22,-17,22,-18,21,-18,20,-18,20,-18,19,-18,19,-18,18,-18,18,-19,17,-19,17,-19,17,-18,17,-18,17,-18,16,-18,16,-17,17,-17,17,-16,17,-15,18,-14,18,-13,19,-12,4,-3,0,0,0,0,0,0,0,0,0,0,0,0,0,0,0,0,0,0,3,-4,16,-15,16,-14,16,-14,16,-13,17,-13,18,-13,19,-13,20,-13,21,-12,21,-13,22,-12,22,-12,22,-12,22,-12,22,-13,21,-13,21,-14,21,-15,21,-15,22,-16,22,-17,22,-17,22,-17,22,-17,23,-17,23,-18]"
CSI_DATA,226094,d8:b1:90:db:e8:90,-51,11,1,7,0,0,1,0,0,0,1,-96,0,4,0,-799589258,0,100,0,128,1,"[100,-64,5,0,-5,29,-4,28,-4,28,-4,28,-4,28,-3,28,-3,27,-2,26,-2,26,-1,26,-1,26,0,25,0,25,1,25,0,25,0,25,0,24,0,24,-1,24,-1,23,-2,23,-2,22,-3,22,-5,22,-6,22,-2,5,0,0,0,0,0,0,0,0,0,0,0,0,0,0,0,0,0,0,-1,5,-1,21,-2,21,-2,21,-3,21,-3,21,-4,22,-6,22,-6,23,-7,23,-7,24,-8,24,-8,25,-8,25,-7,25,-7,24,-6,24,-6,24,-6,25,-6,26,-5,27,-4,28,-4,28,-4,27,-4,27,-4,28,-5,28]"
CSI_DATA,226095,d8:b1:90:db:e8:90,-51,11,1,7,0,0,1,0,0,0,1,-96,0,4,0,-799576493,0,100,0,128,1,"[100,-64,5,0,6,23,6,23,6,22,6,22,6,21,6,21,7,20,7,20,7,20,8,19,8,19,8,19,8,19,8,19,8,19,8,19,8,19,7,18,6,18,6,18,5,17,5,17,4,17,3,17,2,17,0,4,0,0,0,0,0,0,0,0,0,0,0,0,0,0,0,0,0,0,1,3,6,15,5,16,5,16,4,17,4,17,3,18,3,18,2,19,2,20,2,20,2,20,2,20,2,20,2,20,2,20,2,20,3,20,3,21,4,21,4,21,5,22,5,22,5,21,5,21,6,22,6,22]"
CSI_DATA,226096,d8:b1:90:db:e8:90,-51,11,1,7,0,0,1,0,0,0,1,-96,0,4,0,-799564374,0,100,0,128,1,"[100,-64,5,0,-28,-13,-28,-13,-27,-12,-27,-11,-27,-11,-26,-11,-26,-10,-26,-9,-26,-9,-26,-8,-26,-8,-26,-8,-26,-8,-25,-8,-25,-8,-25,-7,-25,-8,-24,-8,-23,-8,-22,-9,-22,-9,-21,-9,-21,-9,-20,-10,-20,-11,-5,-3,0,0,0,0,0,0,0,0,0,0,0,0,0,0,0,0,0,0,-6,-2,-22,-7,-21,-8,-21,-9,-21,-10,-21,-10,-21,-11,-22,-12,-22,-13,-22,-14,-22,-14,-22,-14,-22,-14,-22,-15,-23,-15,-23,-15,-23,-14,-23,-14,-24,-14,-25,-13,-25,-13,-26,-13,-26,-13,-26,-12,-26,-11,-27,-12,-28,-12]"
CSI_DATA,226097,d8:b1:90:db:e8:90,-51,11,1,7,0,0,1,0,0,0,1,-96,0,4,0,-799539696,0,100,0,128,1,"[100,-64,5,0,9,25,9,25,9,24,9,24,10,23,10,23,10,22,11,21,11,21,11,21,12,20,12,20,12,20,11,20,11,20,10,20,10,20,9,20,9,20,8,20,7,19,7,19,6,19,5,20,4,20,1,5,0,0,0,0,0,0,0,0,0,0,0,0,0,0,0,0,0,0,1,4,6,17,6,18,4,19,4,19,3,20,3,20,4,21,3,21,3,22,3,22,3,23,3,23,3,23,3,24,3,23,3,23,4,23,4,23,5,24,6,24,7,24,7,24,7,24,8,24,8,25,8,25]"
CSI_DATA,226098,d8:b1:90:db:e8:90,-51,11,1,7,0,0,1,0,0,0,1,-96,0,4,0,-799526586,0,100,0,128,1,"[100,-64,5,0,24,-8,24,-8,24,-8,23,-8,23,-9,22,-9,22,-10,21,-10,21,-10,21,-11,20,-11,20,-11,20,-11,20,-11,20,-11,20,-10,20,-9,20,-9,20,-8,19,-7,19,-7,20,-6,20,-6,20,-6,21,-4,5,-1,0,0,0,0,0,0,0,0,0,0,0,0,0,0,0,0,0,0,4,-2,17,-6,18,-5,18,-4,19,-4,19,-3,20,-3,21,-3,21,-3,21,-3,22,-3,23,-3,23,-2,23,-2,23,-2,23,-2,22,-3,22,-3,23,-4,23,-5,23,-5,24,-6,24,-6,24,-6,24,-7,25,-7,25,-8]"
CSI_DATA,226099,d8:b1:90:db:e8:90,-51,11,1,7,0,0,1,0,0,0,1,-96,0,4,0,-799515981,0,100,0,128,1,"[100,-64,5,0,24,5,24,5,24,5,24,5,24,5,24,4,23,4,23,3,23,3,23,2,23,2,22,2,22,2,22,2,22,2,22,2,22,2,22,3,21,4,21,3,21,3,20,4,19,5,19,5,18,5,4,1,0,0,0,0,0,0,0,0,0,0,0,0,0,0,0,0,0,0,4,-1,19,0,19,1,19,2,19,3,19,3,19,4,20,5,20,6,21,6,21,7,21,7,21,7,21,8,21,8,21,7,21,7,21,7,21,7,22,7,22,6,23,6,23,6,24,6,24,6,25,5,25,5]"
CSI_DATA,226100,d8:b1:90:db:e8:90,-52,11,1,7,0,0,1,0,0,0,1,-96,0,4,0,-799504169,0,100,0,128,1,"[100,-64,5,0,-28,7,-28,7,-27,7,-27,8,-27,8,-26,8,-26,8,-25,8,-25,8,-25,8,-25,9,-24,9,-24,9,-24,9,-24,9,-24,9,-23,8,-23,8,-22,7,-23,7,-22,7,-22,6,-22,5,-22,5,-22,4,-6,0,0,0,0,0,0,0,0,0,0,0,0,0,0,0,0,0,0,0,-5,2,-20,8,-20,7,-21,6,-22,6,-22,5,-23,5,-23,5,-24,4,-24,4,-25,4,-25,4,-25,4,-25,4,-26,4,-26,3,-27,3,-26,4,-26,4,-26,4,-27,4,-27,5,-27,5,-27,6,-28,6,-28,6,-28,6]"
CSI_DATA,226101,d8:b1:90:db:e8:90,-51,11,1,7,0,0,1,0,0,0,1,-96,0,4,0,-799492488,0,100,0,128,1,"[100,-64,5,0,20,-17,19,-17,19,-17,19,-18,18,-18,18,-18,17,-18,17,-18,16,-18,16,-18,15,-18,15,-18,15,-18,15,-18,15,-18,15,-18,15,-17,15,-17,15,-17,15,-16,15,-16,15,-15,15,-14,15,-14,16,-13,4,-4,0,0,0,0,0,0,0,0,0,0,0,0,0,0,0,0,0,0,3,-4,13,-14,14,-14,14,-14,15,-13,16,-13,17,-13,17,-13,18,-13,18,-13,19,-13,19,-13,19,-14,19,-14,20,-14,20,-13,20,-13,20,-14,20,-14,20,-14,20,-14,20,-15,20,-16,20,-16,20,-17,21,-17,20,-17]"
CSI_DATA,226102,d8:b1:90:db:e8:90,-51,11,1,7,0,0,1,0,0,0,1,-96,0,4,0,-799479402,0,100,0,128,1,"[100,-64,5,0,23,14,23,14,22,13,22,13,22,12,23,11,22,10,22,10,22,10,22,9,22,9,22,8,22,8,22,8,22,8,22,8,22,8,21,8,20,8,20,9,19,9,19,9,18,10,17,10,17,11,4,2,0,0,0,0,0,0,0,0,0,0,0,0,0,0,0,0,0,0,4,2,17,8,17,9,17,10,17,11,17,12,17,12,17,12,18,13,18,14,18,14,18,14,18,15,18,15,19,15,18,15,18,15,19,15,19,15,19,15,19,15,20,14,20,14,21,14,21,14,22,14,22,14]"
CSI_DATA,226103,d8:b1:90:db:e8:90,-51,11,1,7,0,0,1,0,0,0,1,-96,0,4,0,-799465532,0,100,0,128,1,"[100,-64,5,0,25,16,25,15,25,15,24,14,24,14,24,13,24,12,24,11,24,11,24,10,24,10,24,9,24,9,24,9,23,9,23,10,23,10,22,11,21,11,21,11,20,11,19,11,18,12,18,12,17,13,4,3,0,0,0,0,0,0,0,0,0,0,0,0,0,0,0,0,0,0,4,2,18,10,18,10,18,11,18,12,18,12,18,13,19,14,19,14,20,15,20,15,20,15,20,15,20,16,20,16,20,15,20,15,21,15,22,15,22,15,23,14,23,14,24,14,24,15,24,15,25,15,25,15]"
CSI_DATA,226104,d8:b1:90:db:e8:90,-51,11,1,7,0,0,1,0,0,0,1,-96,0,4,0,-799445799,0,100,0,128,1,"[100,-64,5,0,14,-24,14,-24,13,-23,13,-23,12,-23,12,-23,11,-23,10,-23,10,-23,9,-23,9,-23,8,-23,8,-23,8,-23,9,-22,9,-22,9,-22,10,-21,10,-21,10,-20,10,-19,10,-18,11,-18,11,-18,12,-17,3,-5,0,0,0,0,0,0,0,0,0,0,0,0,0,0,0,0,0,0,2,-5,9,-18,10,-18,10,-17,11,-17,11,-17,12,-18,13,-18,13,-19,14,-19,14,-19,14,-19,14,-19,14,-19,14,-19,14,-19,13,-20,13,-20,13,-21,13,-21,13,-22,13,-22,13,-23,13,-23,13,-23,14,-23,14,-23]"
CSI_DATA,226105,d8:b1:90:db:e8:90,-51,11,1,7,0,0,1,0,0,0,1,-96,0,4,0,-799432154,0,100,0,128,1,"[100,-64,5,0,2,-28,1,-27,1,-27,1,-26,0,-25,0,-25,-1,-25,-1,-25,-2,-25,-2,-25,-3,-24,-3,-24,-3,-24,-3,-24,-3,-24,-3,-24,-2,-24,-2,-23,-2,-23,-2,-22,-1,-22,0,-21,0,-21,1,-20,1,-20,0,-5,0,0,0,0,0,0,0,0,0,0,0,0,0,0,0,0,0,0,-1,-5,-1,-20,0,-20,1,-20,1,-21,2,-21,3,-21,3,-22,4,-22,4,-23,4,-23,5,-23,5,-23,5,-23,5,-24,5,-24,5,-24,4,-24,4,-25,3,-25,3,-25,2,-26,2,-26,2,-26,2,-27,2,-27,2,-27]"
CSI_DATA,226106,d8:b1:90:db:e8:90,-51,11,1,7,0,0,1,0,0,0,1,-96,0,4,0,-799420105,0,100,0,128,1,"[100,-64,5,0,-27,-8,-27,-7,-26,-7,-25,-6,-25,-6,-25,-5,-25,-5,-24,-4,-24,-4,-24,-3,-24,-3,-24,-2,-24,-2,-24,-2,-24,-2,-24,-2,-23,-2,-23,-3,-22,-2,-21,-2,-21,-3,-21,-4,-20,-5,-19,-6,-18,-7,-5,-2,0,0,0,0,0,0,0,0,0,0,0,0,0,0,0,0,0,0,-5,-1,-20,-4,-20,-5,-19,-6,-20,-7,-20,-7,-20,-8,-21,-9,-21,-9,-21,-10,-21,-10,-21,-10,-21,-10,-22,-11,-22,-11,-22,-11,-23,-10,-23,-10,-23,-9,-24,-9,-24,-8,-25,-8,-25,-8,-25,-8,-25,-8,-26,-8,-26,-8]"
CSI_DATA,226107,d8:b1:90:db:e8:90,-51,11,1,7,0,0,1,0,0,0,1,-96,0,4,0,-799408052,0,100,0,128,1,"[100,-64,5,0,-25,16,-25,16,-24,16,-24,17,-23,18,-23,18,-22,18,-21,18,-21,18,-20,18,-20,18,-20,18,-19,18,-19,18,-19,18,-19,18,-19,18,-19,18,-18,17,-18,16,-19,15,-19,15,-19,14,-19,13,-19,12,-5,3,0,0,0,0,0,0,0,0,0,0,0,0,0,0,0,0,0,0,-5,3,-17,13,-18,12,-18,12,-19,12,-19,11,-20,11,-21,11,-22,11,-22,11,-23,11,-23,11,-23,10,-24,11,-24,11,-24,11,-24,12,-24,12,-24,13,-24,13,-24,14,-24,15,-24,15,-24,15,-24,15,-25,15,-25,16]"
CSI_DATA,226108,d8:b1:90:db:e8:90,-51,11,1,7,0,0,1,0,0,0,1,-96,0,4,0,-799395885,0,100,0,128,1,"[100,-64,5,0,16,-22,15,-21,15,-22,14,-22,14,-22,13,-22,13,-22,12,-22,12,-22,11,-22,11,-22,11,-22,10,-22,10,-22,10,-22,10,-22,10,-22,10,-21,10,-20,10,-20,11,-19,11,-18,12,-18,12,-17,12,-16,3,-4,0,0,0,0,0,0,0,0,0,0,0,0,0,0,0,0,0,0,2,-5,9,-17,10,-17,11,-17,12,-17,12,-17,13,-17,14,-17,15,-17,15,-17,16,-17,16,-17,16,-17,16,-17,16,-17,16,-18,16,-18,16,-19,16,-19,16,-20,15,-20,15,-20,16,-21,16,-21,16,-21,16,-21,16,-22]"
CSI_DATA,226109,d8:b1:90:db:e8:90,-51,11,1,7,0,0,1,0,0,0,1,-96,0,4,0,-799385012,0,100,0,128,1,"[100,-64,5,0,26,3,26,3,25,2,25,2,25,1,25,1,24,0,24,0,24,-1,24,-2,24,-2,23,-3,23,-3,23,-2,23,-2,23,-1,23,0,22,0,22,0,21,1,21,1,20,2,20,2,19,3,19,4,4,1,0,0,0,0,0,0,0,0,0,0,0,0,0,0,0,0,0,0,4,-1,19,-1,19,0,19,1,20,2,20,2,21,3,21,4,21,4,22,5,22,5,22,5,22,5,22,6,23,6,23,5,23,5,23,5,23,5,24,4,24,4,25,4,25,3,25,3,25,3,26,3,27,2]"
CSI_DATA,226110,d8:b1:90:db:e8:90,-51,11,1,7,0,0,1,0,0,0,1,-96,0,4,0,-799372785,0,100,0,128,1,"[100,-64,5,0,6,-23,6,-23,6,-23,5,-23,5,-23,4,-22,4,-22,3,-23,2,-23,2,-23,1,-22,1,-22,1,-21,1,-21,2,-21,2,-21,3,-21,3,-21,3,-20,4,-20,4,-19,4,-19,4,-18,5,-18,6,-18,1,-5,0,0,0,0,0,0,0,0,0,0,0,0,0,0,0,0,0,0,0,-5,3,-18,4,-18,4,-18,5,-18,6,-18,6,-18,7,-18,8,-19,8,-19,8,-19,9,-19,9,-19,9,-20,9,-20,8,-20,8,-20,8,-20,8,-21,8,-21,8,-21,7,-22,7,-22,7,-22,6,-23,6,-23,7,-24]"
CSI_DATA,226111,d8:b1:90:db:e8:90,-51,11,1,7,0,0,1,0,0,0,1,-96,0,4,0,-799341606,0,100,0,128,1,"[100,-64,5,0,-25,-17,-25,-17,-25,-16,-25,-16,-25,-15,-25,-14,-24,-14,-24,-14,-23,-14,-23,-13,-24,-12,-25,-12,-25,-12,-24,-12,-24,-12,-23,-12,-23,-12,-22,-12,-22,-12,-21,-12,-20,-12,-20,-12,-19,-13,-18,-14,-17,-14,-5,-4,0,0,0,0,0,0,0,0,0,0,0,0,0,0,0,0,0,0,-5,-3,-17,-12,-17,-12,-18,-13,-19,-14,-18,-15,-18,-16,-18,-16,-18,-17,-18,-18,-19,-18,-19,-18,-19,-18,-19,-18,-20,-19,-20,-19,-20,-19,-20,-19,-21,-18,-21,-18,-21,-17,-22,-17,-23,-17,-24,-17,-24,-17,-25,-17,-25,-17]"
CSI_DATA,226112,d8:b1:90:db:e8:90,-51,11,1,7,0,0,1,0,0,0,1,-96,0,4,0,-799330571,0,100,0,128,1,"[100,-64,5,0,-26,15,-26,15,-25,15,-24,15,-24,15,-23,15,-23,15,-22,15,-22,15,-22,15,-21,15,-21,16,-21,16,-21,16,-21,16,-21,15,-21,15,-21,14,-20,13,-20,13,-20,12,-20,11,-20,11,-20,10,-21,9,-6,2,0,0,0,0,0,0,0,0,0,0,0,0,0,0,0,0,0,0,-5,2,-17,10,-18,10,-19,11,-20,11,-20,11,-21,10,-22,9,-22,9,-23,9,-24,9,-24,9,-24,9,-24,9,-24,9,-25,9,-25,10,-25,10,-25,11,-24,11,-24,12,-24,12,-24,13,-25,13,-25,14,-25,14,-25,14]"
CSI_DATA,226113,d8:b1:90:db:e8:90,-51,11,1,7,0,0,1,0,0,0,1,-96,0,4,0,-799314917,0,100,0,128,1,"[100,-64,5,0,8,-26,8,-26,7,-26,7,-25,6,-25,5,-25,5,-25,4,-25,3,-25,3,-25,2,-25,2,-25,2,-25,2,-25,2,-24,3,-24,3,-24,3,-23,2,-23,3,-22,4,-22,5,-22,5,-22,5,-21,5,-19,1,-5,0,0,0,0,0,0,0,0,0,0,0,0,0,0,0,0,0,0,0,-5,4,-20,4,-20,5,-20,6,-20,6,-21,7,-21,8,-21,9,-21,9,-22,10,-22,10,-22,10,-22,10,-22,10,-22,11,-22,10,-22,10,-23,10,-23,10,-23,10,-24,9,-25,9,-25,8,-24,7,-24,7,-25,8,-26]"
CSI_DATA,226114,d8:b1:90:db:e8:90,-51,11,1,7,0,0,1,0,0,0,1,-96,0,4,0,-799304722,0,100,0,128,1,"[100,-64,5,0,-24,-18,-24,-18,-23,-17,-22,-17,-22,-17,-22,-16,-22,-16,-22,-15,-22,-14,-22,-14,-22,-14,-23,-14,-24,-14,-23,-14,-22,-13,-22,-13,-21,-13,-21,-13,-21,-13,-20,-13,-20,-14,-19,-14,-18,-14,-17,-15,-17,-16,-5,-5,0,0,0,0,0,0,0,0,0,0,0,0,0,0,0,0,0,0,-5,-4,-19,-13,-18,-14,-17,-15,-16,-16,-16,-16,-16,-17,-17,-17,-18,-18,-18,-20,-18,-20,-17,-20,-18,-20,-18,-20,-18,-20,-18,-21,-19,-21,-20,-20,-21,-20,-20,-19,-21,-19,-22,-19,-22,-19,-23,-18,-23,-18,-23,-19,-23,-19]"
CSI_DATA,226115,d8:b1:90:db:e8:90,-51,11,1,7,0,0,1,0,0,0,1,-96,0,4,0,-799293608,0,100,0,128,1,"[100,-64,5,0,1,26,1,26,2,25,3,25,3,24,4,24,4,24,4,24,4,23,5,23,5,23,5,22,5,22,5,22,5,22,5,22,5,21,5,21,5,21,4,21,4,20,3,20,3,20,1,20,0,20,0,5,0,0,0,0,0,0,0,0,0,0,0,0,0,0,0,0,0,0,0,4,3,19,2,19,1,19,1,19,0,19,0,20,0,20,-1,21,-1,22,-1,22,-2,22,-2,22,-1,23,-2,23,-2,23,-3,23,-2,23,-2,24,-2,24,-1,24,-1,25,0,25,0,26,0,26,0,26,1,26]"
CSI_DATA,226116,d8:b1:90:db:e8:90,-52,11,1,7,0,0,1,0,0,0,1,-96,0,4,0,-799279708,0,100,0,128,1,"[100,-64,5,0,23,-17,23,-17,22,-18,21,-18,20,-18,20,-19,19,-19,19,-19,19,-19,18,-19,18,-19,18,-18,17,-18,17,-18,17,-18,17,-18,16,-18,16,-18,16,-17,16,-17,17,-16,17,-15,17,-14,18,-13,18,-12,4,-3,0,0,0,0,0,0,0,0,0,0,0,0,0,0,0,0,0,0,3,-4,15,-16,15,-15,16,-14,16,-14,16,-14,17,-14,19,-14,19,-14,20,-14,20,-14,21,-14,21,-14,21,-14,21,-14,22,-13,22,-13,22,-14,22,-14,22,-14,23,-15,23,-16,23,-16,23,-17,24,-17,24,-17,23,-17]"
CSI_DATA,226117,d8:b1:90:db:e8:90,-51,11,1,7,0,0,1,0,0,0,1,-96,0,4,0,-799268234,0,100,0,128,1,"[100,-64,5,0,-17,-22,-17,-22,-17,-21,-17,-21,-17,-21,-17,-20,-18,-20,-18,-19,-18,-19,-18,-18,-18,-18,-18,-18,-18,-18,-18,-17,-18,-17,-18,-17,-17,-17,-17,-17,-16,-17,-16,-17,-16,-17,-15,-17,-14,-17,-13,-18,-12,-18,-3,-5,0,0,0,0,0,0,0,0,0,0,0,0,0,0,0,0,0,0,-4,-4,-13,-16,-12,-17,-11,-18,-11,-18,-11,-18,-11,-19,-11,-20,-11,-20,-11,-21,-11,-21,-11,-22,-12,-22,-12,-22,-12,-23,-11,-22,-11,-22,-12,-22,-12,-22,-13,-22,-14,-22,-14,-23,-15,-23,-16,-23,-16,-23,-16,-23,-16,-23]"
CSI_DATA,226118,d8:b1:90:db:e8:90,-52,11,1,7,0,0,1,0,0,0,1,-96,0,4,0,-799257667,0,100,0,128,1,"[100,-64,5,0,20,-20,19,-21,19,-21,19,-21,19,-21,18,-21,18,-21,17,-21,16,-21,16,-21,16,-21,16,-21,15,-21,15,-21,15,-20,15,-20,15,-20,15,-19,15,-19,16,-18,16,-18,16,-17,16,-16,16,-15,17,-14,4,-4,0,0,0,0,0,0,0,0,0,0,0,0,0,0,0,0,0,0,3,-4,14,-16,15,-16,15,-15,16,-15,17,-15,17,-15,18,-15,19,-16,20,-15,20,-16,20,-16,20,-16,20,-16,21,-16,21,-16,21,-15,21,-16,21,-17,21,-17,21,-17,21,-18,21,-19,21,-20,21,-21,21,-21,21,-21]"
CSI_DATA,226119,d8:b1:90:db:e8:90,-51,11,1,7,0,0,1,0,0,0,1,-96,0,4,0,-799233935,0,100,0,128,1,"[100,-64,5,0,3,25,4,25,4,25,5,24,5,24,6,23,6,23,6,23,7,22,7,22,8,22,8,22,8,22,8,22,8,22,8,21,7,21,7,21,6,20,6,20,5,20,5,19,4,19,3,19,2,19,0,4,0,0,0,0,0,0,0,0,0,0,0,0,0,0,0,0,0,0,1,3,5,14,4,15,4,18,4,19,4,20,3,20,3,21,2,22,2,22,2,23,2,23,1,23,1,23,1,24,1,24,1,24,1,23,2,24,3,24,3,24,4,24,4,25,4,25,4,25,4,25,4,25]"
CSI_DATA,226120,d8:b1:90:db:e8:90,-51,11,1,7,0,0,1,0,0,0,1,-96,0,4,0,-799218157,0,100,0,128,1,"[100,-64,5,0,-12,23,-12,23,-12,23,-11,22,-10,22,-10,22,-10,22,-10,22,-9,21,-9,21,-9,22,-9,22,-9,22,-8,22,-8,21,-9,21,-9,21,-9,20,-9,18,-9,18,-10,18,-9,17,-9,16,-10,17,-12,17,-3,4,0,0,0,0,0,0,0,0,0,0,0,0,0,0,0,0,0,0,-2,4,-7,17,-7,17,-8,17,-9,17,-9,17,-10,18,-11,18,-11,19,-12,19,-12,19,-13,19,-14,19,-14,19,-14,19,-14,19,-13,19,-13,20,-13,20,-13,21,-13,21,-13,21,-13,22,-13,22,-13,23,-13,23,-13,24]"
CSI_DATA,226121,d8:b1:90:db:e8:90,-51,11,1,7,0,0,1,0,0,0,1,-96,0,4,0,-799205504,0,100,0,128,1,"[100,-64,5,0,8,-23,8,-23,7,-23,7,-24,6,-24,5,-24,5,-23,5,-22,4,-22,4,-22,4,-22,5,-22,5,-22,6,-23,6,-23,5,-22,4,-22,4,-21,5,-20,5,-20,5,-19,6,-18,7,-17,8,-17,9,-17,2,-5,0,0,0,0,0,0,0,0,0,0,0,0,0,0,0,0,0,0,0,-5,2,-17,3,-17,4,-18,5,-18,5,-18,6,-19,7,-19,7,-20,7,-20,8,-20,8,-21,8,-21,8,-20,8,-20,8,-20,8,-20,8,-20,9,-20,9,-21,9,-22,9,-23,8,-23,8,-24,7,-24,7,-23,7,-24]"
CSI_DATA,226122,d8:b1:90:db:e8:90,-51,11,1,7,0,0,1,0,0,0,1,-96,0,4,0,-799193898,0,100,0,128,1,"[100,-64,5,0,-22,-17,-22,-17,-22,-16,-22,-16,-22,-16,-22,-15,-22,-14,-22,-14,-22,-13,-22,-13,-22,-12,-22,-12,-21,-12,-21,-12,-21,-12,-20,-13,-20,-13,-19,-13,-19,-13,-19,-13,-19,-13,-18,-13,-18,-13,-17,-13,-16,-14,-4,-4,0,0,0,0,0,0,0,0,0,0,0,0,0,0,0,0,0,0,-5,-3,-18,-11,-17,-12,-17,-13,-17,-13,-17,-14,-17,-14,-17,-15,-17,-16,-17,-16,-17,-17,-18,-18,-18,-18,-18,-18,-18,-18,-18,-19,-18,-19,-19,-18,-19,-18,-20,-18,-20,-18,-21,-17,-21,-17,-21,-17,-22,-17,-22,-17,-22,-18]"
CSI_DATA,226123,d8:b1:90:db:e8:90,-51,11,1,7,0,0,1,0,0,0,1,-96,0,4,0,-799180753,0,100,0,128,1,"[100,-64,5,0,17,20,17,19,17,19,17,18,17,18,17,17,17,17,16,17,16,17,16,16,17,16,17,16,17,16,17,15,17,16,16,15,16,15,15,15,15,15,14,15,14,15,13,15,12,15,11,16,10,16,2,4,0,0,0,0,0,0,0,0,0,0,0,0,0,0,0,0,0,0,3,3,13,13,13,14,12,14,12,15,12,15,12,16,12,16,12,17,12,18,12,18,12,18,12,19,12,19,12,19,13,19,13,19,14,19,14,19,14,19,14,19,15,19,15,19,16,19,16,19,16,19,17,20]"
CSI_DATA,226124,d8:b1:90:db:e8:90,-51,11,1,7,0,0,1,0,0,0,1,-96,0,4,0,-799168874,0,100,0,128,1,"[100,-64,5,0,23,11,23,11,23,11,23,11,23,10,22,9,22,9,22,9,22,9,21,9,22,8,22,8,22,8,22,8,21,8,21,8,20,7,20,7,19,7,19,8,19,8,18,8,17,9,17,10,16,10,4,2,0,0,0,0,0,0,0,0,0,0,0,0,0,0,0,0,0,0,4,1,17,8,17,8,16,9,16,10,16,10,17,11,17,11,17,11,17,12,17,13,18,13,18,13,18,14,18,14,19,13,19,13,19,13,20,13,20,13,20,12,21,12,21,12,21,12,22,12,22,12,23,12]"
CSI_DATA,226125,d8:b1:90:db:e8:90,-51,11,1,7,0,0,1,0,0,0,1,-96,0,4,0,-799138289,0,100,0,128,1,"[100,-64,5,0,-27,-5,-27,-4,-27,-4,-27,-4,-26,-3,-26,-3,-26,-2,-25,-2,-25,-1,-25,-1,-25,-1,-25,-1,-25,-1,-25,-1,-25,-1,-25,-1,-25,-2,-24,-2,-24,-2,-23,-2,-23,-2,-23,-3,-22,-3,-21,-4,-20,-5,-5,-2,0,0,0,0,0,0,0,0,0,0,0,0,0,0,0,0,0,0,-5,-1,-20,-2,-20,-3,-20,-4,-20,-5,-21,-5,-21,-6,-22,-6,-22,-6,-23,-6,-23,-7,-23,-8,-23,-8,-23,-8,-24,-7,-24,-7,-24,-7,-24,-6,-24,-6,-25,-6,-25,-5,-25,-4,-26,-4,-26,-4,-26,-4,-27,-4,-27,-4]"
CSI_DATA,226126,d8:b1:90:db:e8:90,-51,11,1,7,0,0,1,0,0,0,1,-96,0,4,0,-799125175,0,100,0,128,1,"[100,-64,5,0,-26,9,-26,9,-25,9,-25,8,-24,8,-24,9,-23,9,-23,9,-22,9,-22,10,-22,10,-22,10,-22,10,-22,10,-22,10,-22,9,-21,9,-21,8,-21,8,-21,7,-21,7,-21,6,-20,6,-20,6,-20,5,-5,1,0,0,0,0,0,0,0,0,0,0,0,0,0,0,0,0,0,0,-5,1,-18,6,-19,6,-20,5,-20,5,-21,4,-21,4,-22,3,-22,3,-23,3,-23,3,-23,3,-23,3,-23,3,-24,3,-25,3,-25,4,-25,4,-25,5,-24,6,-24,6,-24,7,-24,7,-25,8,-25,9,-26,9,-26,9]"
CSI_DATA,226127,d8:b1:90:db:e8:90,-51,11,1,7,0,0,1,0,0,0,1,-96,0,4,0,-799113172,0,100,0,128,1,"[100,-64,5,0,15,21,15,21,15,21,15,21,16,20,16,19,16,18,16,17,16,17,16,17,16,16,17,16,17,16,17,16,16,16,16,16,15,16,15,17,14,17,13,17,13,17,13,16,13,16,11,17,11,19,2,5,0,0,0,0,0,0,0,0,0,0,0,0,0,0,0,0,0,0,3,3,13,13,12,14,11,15,11,16,11,16,11,17,11,18,11,18,11,19,11,19,11,20,11,20,11,20,11,20,11,20,11,20,12,20,12,21,13,21,13,22,14,21,14,21,14,21,14,21,15,21,16,22]"
CSI_DATA,226128,d8:b1:90:db:e8:90,-51,11,1,7,0,0,1,0,0,0,1,-96,0,4,0,-799099802,0,100,0,128,1,"[100,-64,5,0,11,-22,10,-22,10,-22,10,-22,10,-22,9,-21,8,-21,8,-21,7,-21,7,-21,6,-21,6,-21,6,-21,6,-21,6,-20,6,-20,6,-19,7,-19,7,-18,7,-18,7,-17,7,-17,8,-16,8,-16,9,-16,2,-4,0,0,0,0,0,0,0,0,0,0,0,0,0,0,0,0,0,0,1,-5,5,-17,6,-17,6,-17,7,-17,8,-17,8,-17,9,-18,10,-18,10,-18,11,-19,11,-19,11,-19,11,-19,11,-19,11,-19,11,-19,11,-19,11,-20,11,-20,11,-21,11,-21,11,-21,10,-21,10,-21,10,-22,11,-22]"
CSI_DATA,226129,d8:b1:90:db:e8:90,-52,11,1,7,0,0,1,0,0,0,1,-96,0,4,0,-799087417,0,100,0,128,1,"[100,-64,5,0,7,27,7,26,8,26,8,25,9,25,9,24,10,24,10,24,10,24,10,23,10,23,10,23,10,22,10,22,10,22,10,22,10,22,9,21,9,21,9,21,8,20,7,20,6,20,5,21,4,21,0,5,0,0,0,0,0,0,0,0,0,0,0,0,0,0,0,0,0,0,1,4,6,19,5,19,4,19,4,20,3,20,3,21,3,22,3,23,3,23,2,24,2,24,2,24,2,25,2,25,2,25,3,25,3,25,3,25,4,25,5,26,6,26,6,26,6,26,6,26,7,27,7,27]"
CSI_DATA,226130,d8:b1:90:db:e8:90,-51,11,1,7,0,0,1,0,0,0,1,-96,0,4,0,-799069404,0,100,0,128,1,"[100,-64,5,0,25,-4,25,-4,25,-4,24,-5,24,-5,24,-5,23,-6,23,-6,23,-6,22,-7,22,-7,22,-7,22,-7,22,-8,22,-8,22,-7,21,-7,21,-7,21,-6,20,-6,20,-6,20,-5,19,-4,19,-3,19,-2,4,-1,0,0,0,0,0,0,0,0,0,0,0,0,0,0,0,0,0,0,4,-2,19,-4,19,-3,19,-3,19,-2,20,-1,20,-1,21,-1,21,-1,22,-1,22,0,22,0,23,1,23,1,23,0,23,0,23,-1,24,-1,24,-1,24,-1,24,-2,25,-3,25,-3,26,-3,26,-3,26,-3,26,-4]"
CSI_DATA,226131,d8:b1:90:db:e8:90,-51,11,1,7,0,0,1,0,0,0,1,-96,0,4,0,-799034597,0,100,0,128,1,"[100,-64,5,0,10,-26,10,-25,10,-25,9,-25,9,-25,8,-24,7,-24,7,-24,7,-24,6,-24,6,-24,6,-24,6,-24,6,-24,6,-24,6,-24,6,-24,6,-23,6,-23,7,-22,7,-21,7,-20,8,-20,9,-20,9,-19,2,-5,0,0,0,0,0,0,0,0,0,0,0,0,0,0,0,0,0,0,1,-5,5,-19,6,-19,7,-19,8,-19,8,-19,9,-19,10,-20,10,-20,11,-20,11,-21,12,-20,13,-20,13,-20,13,-21,13,-21,13,-21,12,-22,12,-22,11,-22,11,-23,11,-23,11,-23,10,-23,10,-24,11,-24,11,-25]"
CSI_DATA,226132,d8:b1:90:db:e8:90,-51,11,1,7,0,0,1,0,0,0,1,-96,0,4,0,-799022232,0,100,0,128,1,"[100,-64,5,0,-17,-20,-17,-20,-18,-20,-18,-19,-18,-19,-18,-18,-18,-18,-18,-17,-18,-17,-18,-17,-18,-16,-18,-16,-18,-16,-18,-16,-18,-16,-17,-16,-16,-16,-16,-16,-16,-16,-16,-16,-15,-16,-15,-16,-14,-16,-13,-16,-12,-16,-3,-5,0,0,0,0,0,0,0,0,0,0,0,0,0,0,0,0,0,0,-4,-4,-14,-14,-14,-15,-14,-16,-13,-17,-13,-17,-13,-18,-13,-18,-13,-18,-12,-19,-12,-20,-12,-20,-12,-20,-12,-20,-13,-21,-13,-21,-13,-21,-14,-21,-14,-21,-14,-20,-15,-20,-15,-20,-16,-20,-16,-20,-17,-21,-17,-21,-17,-21]"
CSI_DATA,226133,d8:b1:90:db:e8:90,-51,11,1,5,0,0,1,0,1,0,0,-96,0,4,0,-799004474,0,100,0,128,1,"[100,-64,5,0,10,-5,9,-11,8,-17,6,-22,3,-26,1,-29,-2,-30,-4,-31,-6,-31,-7,-30,-7,-29,-6,-27,-5,-25,-2,-23,1,-21,5,-19,9,-17,13,-15,17,-14,19,-12,21,-12,23,-12,23,-11,22,-10,22,-10,5,-3,0,0,0,0,0,0,0,0,0,0,0,0,0,0,0,0,0,0,4,0,19,2,21,2,23,3,24,3,25,4,25,4,24,5,22,5,19,7,16,9,11,11,7,13,3,15,-1,18,-4,21,-6,23,-7,26,-7,28,-6,30,-5,31,-3,31,-1,30,2,28,4,24,6,20,7,16]"
CSI_DATA,226134,d8:b1:90:db:e8:90,-51,11,1,5,0,0,1,0,1,0,0,-96,0,4,0,-798991618,0,100,0,128,1,"[100,-64,5,0,5,-8,2,-13,-2,-18,-6,-21,-10,-24,-14,-25,-16,-25,-19,-25,-20,-24,-21,-22,-20,-21,-19,-20,-16,-19,-13,-18,-8,-17,-4,-17,0,-18,4,-18,8,-19,11,-19,13,-19,15,-20,15,-20,15,-19,15,-19,3,-5,0,0,0,0,0,0,0,0,0,0,0,0,0,0,0,0,0,0,4,-2,18,-7,20,-8,21,-8,23,-8,24,-8,24,-8,23,-7,22,-5,20,-3,17,0,14,3,11,7,9,11,6,15,5,19,4,23,4,26,5,28,6,29,8,30,9,29,11,27,13,24,14,20,13,15,13,11]"
CSI_DATA,226135,d8:b1:90:db:e8:90,-52,11,1,7,0,0,1,0,0,0,1,-96,0,4,0,-798979147,0,100,0,128,1,"[100,-64,5,0,-7,-28,-7,-28,-7,-28,-7,-28,-8,-28,-8,-27,-8,-27,-8,-26,-8,-25,-9,-25,-10,-24,-9,-24,-9,-24,-9,-24,-9,-24,-8,-24,-8,-24,-7,-24,-7,-23,-7,-23,-7,-23,-6,-23,-5,-22,-5,-22,-4,-22,-1,-6,0,0,0,0,0,0,0,0,0,0,0,0,0,0,0,0,0,0,-2,-6,-5,-21,-5,-22,-4,-22,-3,-23,-3,-23,-2,-23,-2,-24,-2,-24,-2,-25,-2,-25,-2,-25,-2,-26,-2,-26,-2,-26,-2,-27,-3,-27,-3,-27,-4,-27,-4,-27,-4,-27,-5,-27,-6,-27,-7,-27,-7,-28,-7,-28,-7,-29]"
CSI_DATA,226136,d8:b1:90:db:e8:90,-52,11,1,7,0,0,1,0,0,0,1,-96,0,4,0,-798963969,0,100,0,128,1,"[100,-64,5,0,1,25,1,25,2,24,2,24,2,24,2,24,3,23,3,23,4,22,4,22,5,22,5,22,5,22,5,22,5,22,4,21,4,21,3,21,3,21,3,21,2,20,2,19,1,19,1,19,0,20,0,5,0,0,0,0,0,0,0,0,0,0,0,0,0,0,0,0,0,0,1,4,4,18,3,18,2,18,1,19,1,19,1,19,0,20,0,21,-1,21,-1,22,-1,22,-2,22,-2,23,-2,23,-2,22,-2,22,-2,22,-2,23,-1,23,0,24,0,24,0,24,1,24,2,25,2,25,1,26]"
CSI_DATA,226137,d8:b1:90:db:e8:90,-51,11,1,7,0,0,1,0,0,0,1,-96,0,4,0,-798933188,0,100,0,128,1,"[100,-64,5,0,24,-11,24,-11,23,-12,23,-13,23,-13,23,-13,22,-13,22,-13,21,-14,21,-14,21,-14,21,-14,20,-14,20,-14,20,-14,20,-14,19,-13,19,-13,19,-12,19,-12,19,-11,19,-10,19,-10,19,-9,19,-8,4,-2,0,0,0,0,0,0,0,0,0,0,0,0,0,0,0,0,0,0,4,-3,18,-9,18,-8,18,-8,19,-7,19,-7,20,-7,21,-7,22,-7,22,-6,22,-6,23,-6,23,-6,23,-6,23,-6,24,-6,24,-7,24,-7,24,-8,23,-8,23,-9,23,-10,24,-10,24,-10,24,-11,24,-11,25,-11]"
CSI_DATA,226138,d8:b1:90:db:e8:90,-51,11,1,7,0,0,1,0,0,0,1,-96,0,4,0,-798921834,0,100,0,128,1,"[100,-64,5,0,25,-7,25,-7,24,-8,24,-8,24,-8,24,-9,23,-9,23,-9,22,-10,22,-10,22,-10,21,-11,21,-11,21,-11,21,-10,21,-10,21,-10,20,-9,20,-9,20,-9,20,-9,20,-8,20,-8,20,-7,20,-6,5,-2,0,0,0,0,0,0,0,0,0,0,0,0,0,0,0,0,0,0,4,-2,18,-7,18,-7,19,-6,19,-6,20,-6,21,-5,21,-4,22,-4,23,-4,23,-4,23,-3,23,-3,23,-3,23,-3,24,-3,24,-3,24,-3,24,-4,24,-4,24,-4,25,-5,25,-6,25,-6,25,-7,26,-7,26,-7]"
CSI_DATA,226139,d8:b1:90:db:e8:90,-51,11,1,7,0,0,1,0,0,0,1,-96,0,4,0,-798910636,0,100,0,128,1,"[100,-64,5,0,-24,12,-24,12,-23,12,-23,12,-22,12,-22,12,-21,12,-21,12,-21,12,-20,12,-20,13,-20,13,-20,13,-19,13,-19,13,-19,13,-19,13,-19,12,-18,11,-18,10,-18,11,-19,9,-20,8,-19,8,-18,8,-5,2,0,0,0,0,0,0,0,0,0,0,0,0,0,0,0,0,0,0,-5,2,-17,11,-17,10,-18,10,-18,9,-19,9,-20,9,-21,8,-21,8,-22,8,-22,8,-22,8,-22,7,-22,7,-23,7,-23,7,-24,7,-24,8,-24,8,-23,8,-23,9,-24,10,-24,10,-24,11,-24,11,-24,11,-24,11]"
CSI_DATA,226140,d8:b1:90:db:e8:90,-51,11,1,7,0,0,1,0,0,0,1,-96,0,4,0,-798898407,0,100,0,128,1,"[100,-64,5,0,-9,25,-8,25,-8,25,-7,24,-6,24,-6,24,-5,24,-5,24,-4,24,-4,23,-3,23,-2,23,-2,23,-2,23,-2,23,-3,22,-3,22,-3,22,-4,21,-4,21,-4,20,-5,20,-5,19,-6,19,-7,19,-2,4,0,0,0,0,0,0,0,0,0,0,0,0,0,0,0,0,0,0,-1,4,-2,19,-3,19,-5,19,-6,19,-6,19,-7,19,-7,20,-8,20,-8,21,-9,21,-9,21,-10,20,-9,21,-10,21,-10,21,-10,21,-10,22,-10,22,-9,23,-8,23,-8,24,-8,24,-9,25,-9,25,-8,26,-8,26]"
CSI_DATA,226141,d8:b1:90:db:e8:90,-52,11,1,7,0,0,1,0,0,0,1,-96,0,4,0,-798887673,0,100,0,128,1,"[100,-64,5,0,-1,28,-1,28,-1,28,0,27,0,27,0,26,1,26,2,26,2,25,2,25,3,25,3,24,4,24,4,24,4,24,3,24,2,24,2,24,1,23,1,23,0,22,0,22,-1,21,-2,21,-2,21,-1,5,0,0,0,0,0,0,0,0,0,0,0,0,0,0,0,0,0,0,1,4,4,20,3,20,1,20,1,21,0,22,0,22,-1,23,-1,23,-2,24,-2,24,-3,24,-3,24,-3,24,-3,24,-4,25,-4,25,-4,25,-3,25,-2,26,-2,26,-1,26,-1,27,-1,28,-2,28,-1,28,-1,28]"
CSI_DATA,226142,d8:b1:90:db:e8:90,-51,11,1,7,0,0,1,0,0,0,1,-96,0,4,0,-798876044,0,100,0,128,1,"[100,-64,5,0,-24,14,-23,14,-23,14,-22,14,-21,14,-21,14,-20,14,-20,15,-19,15,-19,15,-19,15,-18,15,-18,15,-18,15,-18,15,-18,15,-18,14,-17,14,-17,13,-17,12,-17,12,-17,11,-17,11,-17,10,-18,10,-5,2,0,0,0,0,0,0,0,0,0,0,0,0,0,0,0,0,0,0,-4,2,-16,11,-17,10,-18,9,-18,9,-19,9,-19,9,-20,9,-20,9,-21,9,-21,9,-22,9,-22,9,-22,9,-22,9,-22,9,-22,9,-22,10,-22,10,-22,10,-22,11,-22,11,-22,12,-22,12,-22,12,-23,13,-23,13]"
CSI_DATA,226143,d8:b1:90:db:e8:90,-51,11,1,7,0,0,1,0,0,0,1,-96,0,4,0,-798862903,0,100,0,128,1,"[100,-64,5,0,19,-15,18,-15,18,-15,17,-15,17,-15,16,-15,16,-16,15,-16,15,-16,15,-16,14,-16,14,-16,14,-16,14,-16,14,-16,14,-16,14,-15,13,-15,13,-15,13,-14,13,-13,13,-13,14,-12,14,-12,14,-11,3,-3,0,0,0,0,0,0,0,0,0,0,0,0,0,0,0,0,0,0,3,-3,12,-12,13,-12,13,-11,14,-11,14,-11,15,-11,15,-11,16,-11,17,-11,17,-11,17,-11,18,-11,18,-11,18,-11,18,-11,17,-12,17,-12,17,-12,18,-12,17,-13,18,-13,18,-14,18,-14,18,-14,18,-14,19,-15]"
CSI_DATA,226144,d8:b1:90:db:e8:90,-51,11,1,7,0,0,1,0,0,0,1,-96,0,4,0,-798831402,0,100,0,128,1,"[100,-64,5,0,27,-10,26,-10,26,-10,26,-10,25,-10,25,-11,24,-11,24,-11,24,-11,23,-12,23,-12,23,-12,23,-12,23,-12,23,-12,23,-12,22,-11,22,-11,22,-10,22,-9,21,-8,21,-8,21,-7,21,-6,21,-5,5,-1,0,0,0,0,0,0,0,0,0,0,0,0,0,0,0,0,0,0,4,-3,19,-10,20,-9,20,-8,20,-7,21,-7,22,-7,23,-7,23,-6,24,-6,25,-6,25,-6,25,-5,25,-5,26,-5,26,-6,26,-6,26,-7,26,-7,25,-7,25,-8,26,-8,26,-9,27,-9,27,-10,27,-10,28,-10]"
CSI_DATA,226145,d8:b1:90:db:e8:90,-51,11,1,7,0,0,1,0,0,0,0,-96,0,4,0,-798816921,0,100,0,128,1,"[100,-64,5,0,1,-24,0,-24,0,-23,0,-23,-1,-22,-1,-22,-1,-22,-2,-22,-2,-22,-3,-22,-3,-21,-3,-21,-3,-21,-2,-21,-2,-21,-2,-21,-3,-20,-2,-20,-1,-20,0,-20,0,-20,1,-19,2,-18,2,-17,3,-18,0,-5,0,0,0,0,0,0,0,0,0,0,0,0,0,0,0,0,0,0,-1,-5,-2,-19,-1,-19,1,-19,1,-19,2,-19,3,-19,3,-19,3,-20,4,-20,4,-21,4,-21,4,-21,4,-21,4,-22,4,-22,4,-21,4,-22,3,-22,3,-22,2,-22,2,-23,2,-23,1,-23,1,-23,1,-23,1,-24]"
CSI_DATA,226146,d8:b1:90:db:e8:90,-51,11,1,7,0,0,1,0,0,0,0,-96,0,4,0,-798800496,0,100,0,128,1,"[100,-64,5,0,-27,-3,-27,-3,-26,-2,-26,-2,-25,-2,-25,-2,-25,-1,-25,-1,-24,0,-24,0,-24,0,-24,0,-24,0,-24,0,-24,0,-24,0,-23,0,-22,-1,-22,-2,-22,-3,-22,-4,-21,-4,-21,-4,-21,-3,-21,-3,-5,-1,0,0,0,0,0,0,0,0,0,0,0,0,0,0,0,0,0,0,-5,0,-20,2,-20,1,-20,-1,-21,-1,-21,-2,-21,-3,-21,-3,-22,-4,-22,-4,-22,-5,-23,-5,-23,-5,-23,-5,-23,-5,-24,-6,-24,-6,-24,-5,-24,-5,-24,-5,-24,-4,-25,-4,-25,-4,-25,-3,-26,-3,-26,-3,-27,-3]"
CSI_DATA,226147,d8:b1:90:db:e8:90,-52,11,1,6,0,0,1,0,0,0,1,-96,0,4,0,-798789518,0,100,0,128,1,"[100,-64,5,0,28,3,27,3,27,3,27,2,27,2,26,1,26,1,26,0,25,-1,25,-1,25,-2,25,-1,25,-1,25,-1,25,-1,25,0,24,0,24,0,23,0,23,1,22,1,22,1,22,2,21,3,21,4,5,1,0,0,0,0,0,0,0,0,0,0,0,0,0,0,0,0,0,0,5,-1,21,0,21,1,21,2,21,2,22,3,22,4,22,5,22,5,23,6,23,6,23,6,24,6,24,7,24,7,24,7,24,7,24,6,25,6,25,6,25,5,26,4,26,4,26,4,27,3,27,3,28,3]"
CSI_DATA,226148,d8:b1:90:db:e8:90,-51,11,1,6,0,0,1,0,0,0,1,-96,0,4,0,-798778082,0,100,0,128,1,"[100,-64,5,0,23,-19,22,-19,21,-19,21,-19,20,-19,19,-19,19,-19,18,-19,17,-20,17,-20,17,-20,16,-21,16,-21,16,-21,16,-21,16,-21,16,-20,15,-20,15,-19,15,-18,15,-18,15,-17,16,-16,16,-15,17,-14,4,-4,0,0,0,0,0,0,0,0,0,0,0,0,0,0,0,0,0,0,3,-4,15,-16,15,-15,16,-15,17,-15,17,-14,18,-14,19,-14,20,-15,20,-15,21,-14,22,-14,22,-14,22,-14,22,-14,22,-14,22,-15,22,-15,22,-16,22,-16,22,-16,22,-17,22,-17,22,-18,22,-18,22,-18,23,-19]"
CSI_DATA,226149,d8:b1:90:db:e8:90,-51,11,1,6,0,0,1,0,0,0,1,-96,0,4,0,-798759577,0,100,0,128,1,"[100,-64,5,0,2,-26,2,-26,2,-26,2,-26,1,-25,1,-25,0,-25,0,-25,-1,-25,-1,-24,-1,-24,-2,-24,-2,-23,-2,-24,-2,-24,-2,-24,-1,-23,-1,-23,-1,-22,0,-22,0,-21,1,-21,2,-21,2,-21,3,-21,0,-6,0,0,0,0,0,0,0,0,0,0,0,0,0,0,0,0,0,0,0,-5,0,-20,1,-20,2,-20,3,-20,3,-20,4,-21,4,-21,5,-21,5,-22,6,-22,6,-23,7,-23,6,-23,6,-24,6,-24,6,-24,6,-24,5,-24,4,-24,4,-24,4,-24,4,-25,4,-25,4,-25,4,-26,4,-26]"
CSI_DATA,226150,d8:b1:90:db:e8:90,-51,11,1,6,0,0,1,0,0,0,1,-96,0,4,0,-798743903,0,100,0,128,1,"[100,-64,5,0,-23,-16,-22,-16,-22,-15,-22,-15,-22,-14,-22,-14,-22,-13,-22,-13,-22,-13,-22,-12,-22,-11,-23,-11,-22,-11,-22,-11,-22,-11,-22,-11,-22,-11,-21,-12,-20,-12,-20,-12,-19,-12,-19,-12,-18,-13,-17,-13,-17,-14,-4,-4,0,0,0,0,0,0,0,0,0,0,0,0,0,0,0,0,0,0,-5,-3,-18,-9,-17,-10,-17,-12,-17,-12,-17,-13,-17,-14,-17,-14,-18,-15,-18,-15,-18,-16,-18,-17,-18,-18,-18,-18,-19,-18,-19,-18,-19,-17,-19,-17,-19,-17,-20,-16,-20,-16,-21,-16,-21,-16,-21,-16,-21,-16,-22,-16,-23,-16]"
CSI_DATA,226151,d8:b1:90:db:e8:90,-51,11,1,6,0,0,1,0,0,0,1,-96,0,4,0,-798718975,0,100,0,128,1,"[100,-64,5,0,-9,5,-8,11,-6,16,-4,21,-1,24,2,27,4,28,6,29,8,28,9,27,9,26,8,24,6,22,3,20,0,18,-4,17,-8,15,-12,13,-15,12,-18,11,-21,11,-23,10,-23,10,-23,9,-23,9,-6,2,0,0,0,0,0,0,0,0,0,0,0,0,0,0,0,0,0,0,-5,0,-20,0,-22,0,-24,-1,-25,-1,-26,-1,-26,-2,-25,-2,-23,-3,-20,-5,-17,-7,-13,-10,-9,-12,-5,-15,-1,-18,1,-21,3,-24,5,-27,5,-29,5,-31,3,-32,1,-31,-1,-30,-3,-28,-5,-25,-7,-20,-8,-16]"
CSI_DATA,226152,d8:b1:90:db:e8:90,-52,11,1,6,0,0,1,0,0,0,1,-96,0,4,0,-798704585,0,100,0,128,1,"[100,-64,5,0,5,6,9,4,13,2,17,0,20,-3,21,-5,22,-8,22,-9,22,-11,21,-11,20,-11,18,-10,17,-8,16,-6,15,-3,14,1,13,4,13,7,13,10,13,12,12,14,11,16,12,17,11,17,10,15,2,3,0,0,0,0,0,0,0,0,0,0,0,0,0,0,0,0,0,0,0,3,2,14,2,16,1,18,1,19,1,19,1,20,1,19,0,18,-2,16,-4,13,-7,11,-9,8,-12,5,-14,3,-17,1,-20,-1,-22,-1,-24,-1,-25,0,-26,1,-25,3,-24,4,-22,6,-19,8,-15,8,-12,9]"
CSI_DATA,226153,d8:b1:90:db:e8:90,-51,11,1,6,0,0,1,0,0,0,1,-96,0,4,0,-798693346,0,100,0,128,1,"[100,-64,5,0,-7,-7,-13,-4,-18,-1,-22,3,-25,6,-26,10,-27,13,-27,15,-26,17,-25,18,-23,18,-21,16,-20,14,-19,10,-19,6,-19,2,-19,-2,-18,-7,-18,-10,-19,-13,-19,-15,-20,-17,-20,-17,-19,-18,-19,-17,-5,-5,0,0,0,0,0,0,0,0,0,0,0,0,0,0,0,0,0,0,-1,-5,-2,-20,-2,-22,-2,-25,-2,-26,-1,-27,-1,-27,0,-26,1,-24,3,-22,5,-19,8,-15,11,-11,14,-8,17,-5,21,-2,24,0,27,1,29,0,31,0,32,-2,31,-4,30,-6,27,-8,23,-10,18,-11,14,-11]"
CSI_DATA,226154,d8:b1:90:db:e8:90,-51,11,1,6,0,0,1,0,0,0,1,-96,0,4,0,-798682641,0,100,0,128,1,"[100,-64,5,0,8,-5,7,-11,6,-16,4,-21,2,-25,-1,-27,-3,-29,-6,-30,-7,-29,-9,-28,-9,-27,-8,-26,-6,-24,-3,-22,0,-20,4,-19,7,-17,11,-16,14,-15,17,-14,19,-14,20,-14,21,-14,21,-13,20,-13,5,-3,0,0,0,0,0,0,0,0,0,0,0,0,0,0,0,0,0,0,4,0,18,4,19,5,21,5,22,6,23,6,23,7,22,8,20,8,18,9,14,11,11,12,7,14,3,15,-1,18,-5,20,-7,23,-8,25,-8,27,-8,29,-7,30,-5,30,-3,28,0,26,3,23,5,19,6,15]"
CSI_DATA,226155,d8:b1:90:db:e8:90,-51,11,1,7,0,0,1,0,0,0,1,-96,0,4,0,-798670385,0,100,0,128,1,"[100,-64,5,0,19,-19,18,-19,18,-20,17,-20,17,-19,16,-19,15,-20,15,-20,14,-20,13,-20,13,-20,13,-21,13,-21,13,-21,13,-21,13,-20,12,-20,12,-20,12,-19,13,-18,13,-18,13,-17,13,-16,13,-16,14,-15,3,-4,0,0,0,0,0,0,0,0,0,0,0,0,0,0,0,0,0,0,3,-4,12,-15,13,-15,13,-14,14,-14,14,-14,15,-15,16,-15,17,-15,17,-15,17,-15,18,-15,18,-15,18,-16,18,-15,18,-15,18,-15,18,-16,19,-16,19,-16,19,-17,19,-17,19,-18,19,-18,19,-18,19,-19,19,-20]"
CSI_DATA,226156,d8:b1:90:db:e8:90,-51,11,1,7,0,0,1,0,0,0,1,-96,0,4,0,-798658369,0,100,0,128,1,"[100,-64,5,0,21,-16,21,-16,21,-17,20,-17,20,-17,20,-17,19,-17,19,-17,18,-17,18,-17,18,-17,17,-17,17,-17,17,-17,17,-17,17,-16,17,-16,17,-16,16,-15,16,-14,16,-14,16,-13,17,-12,17,-12,18,-11,4,-3,0,0,0,0,0,0,0,0,0,0,0,0,0,0,0,0,0,0,3,-4,14,-14,14,-14,15,-13,15,-13,16,-13,17,-13,18,-13,19,-13,19,-13,19,-13,20,-13,20,-13,20,-12,20,-12,20,-12,20,-12,20,-13,20,-14,20,-14,20,-15,21,-15,21,-16,21,-16,21,-16,21,-17,21,-17]"
CSI_DATA,226157,d8:b1:90:db:e8:90,-51,11,1,7,0,0,1,0,0,0,1,-96,0,4,0,-798646833,0,100,0,128,1,"[100,-64,5,0,24,3,23,2,23,2,23,2,23,2,23,1,22,1,22,0,22,0,22,0,22,-1,21,-1,21,-1,21,-1,21,-1,20,-1,20,0,20,0,19,0,19,0,18,0,18,1,18,1,18,3,18,4,4,1,0,0,0,0,0,0,0,0,0,0,0,0,0,0,0,0,0,0,4,0,17,0,17,1,17,1,18,2,18,2,18,3,19,3,19,4,20,4,20,4,20,4,20,5,20,5,20,5,20,5,20,5,20,5,21,4,21,4,22,4,22,4,23,3,23,2,23,2,24,2,24,2]"
CSI_DATA,226158,d8:b1:90:db:e8:90,-52,11,1,7,0,0,1,0,0,0,1,-96,0,4,0,-798626467,0,100,0,128,1,"[100,-64,5,0,25,9,25,8,25,8,25,9,25,9,25,8,24,8,24,8,24,8,24,7,24,7,24,6,24,6,24,6,24,6,23,6,23,6,22,6,21,7,19,7,17,8,17,8,17,8,17,10,17,11,4,2,0,0,0,0,0,0,0,0,0,0,0,0,0,0,0,0,0,0,4,1,19,6,19,6,19,7,19,8,19,8,19,8,19,9,19,9,20,9,21,10,21,11,21,12,22,12,22,12,23,12,23,11,24,11,24,10,24,9,25,8,26,8,26,7,26,7,25,6,26,7,26,7]"
CSI_DATA,226159,d8:b1:90:db:e8:90,-52,11,1,7,0,0,1,0,0,0,1,-96,0,4,0,-798614962,0,100,0,128,1,"[100,-64,5,0,-25,-2,-25,-2,-24,-2,-24,-2,-24,-2,-24,-2,-24,-1,-24,-1,-23,-1,-23,-1,-23,0,-24,1,-24,1,-23,1,-23,1,-23,0,-22,0,-22,0,-20,-1,-19,-2,-18,-2,-18,-2,-18,-3,-18,-4,-18,-5,-5,-2,0,0,0,0,0,0,0,0,0,0,0,0,0,0,0,0,0,0,-5,-1,-19,-2,-19,-3,-19,-4,-19,-4,-19,-4,-20,-4,-20,-4,-20,-5,-20,-5,-21,-5,-21,-6,-22,-6,-22,-6,-23,-6,-23,-6,-24,-5,-24,-5,-24,-4,-24,-3,-24,-2,-25,-1,-25,-1,-24,-1,-24,0,-25,0,-25,-1]"
CSI_DATA,226160,d8:b1:90:db:e8:90,-51,11,1,7,0,0,1,0,0,0,1,-96,0,4,0,-798598335,0,100,0,128,1,"[100,-64,5,0,12,-25,12,-24,11,-24,11,-24,11,-24,10,-24,9,-24,8,-23,8,-23,7,-23,7,-23,7,-23,7,-23,7,-23,7,-23,8,-22,7,-22,7,-22,7,-21,7,-20,8,-20,8,-20,9,-19,9,-18,10,-17,2,-5,0,0,0,0,0,0,0,0,0,0,0,0,0,0,0,0,0,0,1,-5,7,-18,8,-18,9,-18,9,-18,10,-18,11,-18,12,-18,13,-19,13,-19,13,-19,14,-19,14,-19,14,-20,14,-20,14,-20,14,-20,14,-20,13,-21,13,-21,13,-21,13,-22,12,-23,12,-23,12,-23,12,-23,12,-24]"
CSI_DATA,226161,d8:b1:90:db:e8:90,-51,11,1,7,0,0,1,0,0,0,1,-96,0,4,0,-798587144,0,100,0,128,1,"[100,-64,5,0,13,20,13,19,13,19,13,19,13,18,13,18,14,17,13,16,13,16,13,15,14,15,14,15,14,15,14,15,14,15,13,15,13,15,13,15,12,15,11,15,11,15,10,15,10,15,9,15,8,15,1,4,0,0,0,0,0,0,0,0,0,0,0,0,0,0,0,0,0,0,2,3,11,12,11,13,10,14,9,15,9,15,9,16,9,16,9,17,9,18,9,18,9,18,9,19,9,19,9,19,9,19,9,19,9,19,10,19,11,19,11,19,11,19,12,19,12,19,12,19,12,19,13,19]"
CSI_DATA,226162,d8:b1:90:db:e8:90,-51,11,1,7,0,0,1,0,0,0,1,-96,0,4,0,-798576986,0,100,0,128,1,"[100,-64,5,0,24,10,23,10,23,10,23,9,23,9,23,9,23,8,22,7,22,7,22,6,22,6,23,5,23,5,23,5,22,5,22,6,22,6,21,6,20,7,20,7,19,7,19,7,18,8,18,8,17,9,4,2,0,0,0,0,0,0,0,0,0,0,0,0,0,0,0,0,0,0,4,1,19,5,19,6,18,7,18,8,18,9,19,9,19,10,19,10,20,11,20,11,20,11,20,12,20,12,21,12,20,11,20,11,20,11,21,11,22,11,22,11,23,11,23,11,24,10,24,10,25,10,25,11]"
CSI_DATA,226163,d8:b1:90:db:e8:90,-51,11,1,7,0,0,1,0,0,0,1,-96,0,4,0,-798559736,0,100,0,128,1,"[100,-64,5,0,-23,-10,-23,-10,-22,-9,-22,-9,-22,-9,-22,-8,-21,-8,-21,-8,-21,-7,-21,-7,-21,-6,-21,-6,-21,-6,-21,-6,-21,-6,-20,-6,-20,-6,-19,-6,-19,-7,-19,-7,-18,-7,-18,-7,-18,-8,-17,-9,-17,-10,-4,-3,0,0,0,0,0,0,0,0,0,0,0,0,0,0,0,0,0,0,-5,-2,-17,-5,-17,-6,-17,-7,-17,-7,-17,-8,-17,-8,-17,-9,-18,-9,-18,-10,-18,-10,-18,-10,-18,-11,-18,-11,-18,-11,-19,-11,-19,-11,-20,-10,-20,-11,-20,-11,-21,-10,-21,-10,-21,-10,-22,-10,-22,-10,-23,-10,-23,-10]"
CSI_DATA,226164,d8:b1:90:db:e8:90,-51,11,1,7,0,0,1,0,0,0,1,-96,0,4,0,-798549665,0,100,0,128,1,"[100,-64,5,0,-27,-5,-27,-5,-26,-5,-26,-4,-26,-4,-25,-3,-25,-3,-25,-2,-24,-2,-24,-2,-24,-2,-24,-1,-24,-1,-24,-1,-23,-1,-23,-1,-22,-1,-22,-2,-21,-2,-21,-2,-21,-2,-21,-3,-20,-4,-20,-5,-20,-6,-5,-2,0,0,0,0,0,0,0,0,0,0,0,0,0,0,0,0,0,0,-5,-1,-20,-2,-20,-3,-20,-4,-20,-5,-20,-5,-21,-5,-21,-6,-21,-6,-21,-7,-22,-7,-21,-8,-21,-8,-22,-8,-22,-8,-23,-8,-23,-7,-24,-7,-24,-7,-24,-7,-25,-6,-25,-6,-26,-6,-26,-6,-26,-5,-27,-5,-27,-5]"
CSI_DATA,226165,d8:b1:90:db:e8:90,-51,11,1,7,0,0,1,0,0,0,1,-96,0,4,0,-798521305,0,100,0,128,1,"[100,-64,5,0,-27,-8,-27,-8,-26,-8,-26,-7,-26,-6,-26,-6,-25,-6,-25,-6,-24,-6,-24,-5,-24,-5,-25,-4,-25,-4,-24,-4,-24,-4,-24,-4,-23,-4,-23,-4,-23,-4,-22,-5,-22,-5,-22,-5,-21,-6,-20,-7,-20,-7,-5,-2,0,0,0,0,0,0,0,0,0,0,0,0,0,0,0,0,0,0,-5,-2,-19,-5,-19,-6,-19,-7,-20,-8,-20,-8,-20,-9,-21,-9,-21,-10,-22,-10,-22,-11,-22,-11,-22,-11,-22,-11,-22,-11,-23,-11,-23,-10,-23,-10,-24,-10,-24,-10,-25,-10,-25,-9,-26,-9,-26,-9,-27,-9,-27,-9,-26,-9]"
CSI_DATA,226166,d8:b1:90:db:e8:90,-51,11,1,7,0,0,1,0,0,0,1,-96,0,4,0,-798510110,0,100,0,128,1,"[100,-64,5,0,26,-13,25,-13,25,-13,25,-14,24,-14,24,-14,23,-14,23,-14,22,-14,22,-14,22,-14,22,-14,21,-14,21,-15,21,-15,21,-14,21,-14,20,-13,20,-13,20,-13,20,-12,20,-11,20,-10,20,-9,20,-8,5,-2,0,0,0,0,0,0,0,0,0,0,0,0,0,0,0,0,0,0,4,-3,18,-10,18,-10,19,-9,20,-9,20,-9,21,-9,22,-9,23,-9,24,-8,24,-8,24,-8,24,-8,25,-8,25,-8,24,-9,24,-9,24,-10,25,-11,25,-11,26,-11,26,-12,26,-12,26,-12,27,-12,27,-13,27,-13]"
CSI_DATA,226167,d8:b1:90:db:e8:90,-51,11,1,7,0,0,1,0,0,0,1,-96,0,4,0,-798486058,0,100,0,128,1,"[100,-64,5,0,-21,12,-20,12,-20,12,-20,12,-20,12,-19,12,-18,12,-18,12,-18,12,-18,12,-17,12,-17,12,-17,13,-17,12,-17,12,-17,12,-17,12,-16,11,-16,11,-16,10,-16,10,-16,9,-16,9,-16,8,-16,7,-4,1,0,0,0,0,0,0,0,0,0,0,0,0,0,0,0,0,0,0,-4,2,-14,11,-15,10,-15,10,-16,9,-17,9,-17,9,-17,9,-18,8,-18,8,-19,8,-19,9,-19,9,-20,9,-20,9,-20,8,-20,8,-20,9,-20,9,-20,10,-20,10,-20,11,-20,12,-20,12,-20,12,-20,12,-21,12]"
CSI_DATA,226168,d8:b1:90:db:e8:90,-51,11,1,7,0,0,1,0,0,0,1,-96,0,4,0,-798475228,0,100,0,128,1,"[100,-64,5,0,-22,-16,-22,-16,-22,-15,-21,-15,-21,-15,-21,-14,-21,-14,-21,-14,-21,-14,-21,-13,-21,-13,-21,-13,-20,-13,-20,-13,-20,-13,-20,-13,-20,-12,-19,-12,-19,-13,-18,-13,-18,-13,-17,-13,-16,-13,-16,-14,-15,-14,-4,-4,0,0,0,0,0,0,0,0,0,0,0,0,0,0,0,0,0,0,-5,-3,-17,-11,-17,-11,-16,-12,-16,-13,-16,-14,-17,-14,-17,-14,-17,-14,-17,-15,-17,-16,-17,-17,-17,-17,-17,-17,-17,-17,-17,-17,-18,-17,-18,-17,-19,-17,-20,-16,-20,-16,-21,-16,-22,-16,-22,-16,-22,-16,-23,-16,-23,-16]"
CSI_DATA,226169,d8:b1:90:db:e8:90,-51,11,1,7,0,0,1,0,0,0,1,-96,0,4,0,-798458365,0,100,0,128,1,"[100,-64,5,0,-14,23,-13,23,-13,22,-12,22,-11,22,-10,22,-10,22,-9,22,-8,22,-8,22,-7,22,-7,22,-7,22,-7,22,-7,22,-7,22,-7,21,-7,21,-7,20,-8,19,-8,19,-9,18,-9,18,-10,17,-11,17,-3,4,0,0,0,0,0,0,0,0,0,0,0,0,0,0,0,0,0,0,-2,4,-6,17,-7,17,-8,17,-9,17,-9,18,-10,18,-12,18,-12,18,-13,18,-13,18,-14,19,-14,19,-14,19,-14,19,-15,19,-15,19,-15,20,-14,20,-14,20,-13,21,-13,22,-13,22,-13,22,-13,22,-13,23,-13,23]"
CSI_DATA,226170,d8:b1:90:db:e8:90,-51,11,1,7,0,0,1,0,0,0,1,-96,0,4,0,-798440699,0,100,0,128,1,"[100,-64,5,0,14,18,14,18,15,17,15,16,15,16,15,16,15,15,15,14,15,14,16,14,16,13,16,13,16,13,16,13,16,13,15,13,15,12,14,12,14,13,14,13,13,13,13,13,12,13,11,13,10,13,2,3,0,0,0,0,0,0,0,0,0,0,0,0,0,0,0,0,0,0,3,3,12,12,11,13,11,13,11,14,11,14,10,15,10,15,10,16,10,16,10,17,10,17,10,17,10,18,10,18,10,18,11,18,11,18,11,18,12,18,12,17,13,17,13,18,14,18,14,18,14,18,14,18]"
CSI_DATA,226171,d8:b1:90:db:e8:90,-51,11,1,7,0,0,1,0,0,0,1,-96,0,4,0,-798416002,0,100,0,128,1,"[100,-64,5,0,-3,26,-2,26,-2,26,-2,25,-2,25,-2,25,-1,25,-1,24,0,24,1,23,1,23,0,23,0,23,0,23,0,23,-1,23,-2,23,-2,22,-2,22,-3,21,-3,21,-3,20,-3,20,-3,20,-3,20,-1,5,0,0,0,0,0,0,0,0,0,0,0,0,0,0,0,0,0,0,0,4,1,18,0,19,-1,19,-1,20,-1,20,-1,21,-1,21,-1,22,-1,22,-1,23,-3,23,-4,23,-4,23,-4,23,-5,23,-5,23,-4,23,-4,23,-3,23,-3,24,-2,24,-2,25,-2,24,-2,25,-1,26,0,26]"
CSI_DATA,226172,d8:b1:90:db:e8:90,-51,11,1,7,0,0,1,0,0,0,1,-96,0,4,0,-798402261,0,100,0,128,1,"[100,-64,5,0,-7,26,-6,26,-6,26,-5,25,-4,25,-4,25,-3,25,-3,24,-2,24,-2,24,-1,23,-1,23,0,24,0,23,0,23,0,22,-1,22,-1,21,-2,21,-1,22,-1,22,-1,20,-1,20,-3,20,-5,20,-2,5,0,0,0,0,0,0,0,0,0,0,0,0,0,0,0,0,0,0,-1,4,-4,19,-4,19,-5,19,-6,19,-6,19,-7,20,-7,20,-7,20,-8,21,-9,21,-9,21,-9,21,-9,22,-9,22,-9,22,-9,22,-9,22,-9,23,-8,23,-7,24,-7,24,-7,25,-8,25,-8,26,-7,26,-7,26]"
CSI_DATA,226173,d8:b1:90:db:e8:90,-51,11,1,7,0,0,1,0,0,0,1,-96,0,4,0,-798391480,0,100,0,128,1,"[100,-64,5,0,-18,21,-17,21,-17,21,-16,20,-16,20,-15,20,-15,20,-14,20,-13,21,-13,21,-12,21,-12,21,-12,21,-12,21,-12,20,-12,20,-11,20,-12,20,-12,19,-12,19,-12,18,-12,17,-13,17,-14,16,-14,17,-4,4,0,0,0,0,0,0,0,0,0,0,0,0,0,0,0,0,0,0,-3,4,-10,17,-11,16,-12,16,-13,15,-13,15,-14,16,-15,16,-15,16,-16,16,-16,17,-16,16,-16,16,-16,16,-17,17,-18,17,-18,17,-18,17,-18,18,-17,18,-17,18,-17,19,-17,20,-17,20,-17,20,-18,21,-17,21]"
CSI_DATA,226174,d8:b1:90:db:e8:90,-51,11,1,7,0,0,1,0,0,0,1,-96,0,4,0,-798376874,0,100,0,128,1,"[100,-64,5,0,26,4,25,3,25,3,25,2,25,1,25,1,24,0,24,0,23,0,23,-1,23,-1,23,-1,23,-1,23,-1,22,-1,22,-1,22,-1,22,0,22,0,21,0,21,1,20,1,20,1,19,2,19,3,4,1,0,0,0,0,0,0,0,0,0,0,0,0,0,0,0,0,0,0,4,0,19,1,19,2,18,4,18,5,19,5,19,6,20,6,20,6,20,6,21,6,21,7,21,7,21,7,22,6,22,6,22,6,22,6,23,5,23,5,23,5,24,4,24,4,25,3,26,3,26,3,26,3]"
CSI_DATA,226175,d8:b1:90:db:e8:90,-51,11,1,7,0,0,1,0,0,0,1,-96,0,4,0,-798366598,0,100,0,128,1,"[100,-64,5,0,-17,-18,-17,-18,-17,-17,-17,-17,-16,-17,-16,-16,-16,-16,-16,-16,-16,-15,-16,-15,-17,-14,-17,-14,-17,-14,-17,-14,-17,-14,-17,-14,-16,-14,-15,-14,-15,-14,-15,-14,-14,-14,-14,-14,-13,-14,-12,-14,-12,-15,-3,-4,0,0,0,0,0,0,0,0,0,0,0,0,0,0,0,0,0,0,-4,-3,-14,-11,-13,-12,-13,-13,-12,-14,-12,-14,-12,-15,-12,-15,-12,-16,-12,-16,-12,-17,-12,-17,-12,-17,-13,-18,-13,-18,-13,-18,-13,-18,-14,-17,-14,-18,-14,-18,-14,-18,-15,-18,-15,-18,-16,-18,-16,-18,-16,-18,-17,-18]"
CSI_DATA,226176,d8:b1:90:db:e8:90,-51,11,1,7,0,0,1,0,0,0,1,-96,0,4,0,-798349540,0,100,0,128,1,"[100,-64,5,0,-4,-30,-4,-30,-4,-29,-4,-29,-4,-29,-5,-28,-5,-28,-6,-28,-7,-28,-7,-27,-7,-27,-8,-27,-8,-26,-7,-26,-7,-26,-7,-26,-7,-25,-6,-25,-5,-25,-5,-24,-5,-24,-4,-23,-3,-23,-2,-24,-2,-24,-1,-6,0,0,0,0,0,0,0,0,0,0,0,0,0,0,0,0,0,0,-1,-6,-4,-22,-3,-22,-2,-23,-2,-23,-1,-24,0,-24,0,-24,1,-24,1,-25,1,-26,1,-27,1,-27,1,-27,1,-27,0,-27,0,-27,0,-27,-1,-28,-1,-29,-2,-29,-3,-30,-3,-30,-4,-30,-4,-30,-4,-31,-4,-31]"
CSI_DATA,226177,d8:b1:90:db:e8:90,-51,11,1,7,0,0,1,0,0,0,1,-96,0,4,0,-798319355,0,100,0,128,1,"[100,-64,5,0,25,-1,25,-1,25,-1,25,-1,25,-1,25,-2,24,-2,24,-3,23,-3,23,-4,23,-4,23,-4,23,-4,23,-4,23,-4,23,-3,22,-3,22,-3,21,-2,21,-2,21,-1,20,-1,20,0,20,1,20,2,5,0,0,0,0,0,0,0,0,0,0,0,0,0,0,0,0,0,0,0,4,-1,19,-3,19,-2,19,-2,20,-1,20,0,21,0,21,0,21,1,21,2,22,2,23,2,23,2,23,2,23,2,23,2,23,2,23,1,24,1,25,1,25,0,25,0,26,-1,26,-1,26,-2,27,-1,27,-1]"
CSI_DATA,226178,d8:b1:90:db:e8:90,-51,11,1,7,0,0,1,0,0,0,1,-96,0,4,0,-798309121,0,100,0,128,1,"[100,-64,5,0,-12,-25,-12,-25,-12,-24,-13,-24,-13,-23,-13,-23,-13,-22,-13,-21,-14,-21,-14,-20,-15,-20,-15,-20,-15,-20,-14,-20,-14,-20,-14,-20,-14,-20,-13,-20,-12,-19,-11,-19,-11,-19,-10,-19,-10,-19,-9,-19,-8,-19,-2,-5,0,0,0,0,0,0,0,0,0,0,0,0,0,0,0,0,0,0,-3,-5,-11,-17,-10,-17,-10,-18,-10,-18,-9,-19,-9,-20,-9,-20,-9,-21,-9,-21,-9,-22,-9,-22,-9,-23,-9,-23,-9,-23,-9,-23,-9,-23,-9,-23,-9,-23,-9,-23,-10,-24,-10,-24,-11,-24,-11,-24,-12,-24,-12,-24,-12,-24]"
CSI_DATA,226179,d8:b1:90:db:e8:90,-51,11,1,7,0,0,1,0,0,0,1,-96,0,4,0,-798293560,0,100,0,128,1,"[100,-64,5,0,24,-11,23,-11,23,-11,23,-11,22,-12,22,-12,21,-12,21,-12,20,-13,20,-13,19,-13,19,-14,19,-13,19,-13,19,-13,19,-13,19,-12,19,-11,19,-11,19,-10,18,-9,17,-9,17,-9,18,-9,17,-8,4,-2,0,0,0,0,0,0,0,0,0,0,0,0,0,0,0,0,0,0,3,-3,15,-11,16,-11,16,-10,16,-10,17,-10,18,-10,19,-9,20,-9,20,-9,21,-9,21,-9,21,-9,22,-9,22,-9,22,-9,22,-9,22,-9,22,-9,22,-9,22,-9,22,-10,23,-10,23,-11,23,-11,23,-12,23,-12]"
CSI_DATA,226180,d8:b1:90:db:e8:90,-51,11,1,7,0,0,1,0,0,0,1,-96,0,4,0,-798283207,0,100,0,128,1,"[100,-64,5,0,-2,26,-2,26,-2,26,-2,25,-1,25,-1,25,0,24,1,24,1,24,1,24,1,23,1,24,1,24,1,24,1,24,0,23,0,23,-1,22,-1,22,-1,21,-2,20,-2,20,-3,20,-4,20,-5,20,-2,4,0,0,0,0,0,0,0,0,0,0,0,0,0,0,0,0,0,0,0,4,1,18,0,19,-1,19,-2,20,-2,20,-3,21,-3,21,-4,22,-4,22,-5,23,-5,23,-5,23,-5,23,-5,23,-5,23,-5,23,-5,23,-5,24,-4,25,-3,25,-3,26,-3,26,-3,26,-3,26,-3,26,-2,26]"
CSI_DATA,226181,d8:b1:90:db:e8:90,-51,11,1,5,0,0,1,0,1,0,0,-96,0,4,0,-798266759,0,100,0,128,1,"[100,-64,5,0,9,-2,10,-8,11,-13,11,-18,9,-22,8,-26,6,-28,4,-29,3,-30,1,-29,1,-28,1,-27,2,-25,4,-22,6,-19,9,-17,12,-14,15,-12,18,-10,20,-9,22,-8,23,-7,24,-6,23,-6,23,-6,5,-2,0,0,0,0,0,0,0,0,0,0,0,0,0,0,0,0,0,0,3,2,15,10,16,12,17,13,18,15,19,15,19,16,18,16,16,16,13,16,9,15,5,15,0,15,-4,15,-8,16,-12,17,-15,19,-17,20,-18,22,-18,24,-17,25,-15,26,-13,26,-10,25,-6,23,-3,20,0,17]"
CSI_DATA,226182,d8:b1:90:db:e8:90,-51,11,1,7,0,0,1,0,0,0,1,-96,0,4,0,-798252356,0,100,0,128,1,"[100,-64,5,0,-18,-17,-18,-17,-18,-17,-18,-16,-18,-15,-18,-15,-18,-14,-18,-14,-17,-14,-18,-14,-18,-14,-18,-14,-17,-14,-17,-14,-17,-14,-17,-14,-16,-14,-16,-14,-15,-14,-15,-14,-14,-14,-14,-14,-13,-14,-12,-15,-11,-15,-3,-4,0,0,0,0,0,0,0,0,0,0,0,0,0,0,0,0,0,0,-4,-3,-13,-12,-12,-13,-12,-14,-12,-15,-12,-15,-12,-15,-12,-16,-12,-16,-12,-17,-12,-18,-12,-18,-11,-18,-12,-18,-12,-18,-12,-18,-13,-18,-14,-18,-14,-18,-15,-18,-15,-17,-16,-17,-16,-17,-16,-17,-16,-18,-16,-18,-16,-18]"
CSI_DATA,226183,d8:b1:90:db:e8:90,-51,11,1,7,0,0,1,0,0,0,1,-96,0,4,0,-798241260,0,100,0,128,1,"[100,-64,5,0,5,-27,5,-26,5,-26,4,-26,3,-26,3,-25,2,-25,2,-25,2,-25,1,-24,1,-24,1,-24,1,-24,1,-24,1,-24,2,-24,3,-24,3,-23,3,-23,3,-22,4,-21,4,-21,4,-20,5,-20,6,-20,1,-5,0,0,0,0,0,0,0,0,0,0,0,0,0,0,0,0,0,0,1,-5,4,-19,5,-19,5,-19,6,-20,6,-20,7,-20,8,-20,8,-21,8,-21,9,-21,9,-21,9,-22,9,-22,9,-22,9,-23,9,-23,8,-23,8,-24,7,-24,7,-24,7,-25,6,-25,6,-25,6,-26,6,-26,6,-26]"
CSI_DATA,226184,d8:b1:90:db:e8:90,-51,11,1,7,0,0,1,0,0,0,1,-96,0,4,0,-798215441,0,100,0,128,1,"[100,-64,5,0,-9,25,-9,25,-9,24,-8,24,-8,24,-7,23,-6,23,-6,23,-6,23,-5,23,-5,23,-5,22,-4,22,-4,23,-4,23,-4,22,-5,22,-5,21,-5,21,-5,20,-6,19,-6,19,-7,18,-8,18,-9,18,-3,4,0,0,0,0,0,0,0,0,0,0,0,0,0,0,0,0,0,0,-2,4,-5,18,-6,18,-7,18,-7,18,-8,18,-9,19,-9,19,-9,19,-10,19,-10,20,-11,20,-11,20,-11,20,-11,20,-11,20,-10,21,-10,21,-10,21,-11,21,-10,22,-10,22,-10,23,-10,23,-9,23,-9,24,-9,24]"
CSI_DATA,226185,d8:b1:90:db:e8:90,-51,11,1,7,0,0,1,0,0,0,1,-96,0,4,0,-798202729,0,100,0,128,1,"[100,-64,5,0,18,18,18,18,18,17,18,17,18,17,18,17,18,16,18,15,17,15,18,14,18,14,18,14,19,14,18,14,18,14,18,13,17,13,17,13,16,14,15,14,15,14,14,14,14,15,13,15,12,16,3,4,0,0,0,0,0,0,0,0,0,0,0,0,0,0,0,0,0,0,3,2,15,12,14,13,13,14,12,15,13,15,13,16,13,16,13,17,13,17,13,18,13,18,13,18,13,19,13,19,13,19,13,19,14,19,14,19,15,19,16,18,16,18,17,18,17,19,18,19,18,19,18,19]"
CSI_DATA,226186,d8:b1:90:db:e8:90,-51,11,1,7,0,0,1,0,0,0,1,-96,0,4,0,-798190180,0,100,0,128,1,"[100,-64,5,0,4,23,4,22,5,22,5,21,6,21,6,21,6,20,6,20,7,20,7,19,8,19,8,19,8,19,8,18,8,18,8,18,7,18,7,17,7,18,6,17,6,16,6,16,5,16,4,17,4,18,1,4,0,0,0,0,0,0,0,0,0,0,0,0,0,0,0,0,0,0,1,4,5,16,4,16,3,17,3,17,3,18,3,18,2,19,2,19,2,20,2,20,2,20,1,20,2,20,2,21,1,21,1,21,1,21,2,21,2,21,3,21,4,21,4,22,4,22,5,23,5,23,5,23]"
CSI_DATA,226187,d8:b1:90:db:e8:90,-51,11,1,7,0,0,1,0,0,0,1,-96,0,4,0,-798179805,0,100,0,128,1,"[100,-64,5,0,18,14,18,14,18,13,18,13,18,12,18,12,18,11,18,11,18,11,18,10,19,10,18,9,18,9,18,9,18,9,18,9,18,9,17,9,17,9,16,9,16,9,15,10,14,10,14,10,13,11,3,2,0,0,0,0,0,0,0,0,0,0,0,0,0,0,0,0,0,0,3,1,15,8,14,8,14,10,14,10,14,11,14,11,14,12,14,12,15,13,15,13,14,13,14,13,15,13,15,14,15,14,15,14,15,14,15,14,16,14,16,13,17,13,17,13,18,13,19,14,19,14,19,14]"
CSI_DATA,226188,d8:b1:90:db:e8:90,-51,11,1,7,0,0,1,0,0,0,1,-96,0,4,0,-798169230,0,100,0,128,1,"[100,-64,5,0,-27,1,-27,2,-26,2,-26,2,-25,2,-25,2,-25,3,-25,3,-24,4,-24,4,-24,5,-24,5,-24,5,-23,5,-23,5,-23,5,-23,5,-22,4,-22,3,-22,3,-22,2,-22,1,-21,1,-21,0,-20,-2,-5,-1,0,0,0,0,0,0,0,0,0,0,0,0,0,0,0,0,0,0,-5,0,-20,1,-20,0,-20,-1,-21,-1,-21,-1,-21,-2,-22,-2,-22,-2,-22,-2,-23,-3,-23,-3,-23,-4,-23,-4,-24,-4,-24,-4,-25,-3,-25,-3,-25,-2,-25,-2,-25,-1,-26,-1,-26,0,-27,0,-27,0,-27,0,-27,0]"
CSI_DATA,226189,d8:b1:90:db:e8:90,-51,11,1,7,0,0,1,0,0,0,1,-96,0,4,0,-798158819,0,100,0,128,1,"[100,-64,5,0,8,26,8,25,8,25,8,24,8,24,8,23,9,23,9,22,9,22,10,21,10,21,10,21,10,21,10,21,10,21,10,21,10,20,9,20,8,20,7,20,6,20,5,20,5,20,4,20,3,20,0,5,0,0,0,0,0,0,0,0,0,0,0,0,0,0,0,0,0,0,1,4,7,18,6,18,5,19,5,19,4,20,4,20,4,20,4,21,4,21,4,22,3,22,3,23,3,23,3,23,3,24,3,24,4,24,4,24,5,24,6,24,6,25,6,25,7,25,7,25,7,26,8,26]"
CSI_DATA,226190,d8:b1:90:db:e8:90,-51,11,1,7,0,0,1,0,0,0,1,-96,0,4,0,-798143970,0,100,0,128,1,"[100,-64,5,0,-22,14,-22,14,-21,15,-21,15,-21,15,-21,15,-20,15,-19,15,-19,15,-18,15,-18,15,-18,15,-18,16,-18,16,-18,16,-18,15,-18,15,-18,15,-18,14,-17,13,-18,13,-18,12,-18,11,-18,10,-18,9,-5,2,0,0,0,0,0,0,0,0,0,0,0,0,0,0,0,0,0,0,-4,3,-15,12,-16,12,-16,11,-17,11,-17,11,-18,11,-18,11,-19,11,-19,10,-20,10,-20,10,-20,10,-21,10,-21,10,-21,11,-21,11,-21,12,-21,12,-21,12,-21,13,-21,14,-21,14,-22,14,-22,14,-22,14,-23,15]"
CSI_DATA,226191,d8:b1:90:db:e8:90,-51,11,1,7,0,0,1,0,0,0,1,-96,0,4,0,-798133830,0,100,0,128,1,"[100,-64,5,0,29,5,29,5,28,4,28,3,28,2,28,2,27,2,27,2,26,2,26,1,26,1,27,1,27,1,26,1,26,1,25,1,25,1,24,2,24,2,24,2,24,2,23,3,22,4,22,5,21,7,5,1,0,0,0,0,0,0,0,0,0,0,0,0,0,0,0,0,0,0,5,0,22,2,21,3,21,4,21,4,21,5,22,5,22,6,22,6,23,7,23,7,24,7,25,7,25,7,25,8,25,8,25,7,25,7,25,7,26,6,26,5,26,5,27,5,27,4,27,4,27,4,28,4]"
CSI_DATA,226192,d8:b1:90:db:e8:90,-51,11,1,7,0,0,1,0,0,0,1,-96,0,4,0,-798107451,0,100,0,128,1,"[100,-64,5,0,-4,30,-4,30,-4,30,-3,29,-3,29,-2,28,-2,28,-1,28,-1,27,0,27,0,27,0,27,1,27,1,27,1,27,1,27,1,27,0,27,0,26,0,25,-1,25,-2,24,-2,24,-3,24,-4,24,-2,6,0,0,0,0,0,0,0,0,0,0,0,0,0,0,0,0,0,0,-1,5,-2,22,-3,22,-5,22,-6,22,-7,23,-7,23,-8,23,-9,24,-9,24,-10,25,-9,25,-9,25,-9,25,-9,26,-9,26,-9,26,-9,26,-8,27,-7,27,-6,27,-5,28,-5,28,-5,29,-5,30,-5,31,-5,31]"
CSI_DATA,226193,d8:b1:90:db:e8:90,-51,11,1,7,0,0,1,0,0,0,1,-96,0,4,0,-798093579,0,100,0,128,1,"[100,-64,5,0,-19,19,-19,18,-18,19,-18,19,-18,19,-17,19,-16,19,-16,19,-15,19,-14,20,-14,20,-13,20,-13,20,-13,20,-13,20,-14,19,-14,18,-13,18,-13,17,-13,17,-14,16,-13,15,-14,14,-16,13,-17,11,-5,2,0,0,0,0,0,0,0,0,0,0,0,0,0,0,0,0,0,0,-3,3,-13,15,-14,14,-15,13,-16,13,-16,13,-17,13,-18,13,-19,12,-19,12,-20,12,-20,13,-21,13,-21,14,-21,14,-21,13,-20,13,-20,14,-20,15,-19,15,-19,16,-19,16,-19,17,-20,17,-20,17,-20,18,-20,18]"
CSI_DATA,226194,d8:b1:90:db:e8:90,-51,11,1,7,0,0,1,0,0,0,1,-96,0,4,0,-798079748,0,100,0,128,1,"[100,-64,5,0,-23,-6,-23,-6,-23,-5,-23,-5,-23,-5,-23,-4,-22,-4,-22,-3,-22,-3,-22,-2,-22,-1,-22,-1,-22,0,-21,0,-21,0,-21,-1,-20,-2,-20,-2,-19,-2,-19,-2,-19,-2,-18,-2,-18,-3,-17,-5,-17,-6,-4,-2,0,0,0,0,0,0,0,0,0,0,0,0,0,0,0,0,0,0,-5,-1,-17,-4,-17,-5,-17,-6,-17,-7,-18,-7,-18,-8,-18,-9,-18,-9,-18,-10,-19,-10,-19,-10,-19,-11,-20,-11,-20,-10,-20,-10,-20,-10,-20,-9,-21,-9,-21,-8,-21,-8,-22,-8,-22,-7,-23,-8,-23,-8,-23,-8,-23,-7]"
CSI_DATA,226195,d8:b1:90:db:e8:90,-51,11,1,7,0,0,1,0,0,0,1,-96,0,4,0,-798066197,0,100,0,128,1,"[100,-64,5,0,-13,25,-13,25,-12,25,-12,24,-11,24,-10,24,-10,24,-9,23,-9,23,-8,23,-8,23,-8,23,-8,23,-8,23,-8,23,-9,23,-9,22,-9,22,-9,21,-9,21,-9,20,-9,19,-10,18,-11,18,-12,18,-3,4,0,0,0,0,0,0,0,0,0,0,0,0,0,0,0,0,0,0,-2,4,-6,19,-7,19,-8,18,-9,18,-9,19,-10,19,-11,19,-12,20,-12,20,-13,21,-13,21,-13,21,-13,21,-14,21,-14,21,-14,21,-14,21,-14,22,-13,22,-13,23,-13,24,-13,24,-13,23,-13,23,-13,24,-13,25]"
CSI_DATA,226196,d8:b1:90:db:e8:90,-51,11,1,7,0,0,1,0,0,0,1,-96,0,4,0,-798055439,0,100,0,128,1,"[100,-64,5,0,18,-20,18,-19,18,-19,17,-19,17,-20,16,-20,16,-20,15,-20,14,-20,14,-20,14,-20,14,-20,14,-20,14,-19,13,-19,13,-19,13,-19,13,-18,13,-18,14,-18,14,-17,14,-16,14,-15,14,-15,15,-14,3,-4,0,0,0,0,0,0,0,0,0,0,0,0,0,0,0,0,0,0,2,-4,12,-15,13,-15,14,-14,15,-14,15,-14,16,-14,17,-13,17,-13,18,-13,18,-13,19,-13,19,-13,19,-13,19,-13,19,-13,19,-14,19,-14,19,-15,19,-15,18,-16,18,-17,19,-17,19,-18,19,-19,19,-19,19,-20]"
CSI_DATA,226197,d8:b1:90:db:e8:90,-51,11,1,7,0,0,1,0,0,0,1,-96,0,4,0,-798043462,0,100,0,128,1,"[100,-64,5,0,23,8,23,8,23,7,22,7,22,6,22,6,22,5,21,5,21,4,21,4,21,4,22,3,22,3,21,3,21,3,20,4,20,4,20,4,19,4,19,4,18,4,18,5,17,6,17,7,16,8,4,2,0,0,0,0,0,0,0,0,0,0,0,0,0,0,0,0,0,0,4,0,18,4,18,4,17,5,17,6,17,6,18,7,18,7,19,8,19,9,19,9,19,10,19,11,19,11,19,11,19,10,19,10,20,10,20,9,21,9,21,9,22,9,22,9,22,8,22,9,23,8,23,8]"
CSI_DATA,226198,d8:b1:90:db:e8:90,-51,11,1,7,0,0,1,0,0,0,1,-96,0,4,0,-798012096,0,100,0,128,1,"[100,-64,5,0,18,19,18,18,18,18,18,17,18,16,18,16,19,15,19,15,19,14,19,14,19,13,20,13,20,13,19,13,19,13,18,13,18,13,17,13,17,13,16,13,16,13,15,13,14,14,13,15,12,15,3,3,0,0,0,0,0,0,0,0,0,0,0,0,0,0,0,0,0,0,3,2,15,12,15,12,14,13,14,14,14,15,14,15,14,16,14,17,14,18,14,18,14,19,13,19,13,20,13,20,14,19,14,19,15,19,15,19,16,19,16,19,17,19,17,19,17,19,18,19,18,19,19,19]"
CSI_DATA,226199,d8:b1:90:db:e8:90,-51,11,1,7,0,0,1,0,0,0,1,-96,0,4,0,-798000346,0,100,0,128,1,"[100,-64,5,0,19,17,19,17,19,17,19,17,19,17,19,16,19,15,19,15,19,14,19,14,19,14,19,13,19,13,19,13,19,13,19,13,18,13,18,13,17,13,17,13,16,13,15,13,15,14,14,14,13,15,3,3,0,0,0,0,0,0,0,0,0,0,0,0,0,0,0,0,0,0,3,2,15,11,14,12,14,13,14,14,14,14,14,15,14,15,14,16,14,16,14,17,14,18,14,18,15,18,15,18,15,18,15,18,15,18,16,18,16,18,17,17,18,17,18,17,18,17,18,17,19,18,19,18]"
CSI_DATA,226200,d8:b1:90:db:e8:90,-51,11,1,7,0,0,1,0,0,0,1,-96,0,4,0,-797990037,0,100,0,128,1,"[100,-64,5,0,-28,1,-28,1,-28,1,-27,2,-27,2,-26,3,-26,3,-25,3,-25,4,-25,4,-25,4,-25,4,-24,4,-24,4,-24,4,-24,4,-24,4,-23,4,-22,3,-21,2,-21,2,-20,2,-21,2,-21,2,-21,0,-6,-1,0,0,0,0,0,0,0,0,0,0,0,0,0,0,0,0,0,0,-6,0,-21,1,-21,0,-20,-1,-21,-1,-21,-2,-22,-2,-22,-2,-23,-2,-24,-3,-24,-3,-24,-4,-24,-4,-24,-4,-24,-4,-24,-4,-24,-3,-25,-3,-25,-2,-25,-2,-26,-1,-26,0,-27,0,-27,0,-27,0,-28,0,-28,0]"
CSI_DATA,226201,d8:b1:90:db:e8:90,-52,11,1,7,0,0,1,0,0,0,1,-96,0,4,0,-797979263,0,100,0,128,1,"[100,-64,5,0,-11,27,-11,25,-11,24,-11,23,-10,22,-9,22,-8,21,-7,20,-6,20,-5,22,-5,22,-5,23,-4,24,-2,25,-2,26,-1,25,0,23,0,22,-1,22,-1,20,-1,21,-1,21,-2,20,-3,19,-5,23,-2,6,0,0,0,0,0,0,0,0,0,0,0,0,0,0,0,0,0,0,-4,2,-15,11,-15,11,-14,10,-14,11,-15,11,-17,11,-18,10,-19,11,-19,12,-19,13,-19,13,-19,13,-19,13,-19,14,-19,15,-18,14,-17,15,-16,16,-16,16,-17,17,-16,18,-17,20,-17,22,-16,22,-15,22,-18,25]"
CSI_DATA,226202,d8:b1:90:db:e8:90,-52,11,1,7,0,0,1,0,0,0,1,-96,0,4,0,-797964215,0,100,0,128,1,"[100,-64,5,0,27,5,27,7,28,8,27,7,25,6,24,5,25,4,27,1,27,0,26,2,26,4,24,3,22,0,22,-1,24,-1,27,0,26,0,24,2,23,3,22,2,21,-1,21,-2,22,1,24,4,23,4,5,1,0,0,0,0,0,0,0,0,0,0,0,0,0,0,0,0,0,0,5,1,20,7,20,7,19,7,19,9,20,11,20,10,19,10,20,10,22,11,23,12,23,12,21,12,21,11,22,10,23,9,24,9,24,11,24,12,23,11,23,9,23,7,26,8,28,9,28,9,27,10,26,10]"
CSI_DATA,226203,d8:b1:90:db:e8:90,-51,11,1,7,0,0,1,0,0,0,1,-96,0,4,0,-797952747,0,100,0,128,1,"[100,-64,5,0,-13,-27,-13,-27,-13,-26,-13,-26,-13,-26,-13,-25,-14,-24,-14,-24,-14,-24,-14,-23,-15,-23,-15,-22,-15,-22,-15,-22,-15,-22,-15,-22,-15,-22,-14,-22,-13,-21,-13,-21,-12,-21,-11,-20,-11,-21,-10,-21,-9,-22,-2,-6,0,0,0,0,0,0,0,0,0,0,0,0,0,0,0,0,0,0,-3,-5,-12,-19,-11,-20,-11,-20,-10,-21,-10,-21,-9,-22,-9,-22,-9,-23,-9,-24,-9,-24,-9,-25,-8,-25,-9,-26,-9,-26,-9,-26,-9,-26,-10,-26,-10,-26,-10,-26,-11,-26,-11,-26,-12,-26,-12,-26,-12,-27,-12,-27,-12,-27]"
CSI_DATA,226204,d8:b1:90:db:e8:90,-51,11,1,7,0,0,1,0,0,0,1,-96,0,4,0,-797940430,0,100,0,128,1,"[100,-64,5,0,-30,-3,-29,-3,-29,-2,-29,-2,-29,-1,-28,-1,-28,0,-28,0,-27,1,-27,1,-27,2,-26,2,-26,1,-25,1,-25,1,-26,2,-26,2,-25,1,-25,1,-24,0,-23,0,-23,-1,-23,-1,-23,-2,-23,-3,-6,-1,0,0,0,0,0,0,0,0,0,0,0,0,0,0,0,0,0,0,-6,0,-23,1,-22,0,-22,-1,-23,-2,-23,-3,-24,-3,-24,-3,-25,-3,-25,-4,-25,-4,-26,-4,-26,-5,-26,-5,-26,-5,-27,-5,-27,-5,-27,-4,-27,-4,-27,-4,-27,-3,-28,-3,-28,-3,-29,-2,-29,-2,-29,-2,-30,-2]"
CSI_DATA,226205,d8:b1:90:db:e8:90,-52,11,1,7,0,0,1,0,0,0,1,-96,0,4,0,-797909283,0,100,0,128,1,"[100,-64,5,0,-24,-18,-24,-17,-24,-16,-24,-15,-24,-15,-24,-14,-24,-13,-24,-12,-24,-12,-24,-11,-24,-11,-24,-11,-24,-11,-24,-11,-24,-11,-23,-12,-22,-13,-21,-13,-21,-13,-20,-13,-20,-13,-19,-13,-18,-13,-17,-14,-16,-15,-4,-4,0,0,0,0,0,0,0,0,0,0,0,0,0,0,0,0,0,0,-5,-3,-18,-12,-17,-13,-16,-15,-16,-16,-16,-16,-16,-17,-16,-18,-15,-19,-15,-19,-16,-19,-16,-20,-16,-20,-17,-20,-17,-20,-18,-20,-19,-19,-19,-19,-20,-19,-20,-18,-20,-18,-21,-17,-22,-17,-22,-18,-23,-18,-23,-18,-23,-19]"
CSI_DATA,226206,d8:b1:90:db:e8:90,-51,11,1,7,0,0,1,0,0,0,1,-96,0,4,0,-797896865,0,100,0,128,1,"[100,-64,5,0,-11,-26,-11,-25,-11,-25,-12,-24,-12,-23,-12,-23,-12,-22,-13,-22,-13,-21,-13,-21,-14,-21,-14,-20,-14,-20,-14,-20,-14,-20,-14,-20,-13,-20,-13,-19,-12,-19,-11,-19,-11,-19,-10,-19,-10,-19,-9,-19,-8,-19,-2,-5,0,0,0,0,0,0,0,0,0,0,0,0,0,0,0,0,0,0,-3,-5,-11,-17,-10,-18,-10,-19,-10,-19,-9,-20,-9,-20,-8,-21,-8,-21,-8,-22,-7,-23,-6,-23,-6,-23,-6,-23,-6,-24,-6,-24,-7,-24,-7,-24,-8,-25,-8,-25,-9,-25,-9,-25,-10,-25,-10,-25,-10,-24,-10,-25,-10,-25]"
CSI_DATA,226207,d8:b1:90:db:e8:90,-51,11,1,7,0,0,1,0,0,0,1,-96,0,4,0,-797882398,0,100,0,128,1,"[100,-64,5,0,8,25,8,24,8,24,9,23,9,23,10,22,10,21,10,21,10,21,10,20,11,20,11,19,12,19,12,19,12,19,12,19,11,20,11,19,10,19,9,18,10,17,9,18,7,18,5,17,4,16,0,4,0,0,0,0,0,0,0,0,0,0,0,0,0,0,0,0,0,0,2,4,9,16,8,17,8,17,7,18,7,19,6,19,6,20,5,20,5,21,5,21,4,22,4,22,4,22,4,23,4,23,4,23,4,23,5,23,6,23,6,24,7,24,7,24,7,24,7,24,8,24,8,24]"
CSI_DATA,226208,d8:b1:90:db:e8:90,-51,11,1,7,0,0,1,0,0,0,1,-96,0,4,0,-797871080,0,100,0,128,1,"[100,-64,5,0,-26,11,-25,12,-25,12,-24,12,-24,12,-24,13,-23,13,-23,13,-22,13,-22,13,-22,13,-22,13,-22,13,-21,13,-21,13,-21,12,-21,12,-21,12,-20,11,-20,11,-20,10,-20,9,-20,8,-20,7,-20,6,-5,1,0,0,0,0,0,0,0,0,0,0,0,0,0,0,0,0,0,0,-5,2,-18,10,-19,9,-19,9,-20,8,-20,8,-21,8,-22,8,-23,7,-24,7,-24,7,-24,7,-24,6,-24,6,-24,6,-24,7,-24,7,-24,8,-25,8,-25,8,-25,9,-25,10,-25,10,-25,11,-26,11,-26,11,-26,11]"
CSI_DATA,226209,d8:b1:90:db:e8:90,-51,11,1,7,0,0,1,0,0,0,1,-96,0,4,0,-797858115,0,100,0,128,1,"[100,-64,5,0,23,-15,23,-15,22,-15,21,-15,20,-15,20,-15,19,-16,19,-16,18,-16,18,-16,18,-16,18,-16,17,-16,17,-16,17,-16,17,-16,17,-16,17,-16,16,-15,17,-14,17,-14,17,-13,17,-11,17,-10,17,-9,4,-3,0,0,0,0,0,0,0,0,0,0,0,0,0,0,0,0,0,0,4,-4,16,-13,17,-12,17,-12,18,-11,18,-11,19,-11,20,-11,20,-11,21,-10,22,-10,22,-10,22,-10,22,-10,22,-10,22,-10,22,-10,22,-11,22,-11,22,-12,22,-12,22,-13,22,-13,22,-13,23,-13,23,-14,23,-14]"
CSI_DATA,226210,d8:b1:90:db:e8:90,-51,11,1,7,0,0,1,0,0,0,1,-96,0,4,0,-797841912,0,100,0,128,1,"[100,-64,5,0,-6,-24,-6,-24,-6,-23,-7,-22,-7,-22,-7,-22,-7,-21,-8,-21,-8,-20,-8,-20,-9,-20,-9,-20,-9,-20,-9,-20,-9,-20,-9,-20,-9,-20,-8,-20,-8,-19,-7,-19,-7,-18,-6,-18,-6,-18,-5,-18,-4,-18,-1,-5,0,0,0,0,0,0,0,0,0,0,0,0,0,0,0,0,0,0,-2,-5,-6,-18,-5,-18,-4,-18,-4,-19,-3,-19,-3,-20,-3,-20,-2,-20,-2,-21,-2,-21,-2,-21,-2,-22,-2,-22,-2,-22,-2,-22,-2,-22,-2,-22,-3,-22,-3,-22,-4,-22,-4,-23,-4,-23,-5,-23,-5,-23,-5,-23,-5,-24]"
CSI_DATA,226211,d8:b1:90:db:e8:90,-51,11,1,7,0,0,1,0,0,0,1,-96,0,4,0,-797831801,0,100,0,128,1,"[100,-64,5,0,-23,-19,-23,-19,-23,-18,-24,-18,-24,-17,-24,-17,-24,-16,-23,-16,-23,-15,-23,-15,-23,-14,-24,-14,-24,-14,-23,-14,-23,-14,-23,-14,-22,-14,-22,-14,-21,-14,-21,-14,-20,-14,-20,-14,-19,-15,-18,-15,-17,-15,-5,-4,0,0,0,0,0,0,0,0,0,0,0,0,0,0,0,0,0,0,-5,-4,-18,-13,-18,-14,-17,-15,-17,-16,-17,-17,-17,-17,-17,-17,-18,-18,-18,-19,-17,-20,-17,-21,-17,-21,-17,-22,-17,-21,-17,-21,-18,-21,-18,-20,-19,-20,-19,-20,-20,-20,-20,-20,-21,-20,-22,-20,-23,-20,-23,-20,-23,-20]"
CSI_DATA,226212,d8:b1:90:db:e8:90,-51,11,1,7,0,0,1,0,0,0,0,-96,0,4,0,-797802171,0,100,0,128,1,"[100,-64,5,0,-20,14,-20,14,-19,14,-19,15,-19,15,-18,15,-18,15,-17,15,-16,15,-16,15,-16,15,-16,16,-16,16,-16,16,-16,16,-16,15,-16,14,-15,14,-15,13,-15,13,-15,12,-15,12,-15,11,-16,10,-16,10,-4,2,0,0,0,0,0,0,0,0,0,0,0,0,0,0,0,0,0,0,-4,3,-14,12,-15,12,-16,11,-16,11,-17,11,-17,11,-18,11,-18,11,-18,11,-19,10,-20,10,-20,10,-20,10,-20,10,-20,10,-20,10,-20,11,-20,11,-20,11,-19,11,-19,12,-20,13,-20,14,-20,14,-20,14,-20,14]"
CSI_DATA,226213,d8:b1:90:db:e8:90,-51,11,1,7,0,0,1,0,0,0,0,-96,0,4,0,-797789849,0,100,0,128,1,"[100,-64,5,0,-20,18,-20,18,-20,18,-19,18,-19,18,-18,18,-17,18,-17,18,-16,18,-16,18,-15,18,-16,18,-16,18,-16,18,-15,18,-15,17,-15,17,-15,16,-16,16,-16,15,-16,15,-16,14,-16,14,-16,13,-17,12,-5,2,0,0,0,0,0,0,0,0,0,0,0,0,0,0,0,0,0,0,-4,4,-13,15,-14,15,-14,14,-15,14,-15,14,-16,14,-17,14,-18,14,-18,14,-19,14,-19,14,-19,13,-19,14,-19,14,-19,14,-20,14,-20,15,-20,15,-20,15,-20,16,-19,17,-19,17,-19,17,-20,17,-20,18,-20,18]"
CSI_DATA,226214,d8:b1:90:db:e8:90,-68,11,1,7,0,0,1,0,0,0,0,-96,0,4,0,-797776877,0,100,0,128,1,"[100,-64,5,0,-10,-25,-9,-25,-9,-25,-9,-25,-9,-25,-9,-25,-10,-25,-10,-24,-9,-23,-9,-23,-9,-23,-9,-23,-9,-22,-10,-22,-12,-22,-12,-22,-10,-22,-8,-23,-9,-21,-10,-19,-11,-19,-13,-19,-15,-18,-15,-20,-12,-27,-3,-8,0,0,0,0,0,0,0,0,0,0,0,0,0,0,0,0,0,0,0,-4,1,-14,1,-14,1,-14,2,-15,2,-15,2,-15,3,-14,3,-15,3,-15,3,-14,3,-14,2,-15,2,-16,1,-16,0,-16,-1,-16,-2,-16,-3,-17,-4,-18,-5,-19,-6,-19,-6,-19,-7,-20,-8,-21,-8,-21,-8,-22]"
CSI_DATA,226215,d8:b1:90:db:e8:90,-70,11,1,7,0,0,1,0,0,0,0,-96,0,4,0,-797765476,0,100,0,128,1,"[100,-64,5,0,16,-22,17,-23,17,-22,17,-22,18,-21,18,-21,18,-21,18,-21,18,-20,19,-19,19,-19,18,-19,18,-18,18,-17,18,-17,17,-16,16,-16,14,-16,13,-16,13,-16,11,-16,10,-16,12,-18,14,-19,12,-18,2,-5,0,0,0,0,0,0,0,0,0,0,0,0,0,0,0,0,0,0,2,-4,12,-13,13,-12,13,-12,14,-12,14,-11,15,-11,15,-11,15,-11,16,-10,16,-10,15,-9,15,-9,15,-10,15,-10,14,-10,14,-11,14,-12,13,-13,12,-14,12,-14,12,-15,13,-16,13,-17,13,-19,14,-20,14,-19]"
CSI_DATA,226216,d8:b1:90:db:e8:90,-69,11,1,7,0,0,1,0,0,0,0,-96,0,4,0,-797751681,0,100,0,128,1,"[100,-64,5,0,18,15,18,15,18,16,18,16,17,16,17,16,17,16,16,16,16,15,15,16,15,16,15,16,15,15,14,15,14,15,14,14,14,13,13,12,13,12,13,12,14,12,14,12,13,12,14,13,14,14,3,3,0,0,0,0,0,0,0,0,0,0,0,0,0,0,0,0,0,0,2,2,8,9,8,10,7,10,7,11,7,11,6,11,6,11,6,11,6,11,6,11,6,11,6,11,6,11,7,11,7,11,8,10,9,9,10,10,11,10,11,10,12,11,13,11,14,11,15,11,16,12,15,12]"
CSI_DATA,226217,d8:b1:90:db:e8:90,-51,11,1,7,0,0,1,0,0,0,0,-96,0,4,0,-797734990,0,100,0,128,1,"[100,-64,5,0,-15,24,-15,24,-15,24,-14,25,-13,25,-13,24,-12,24,-11,25,-11,24,-10,24,-10,24,-10,23,-10,23,-10,23,-10,23,-10,23,-10,23,-10,22,-11,22,-11,21,-11,20,-11,20,-12,19,-13,19,-14,18,-4,4,0,0,0,0,0,0,0,0,0,0,0,0,0,0,0,0,0,0,-3,4,-9,19,-10,19,-12,18,-12,18,-13,18,-14,19,-14,19,-15,19,-15,19,-16,19,-16,20,-17,20,-16,20,-17,20,-18,20,-18,20,-18,21,-17,21,-16,21,-16,21,-15,22,-16,23,-16,23,-16,24,-16,24,-16,24]"
CSI_DATA,226218,d8:b1:90:db:e8:90,-51,11,1,7,0,0,1,0,0,0,0,-96,0,4,0,-797722435,0,100,0,128,1,"[100,-64,5,0,-28,-13,-27,-12,-27,-12,-27,-11,-27,-10,-26,-10,-26,-9,-26,-9,-26,-8,-26,-7,-26,-7,-26,-7,-26,-7,-26,-7,-26,-7,-26,-7,-25,-7,-24,-7,-24,-8,-23,-8,-23,-8,-23,-8,-22,-9,-21,-10,-20,-11,-5,-3,0,0,0,0,0,0,0,0,0,0,0,0,0,0,0,0,0,0,-6,-3,-21,-9,-21,-10,-20,-11,-20,-12,-20,-12,-20,-13,-20,-13,-20,-14,-21,-15,-21,-15,-21,-15,-21,-15,-21,-15,-22,-16,-22,-16,-23,-16,-23,-15,-23,-15,-24,-15,-24,-14,-25,-14,-25,-14,-25,-13,-26,-13,-26,-13,-27,-13]"
CSI_DATA,226219,d8:b1:90:db:e8:90,-53,11,1,7,0,0,1,0,0,0,0,-96,0,4,0,-797697718,0,100,0,128,1,"[100,-64,5,0,-1,25,-1,24,0,23,1,21,1,20,1,20,0,19,-2,18,-2,18,-2,17,-3,18,-4,18,-4,19,-4,19,-4,19,-6,20,-6,21,-6,20,-7,20,-8,21,-8,21,-9,20,-9,21,-9,22,-10,23,-3,5,0,0,0,0,0,0,0,0,0,0,0,0,0,0,0,0,0,0,-1,4,-1,18,-2,18,-3,19,-3,19,-4,19,-3,21,-3,23,-3,24,-3,25,-4,25,-6,23,-7,22,-8,23,-7,24,-6,27,-6,28,-5,28,-5,27,-5,26,-4,25,-4,26,-3,27,-2,28,-1,28,0,28,1,26]"
CSI_DATA,226220,d8:b1:90:db:e8:90,-54,11,1,7,0,0,1,0,0,0,0,-96,0,4,0,-797686634,0,100,0,128,1,"[100,-64,5,0,11,22,11,21,11,20,10,18,10,17,10,17,9,16,7,17,7,17,7,16,7,17,6,18,6,18,6,18,6,19,6,20,5,21,5,21,4,21,4,22,4,22,3,22,3,22,3,24,3,24,0,6,0,0,0,0,0,0,0,0,0,0,0,0,0,0,0,0,0,0,1,3,7,16,6,16,6,17,5,17,5,18,6,19,8,20,9,21,9,22,7,22,5,22,4,23,4,23,4,24,6,25,8,26,8,26,8,25,8,24,8,23,9,24,10,24,11,24,12,24,12,24,13,22]"
CSI_DATA,226221,d8:b1:90:db:e8:90,-51,11,1,7,0,0,1,0,0,0,0,-96,0,4,0,-797671762,0,100,0,128,1,"[100,-64,5,0,-12,-25,-13,-24,-13,-24,-13,-23,-13,-23,-13,-22,-14,-22,-14,-21,-14,-21,-15,-20,-16,-20,-16,-19,-15,-19,-15,-19,-15,-19,-15,-19,-14,-19,-13,-19,-13,-19,-12,-19,-12,-19,-11,-19,-10,-19,-9,-19,-8,-20,-2,-5,0,0,0,0,0,0,0,0,0,0,0,0,0,0,0,0,0,0,-3,-5,-10,-18,-9,-18,-8,-19,-8,-20,-8,-21,-8,-21,-8,-21,-7,-22,-7,-23,-7,-23,-7,-23,-7,-23,-8,-23,-8,-23,-8,-23,-8,-23,-9,-23,-9,-23,-10,-23,-10,-23,-11,-23,-11,-23,-12,-23,-13,-23,-13,-23,-13,-24]"
CSI_DATA,226222,d8:b1:90:db:e8:90,-51,11,1,7,0,0,1,0,0,0,0,-96,0,4,0,-797661053,0,100,0,128,1,"[100,-64,5,0,14,25,14,24,15,23,15,23,16,23,16,22,16,21,16,21,16,21,16,20,16,20,17,19,17,19,17,19,17,19,17,19,16,19,16,19,15,18,15,19,14,18,14,18,13,18,11,18,11,18,2,4,0,0,0,0,0,0,0,0,0,0,0,0,0,0,0,0,0,0,3,4,13,16,12,17,10,18,9,19,9,19,9,20,10,21,10,22,10,22,10,23,9,24,9,24,9,24,9,24,9,24,10,24,10,24,11,24,11,24,12,24,12,24,13,24,13,24,14,24,14,25,14,25]"
CSI_DATA,226223,d8:b1:90:db:e8:90,-51,11,1,7,0,0,1,0,0,0,0,-96,0,4,0,-797651051,0,100,0,128,1,"[100,-64,5,0,-23,-14,-23,-14,-23,-13,-22,-13,-22,-12,-22,-12,-22,-12,-22,-11,-22,-11,-22,-11,-22,-10,-22,-10,-22,-9,-22,-9,-22,-9,-21,-9,-21,-9,-21,-9,-20,-10,-20,-10,-19,-10,-19,-10,-18,-10,-17,-11,-16,-11,-4,-3,0,0,0,0,0,0,0,0,0,0,0,0,0,0,0,0,0,0,-5,-2,-18,-8,-18,-9,-17,-11,-16,-11,-16,-12,-17,-12,-17,-13,-18,-14,-18,-14,-18,-15,-18,-16,-18,-16,-18,-16,-18,-16,-19,-16,-19,-15,-19,-15,-20,-15,-20,-15,-20,-15,-20,-15,-21,-14,-21,-14,-22,-14,-22,-14,-22,-15]"
CSI_DATA,226224,d8:b1:90:db:e8:90,-51,11,1,7,0,0,1,0,0,0,1,-96,0,4,0,-797636160,0,100,0,128,1,"[100,-64,5,0,-17,-26,-17,-25,-17,-25,-17,-24,-17,-24,-17,-23,-18,-23,-18,-22,-18,-22,-18,-21,-18,-21,-18,-21,-18,-21,-17,-21,-17,-21,-16,-21,-16,-21,-15,-20,-15,-20,-14,-20,-14,-20,-13,-20,-12,-20,-11,-21,-11,-22,-3,-6,0,0,0,0,0,0,0,0,0,0,0,0,0,0,0,0,0,0,-4,-4,-14,-16,-14,-17,-13,-18,-13,-19,-12,-19,-12,-20,-12,-21,-11,-22,-11,-23,-11,-24,-10,-24,-10,-24,-11,-25,-11,-25,-11,-26,-12,-26,-12,-25,-13,-25,-14,-25,-14,-25,-15,-25,-15,-25,-16,-25,-16,-25,-16,-25,-16,-26]"
CSI_DATA,226225,d8:b1:90:db:e8:90,-51,11,1,7,0,0,1,0,0,0,1,-96,0,4,0,-797623370,0,100,0,128,1,"[100,-64,5,0,7,25,8,24,8,24,8,23,8,22,8,22,8,22,9,21,9,21,9,20,9,20,9,20,10,20,9,20,10,20,10,20,9,20,9,19,8,19,8,19,7,19,6,19,6,19,5,19,4,19,1,4,0,0,0,0,0,0,0,0,0,0,0,0,0,0,0,0,0,0,1,4,6,17,6,17,5,19,4,19,4,20,3,20,3,20,3,21,4,22,3,22,3,22,2,23,2,23,2,23,2,23,2,23,3,23,3,22,4,22,5,23,6,23,5,23,5,24,5,25,6,26,6,25]"
CSI_DATA,226226,d8:b1:90:db:e8:90,-51,11,1,7,0,0,1,0,0,0,1,-96,0,4,0,-797596640,0,100,0,128,1,"[100,-64,5,0,-13,23,-13,23,-12,22,-12,22,-11,22,-11,22,-10,22,-9,22,-9,22,-8,22,-8,22,-8,23,-8,23,-8,23,-7,22,-8,22,-8,21,-8,21,-8,20,-8,20,-9,19,-9,19,-9,18,-10,17,-11,17,-3,4,0,0,0,0,0,0,0,0,0,0,0,0,0,0,0,0,0,0,-2,4,-8,17,-9,17,-10,18,-10,18,-11,18,-12,18,-12,18,-12,18,-13,18,-13,18,-14,18,-14,18,-14,18,-14,19,-15,19,-15,19,-15,20,-14,20,-13,21,-13,21,-12,22,-13,22,-13,23,-14,23,-14,23,-14,24]"
CSI_DATA,226227,d8:b1:90:db:e8:90,-51,11,1,7,0,0,1,0,0,0,1,-96,0,4,0,-797584037,0,100,0,128,1,"[100,-64,5,0,-15,-23,-15,-22,-15,-21,-15,-21,-16,-21,-16,-20,-16,-20,-16,-20,-16,-19,-16,-19,-17,-18,-17,-18,-17,-18,-16,-18,-16,-18,-16,-18,-16,-18,-15,-19,-15,-18,-14,-17,-14,-17,-13,-16,-13,-16,-12,-17,-10,-18,-3,-5,0,0,0,0,0,0,0,0,0,0,0,0,0,0,0,0,0,0,-4,-4,-13,-15,-12,-16,-12,-17,-12,-17,-11,-18,-11,-18,-12,-19,-12,-20,-12,-20,-11,-21,-11,-21,-11,-21,-11,-22,-11,-22,-11,-22,-11,-22,-12,-22,-12,-22,-13,-22,-13,-22,-14,-22,-14,-23,-14,-23,-15,-23,-15,-23,-15,-23]"
CSI_DATA,226228,d8:b1:90:db:e8:90,-51,11,1,7,0,0,1,0,0,0,1,-96,0,4,0,-797566789,0,100,0,128,1,"[100,-64,5,0,21,16,21,15,21,15,21,14,20,14,20,13,20,13,20,12,20,12,20,11,21,11,21,11,21,10,20,10,20,11,20,11,19,11,19,11,18,11,18,11,17,11,17,11,16,11,15,12,14,12,3,3,0,0,0,0,0,0,0,0,0,0,0,0,0,0,0,0,0,0,4,2,17,9,16,10,15,12,15,13,15,13,15,14,15,15,15,15,15,16,15,16,16,17,16,17,16,17,16,17,15,17,16,17,16,17,17,17,18,17,18,17,19,16,19,16,20,16,20,16,20,16,21,16]"
CSI_DATA,226229,d8:b1:90:db:e8:90,-51,11,1,7,0,0,1,0,0,0,1,-96,0,4,0,-797556638,0,100,0,128,1,"[100,-64,5,0,19,-19,19,-19,18,-19,17,-19,17,-18,16,-18,16,-18,16,-19,15,-19,15,-19,15,-19,14,-20,14,-20,14,-20,14,-19,14,-19,14,-18,14,-18,14,-17,14,-17,14,-16,14,-15,15,-14,15,-13,15,-12,3,-3,0,0,0,0,0,0,0,0,0,0,0,0,0,0,0,0,0,0,3,-4,12,-15,13,-15,14,-14,14,-13,15,-13,16,-13,17,-13,18,-13,18,-13,18,-13,19,-13,19,-13,19,-13,19,-13,19,-14,19,-14,19,-14,19,-15,19,-15,19,-16,19,-16,19,-17,19,-17,19,-18,19,-18,19,-19]"
CSI_DATA,226230,d8:b1:90:db:e8:90,-51,11,1,7,0,0,1,0,0,0,1,-96,0,4,0,-797545804,0,100,0,128,1,"[100,-64,5,0,20,23,20,22,20,22,19,21,19,20,19,19,19,19,20,18,20,18,20,17,20,17,20,16,21,16,21,16,20,16,20,16,19,16,19,16,18,16,17,16,17,16,16,16,15,16,14,17,13,17,3,4,0,0,0,0,0,0,0,0,0,0,0,0,0,0,0,0,0,0,3,3,15,15,14,16,13,17,12,18,12,19,12,20,12,21,12,21,12,22,12,23,12,23,12,23,12,23,12,23,13,22,13,22,14,22,14,23,14,23,15,23,16,23,17,23,18,23,18,23,18,23,19,23]"
CSI_DATA,226231,d8:b1:90:db:e8:90,-51,11,1,7,0,0,1,0,0,0,1,-96,0,4,0,-797533590,0,100,0,128,1,"[100,-64,5,0,-17,-22,-17,-21,-17,-21,-17,-20,-16,-20,-17,-20,-17,-19,-17,-19,-17,-18,-17,-18,-17,-17,-17,-17,-17,-17,-17,-17,-17,-17,-17,-16,-16,-16,-15,-16,-15,-16,-14,-16,-14,-16,-13,-16,-12,-16,-12,-17,-11,-17,-3,-5,0,0,0,0,0,0,0,0,0,0,0,0,0,0,0,0,0,0,-4,-4,-15,-13,-15,-14,-13,-15,-13,-16,-13,-16,-13,-17,-12,-18,-12,-18,-12,-19,-12,-20,-12,-20,-12,-20,-12,-21,-13,-21,-13,-21,-13,-20,-14,-20,-14,-20,-15,-20,-15,-20,-16,-21,-16,-21,-16,-20,-17,-20,-17,-20,-17,-21]"
CSI_DATA,226232,d8:b1:90:db:e8:90,-51,11,1,7,0,0,1,0,0,0,1,-96,0,4,0,-797499820,0,100,0,128,1,"[100,-64,5,0,16,21,16,21,16,21,16,20,16,20,16,19,16,18,16,18,16,17,16,17,17,16,17,17,17,17,17,17,17,17,16,17,16,16,16,16,15,16,14,16,14,16,13,15,12,16,12,17,11,17,2,4,0,0,0,0,0,0,0,0,0,0,0,0,0,0,0,0,0,0,3,3,13,14,12,15,11,16,11,17,10,17,10,18,10,18,10,19,10,20,10,20,10,20,10,20,10,20,10,21,10,22,11,22,11,22,12,22,12,21,13,21,13,21,14,21,15,21,15,22,15,22,16,22]"
CSI_DATA,226233,d8:b1:90:db:e8:90,-51,11,1,7,0,0,1,0,0,0,1,-96,0,4,0,-797488287,0,100,0,128,1,"[100,-64,5,0,2,26,2,26,3,25,3,25,4,24,4,24,4,23,5,23,5,23,6,22,6,22,6,22,6,21,6,21,6,21,6,22,5,22,5,22,4,21,4,21,3,20,3,20,2,19,1,19,0,19,0,4,0,0,0,0,0,0,0,0,0,0,0,0,0,0,0,0,0,0,1,4,3,18,2,19,1,19,0,19,0,20,-1,20,-1,21,-1,21,-1,21,-1,22,-1,22,-2,22,-1,22,-1,22,-2,23,-2,23,-1,23,-1,23,0,24,0,24,1,24,2,24,2,25,2,25,2,25,3,26]"
CSI_DATA,226234,d8:b1:90:db:e8:90,-51,11,1,7,0,0,1,0,0,0,1,-96,0,4,0,-797477601,0,100,0,128,1,"[100,-64,5,0,12,23,12,22,12,22,12,22,12,21,12,20,12,20,13,20,13,19,13,19,13,18,13,18,13,18,13,18,13,18,13,18,12,18,11,18,11,18,11,18,11,18,10,18,9,17,8,15,7,15,1,3,0,0,0,0,0,0,0,0,0,0,0,0,0,0,0,0,0,0,2,3,11,15,10,16,8,17,8,17,8,18,8,18,8,19,7,19,7,20,7,20,7,20,7,20,7,21,7,21,7,21,7,22,8,21,8,21,9,22,9,22,10,22,10,22,11,22,11,22,11,23,12,23]"
CSI_DATA,226235,d8:b1:90:db:e8:90,-51,11,1,7,0,0,1,0,0,0,1,-96,0,4,0,-797464879,0,100,0,128,1,"[100,-64,5,0,14,25,14,25,15,24,15,24,15,23,15,22,15,22,16,21,16,21,16,21,16,20,16,19,16,19,16,19,16,19,16,20,15,20,15,19,14,19,13,19,13,18,12,18,10,19,9,19,8,20,2,5,0,0,0,0,0,0,0,0,0,0,0,0,0,0,0,0,0,0,3,4,13,17,12,18,11,19,10,20,10,20,9,21,9,22,9,22,9,23,8,23,7,23,7,23,7,24,8,24,8,25,8,25,9,25,9,25,10,25,11,24,12,25,12,25,13,26,13,26,13,26,14,26]"
CSI_DATA,226236,d8:b1:90:db:e8:90,-52,11,1,7,0,0,1,0,0,0,1,-96,0,4,0,-797454174,0,100,0,128,1,"[100,-64,5,0,-30,3,-29,3,-28,4,-27,5,-27,4,-26,5,-26,5,-25,6,-25,8,-25,8,-25,8,-24,9,-24,9,-23,8,-23,9,-24,8,-24,8,-23,8,-23,7,-22,6,-22,6,-22,5,-22,4,-22,4,-22,3,-6,0,0,0,0,0,0,0,0,0,0,0,0,0,0,0,0,0,0,0,-6,1,-22,4,-22,4,-22,3,-23,2,-23,2,-24,2,-24,2,-25,1,-25,1,-25,1,-26,1,-26,0,-26,1,-26,1,-26,0,-26,1,-26,1,-26,1,-26,2,-27,3,-27,4,-27,4,-28,4,-28,4,-28,5,-29,5]"
CSI_DATA,226237,d8:b1:90:db:e8:90,-51,11,1,7,0,0,1,0,0,0,1,-96,0,4,0,-797442980,0,100,0,128,1,"[100,-64,5,0,21,-17,20,-16,20,-17,19,-17,18,-17,18,-17,17,-17,17,-18,16,-18,16,-18,15,-18,15,-18,15,-18,15,-18,15,-18,15,-18,15,-18,15,-17,14,-17,14,-16,14,-16,15,-15,15,-14,15,-13,16,-12,4,-3,0,0,0,0,0,0,0,0,0,0,0,0,0,0,0,0,0,0,3,-4,13,-14,14,-14,15,-14,15,-13,16,-13,17,-13,17,-13,18,-13,18,-13,19,-13,19,-13,20,-13,20,-13,19,-13,19,-13,19,-13,19,-14,19,-14,19,-15,19,-16,19,-16,19,-17,19,-16,19,-17,20,-17,20,-17]"
CSI_DATA,226238,d8:b1:90:db:e8:90,-51,11,1,7,0,0,1,0,0,0,1,-96,0,4,0,-797429847,0,100,0,128,1,"[100,-64,5,0,7,22,7,22,8,21,8,20,8,20,8,19,8,19,9,18,9,18,10,18,10,17,10,17,10,17,10,17,10,17,10,17,9,17,9,16,8,16,8,16,8,16,7,16,6,16,5,16,4,16,1,4,0,0,0,0,0,0,0,0,0,0,0,0,0,0,0,0,0,0,2,3,8,15,7,15,7,16,6,17,6,17,6,17,5,18,5,18,5,19,5,19,5,20,5,20,5,20,5,20,5,20,5,20,5,20,6,20,6,20,7,20,7,20,8,21,8,21,8,21,8,21,8,21]"
CSI_DATA,226239,d8:b1:90:db:e8:90,-51,11,1,7,0,0,1,0,0,0,1,-96,0,4,0,-797415310,0,100,0,128,1,"[100,-64,5,0,-1,24,0,24,0,23,0,22,0,22,1,22,1,21,2,21,2,21,2,20,3,20,3,20,3,20,3,20,3,20,2,20,2,20,1,20,1,19,0,18,0,18,-1,17,-1,17,-2,17,-3,17,-1,4,0,0,0,0,0,0,0,0,0,0,0,0,0,0,0,0,0,0,0,4,1,17,0,17,-1,17,-1,18,-2,18,-2,18,-3,18,-3,19,-3,19,-4,20,-4,20,-4,20,-4,20,-4,20,-4,20,-4,20,-3,20,-3,21,-3,22,-2,22,-2,22,-2,23,-2,23,-1,23,-1,24,-1,24]"
CSI_DATA,226240,d8:b1:90:db:e8:90,-51,11,1,7,0,0,1,0,0,0,1,-96,0,4,0,-797387495,0,100,0,128,1,"[100,-64,5,0,26,-2,26,-2,25,-2,24,-2,24,-3,23,-3,23,-3,23,-4,23,-4,23,-4,23,-5,22,-5,22,-5,22,-5,22,-5,22,-5,21,-5,21,-5,21,-4,20,-4,20,-4,20,-3,20,-2,19,-1,19,0,4,0,0,0,0,0,0,0,0,0,0,0,0,0,0,0,0,0,0,0,4,-1,18,-4,18,-3,19,-1,19,0,19,0,20,0,21,1,21,1,22,1,22,2,22,2,22,2,22,2,23,2,23,2,23,2,23,1,23,1,23,0,24,-1,24,-1,25,-2,25,-2,25,-2,25,-2,25,-2]"
CSI_DATA,226241,d8:b1:90:db:e8:90,-51,11,1,7,0,0,1,0,0,0,1,-96,0,4,0,-797373353,0,100,0,128,1,"[100,-64,5,0,16,19,16,18,17,18,17,18,17,17,17,16,17,16,17,15,18,14,18,14,18,14,18,14,18,14,18,14,17,14,16,14,16,14,15,14,15,14,14,14,14,14,13,14,12,14,11,15,9,15,2,3,0,0,0,0,0,0,0,0,0,0,0,0,0,0,0,0,0,0,3,3,13,13,13,13,12,14,12,15,12,16,12,16,12,17,12,17,12,18,12,18,13,19,13,19,13,19,13,19,13,19,13,19,13,18,14,18,15,18,15,18,16,18,16,19,16,19,16,19,17,19,17,19]"
CSI_DATA,226242,d8:b1:90:db:e8:90,-51,11,1,7,0,0,1,0,0,0,1,-96,0,4,0,-797361830,0,100,0,128,1,"[100,-64,5,0,26,-5,25,-5,25,-5,24,-6,24,-6,24,-7,23,-7,23,-8,22,-9,22,-9,22,-9,22,-9,22,-8,22,-8,21,-8,21,-8,21,-7,21,-7,20,-7,20,-6,20,-5,20,-4,20,-3,20,-2,20,-1,5,0,0,0,0,0,0,0,0,0,0,0,0,0,0,0,0,0,0,0,4,-2,18,-6,18,-5,19,-4,19,-4,20,-3,20,-3,21,-3,22,-3,22,-3,23,-2,23,-2,24,-2,24,-2,24,-2,23,-2,23,-2,23,-3,23,-3,24,-4,24,-5,24,-6,25,-5,25,-5,26,-4,26,-5,26,-6]"
CSI_DATA,226243,d8:b1:90:db:e8:90,-51,11,1,7,0,0,1,0,0,0,1,-96,0,4,0,-797349715,0,100,0,128,1,"[100,-64,5,0,3,25,4,25,4,24,4,24,4,24,4,23,5,23,5,23,6,22,6,22,6,22,6,22,5,22,5,22,5,22,5,21,5,21,5,21,5,20,4,21,4,20,3,20,2,19,2,19,1,19,0,4,0,0,0,0,0,0,0,0,0,0,0,0,0,0,0,0,0,0,1,4,4,17,3,18,2,18,1,19,1,19,1,20,1,21,0,21,0,22,0,22,0,23,0,23,0,23,0,23,1,23,1,23,1,23,2,24,2,24,3,24,3,25,3,25,3,26,3,26,3,26,3,26]"
CSI_DATA,226244,d8:b1:90:db:e8:90,-51,11,1,7,0,0,1,0,0,0,1,-96,0,4,0,-797339309,0,100,0,128,1,"[100,-64,5,0,7,-26,7,-26,7,-25,7,-25,6,-25,5,-25,5,-24,4,-25,4,-25,3,-24,3,-24,3,-24,3,-24,3,-24,3,-23,3,-23,3,-23,4,-23,4,-22,4,-22,5,-22,5,-21,5,-21,6,-20,6,-19,1,-5,0,0,0,0,0,0,0,0,0,0,0,0,0,0,0,0,0,0,1,-5,4,-19,5,-19,6,-19,7,-19,7,-19,8,-20,8,-20,9,-21,9,-21,10,-21,10,-22,10,-22,10,-22,10,-22,9,-23,9,-23,9,-23,9,-24,8,-24,8,-24,8,-25,8,-25,9,-26,9,-26,8,-26,8,-26]"
CSI_DATA,226245,d8:b1:90:db:e8:90,-52,11,1,7,0,0,1,0,0,0,1,-96,0,4,0,-797329300,0,100,0,128,1,"[100,-64,5,0,-23,18,-23,18,-22,18,-21,18,-20,18,-20,18,-20,18,-20,17,-19,17,-19,18,-18,18,-18,18,-18,19,-18,19,-18,19,-17,18,-17,18,-17,17,-17,16,-17,16,-17,15,-17,14,-17,14,-18,13,-19,12,-5,3,0,0,0,0,0,0,0,0,0,0,0,0,0,0,0,0,0,0,-4,4,-15,16,-16,15,-16,14,-17,14,-18,14,-18,14,-19,14,-20,14,-20,15,-21,15,-21,14,-21,14,-21,14,-21,14,-22,14,-22,14,-22,14,-22,15,-22,15,-22,16,-22,17,-22,18,-22,18,-22,19,-22,19,-23,19]"
CSI_DATA,226246,d8:b1:90:db:e8:90,-51,11,1,7,0,0,1,0,0,0,1,-96,0,4,0,-797319236,0,100,0,128,1,"[100,-64,5,0,7,21,8,21,8,21,8,21,8,21,8,20,8,20,9,19,9,18,9,18,10,18,10,18,10,18,10,18,10,18,9,18,9,18,9,17,8,17,8,17,7,16,7,16,6,16,6,17,5,17,1,4,0,0,0,0,0,0,0,0,0,0,0,0,0,0,0,0,0,0,1,3,6,15,5,16,4,16,4,17,3,18,3,18,3,18,3,19,2,19,3,20,3,20,3,20,3,20,4,20,4,21,4,20,4,20,5,20,5,20,5,21,6,21,6,21,6,21,6,22,7,22,7,22]"
CSI_DATA,226247,d8:b1:90:db:e8:90,-51,11,1,7,0,0,1,0,0,0,1,-96,0,4,0,-797294127,0,100,0,128,1,"[100,-64,5,0,-21,-18,-21,-17,-21,-17,-21,-17,-21,-17,-21,-16,-21,-15,-21,-15,-21,-14,-21,-13,-22,-13,-22,-13,-21,-14,-21,-13,-21,-13,-21,-13,-20,-13,-20,-13,-19,-13,-19,-13,-18,-13,-18,-13,-17,-13,-16,-14,-16,-14,-4,-4,0,0,0,0,0,0,0,0,0,0,0,0,0,0,0,0,0,0,-5,-3,-16,-12,-16,-13,-15,-15,-15,-16,-15,-16,-15,-16,-15,-17,-15,-17,-15,-18,-16,-18,-16,-18,-16,-18,-17,-19,-17,-19,-17,-19,-17,-18,-18,-18,-18,-18,-18,-18,-18,-18,-19,-18,-19,-18,-20,-18,-20,-19,-21,-19,-21,-18]"
CSI_DATA,226248,d8:b1:90:db:e8:90,-51,11,1,7,0,0,1,0,0,0,1,-96,0,4,0,-797283039,0,100,0,128,1,"[100,-64,5,0,-21,-12,-23,-13,-20,-11,-20,-6,-24,-4,-24,-5,-20,-3,-21,2,-24,3,-21,1,-18,5,-21,10,-23,8,-17,8,-15,13,-19,14,-18,10,-12,11,-12,16,-16,15,-12,12,-9,15,-12,17,-12,13,-6,11,-1,2,0,0,0,0,0,0,0,0,0,0,0,0,0,0,0,0,0,0,4,-5,16,-15,14,-10,10,-11,11,-17,14,-14,11,-12,8,-17,10,-20,11,-17,7,-17,6,-21,8,-21,6,-19,1,-21,2,-23,2,-21,-1,-20,-5,-22,-5,-23,-5,-21,-8,-20,-11,-20,-12,-21,-13,-19,-17,-17,-20,-17]"
CSI_DATA,226249,d8:b1:90:db:e8:90,-51,11,1,7,0,0,1,0,0,0,1,-96,0,4,0,-797272073,0,100,0,128,1,"[100,-64,5,0,8,-26,8,-26,7,-25,7,-25,6,-25,5,-25,5,-25,4,-25,4,-25,4,-24,3,-24,3,-24,3,-24,3,-24,3,-24,3,-24,3,-24,3,-23,3,-23,4,-22,5,-21,5,-21,5,-21,5,-20,5,-19,1,-5,0,0,0,0,0,0,0,0,0,0,0,0,0,0,0,0,0,0,0,-5,3,-19,4,-19,5,-19,6,-19,6,-19,7,-19,8,-20,8,-21,9,-21,9,-21,10,-21,10,-21,10,-22,10,-22,10,-22,9,-22,9,-23,9,-23,9,-23,8,-23,7,-24,7,-24,7,-24,7,-24,7,-25,8,-26]"
CSI_DATA,226250,d8:b1:90:db:e8:90,-51,11,1,7,0,0,1,0,0,0,1,-96,0,4,0,-797261999,0,100,0,128,1,"[100,-64,5,0,12,-23,12,-23,12,-23,11,-23,11,-23,11,-23,10,-23,9,-23,8,-23,8,-23,7,-22,7,-22,7,-22,7,-22,7,-22,7,-22,8,-21,8,-21,8,-21,8,-20,9,-20,9,-19,10,-18,10,-19,10,-20,2,-5,0,0,0,0,0,0,0,0,0,0,0,0,0,0,0,0,0,0,1,-5,6,-19,7,-18,8,-18,8,-18,9,-18,10,-18,10,-18,11,-19,11,-19,12,-19,13,-19,13,-20,13,-20,13,-20,13,-20,13,-20,13,-21,13,-21,12,-21,12,-21,11,-22,11,-22,11,-22,11,-23,11,-23,12,-24]"
CSI_DATA,226251,d8:b1:90:db:e8:90,-51,11,1,7,0,0,1,0,0,0,1,-96,0,4,0,-797249471,0,100,0,128,1,"[100,-64,5,0,-25,11,-25,11,-24,12,-24,11,-23,11,-23,12,-22,12,-21,13,-21,13,-20,13,-20,13,-20,14,-19,14,-19,14,-19,14,-19,14,-19,13,-19,13,-18,11,-18,10,-18,10,-18,9,-18,9,-19,8,-20,7,-5,1,0,0,0,0,0,0,0,0,0,0,0,0,0,0,0,0,0,0,-5,2,-17,10,-17,10,-18,9,-18,9,-19,9,-20,9,-20,8,-21,8,-21,8,-22,7,-23,7,-23,7,-23,7,-23,7,-23,6,-23,7,-23,7,-24,8,-24,8,-24,8,-24,9,-24,10,-24,10,-24,10,-24,11,-24,11]"
CSI_DATA,226252,d8:b1:90:db:e8:90,-52,11,1,7,0,0,1,0,0,0,1,-96,0,4,0,-797238727,0,100,0,128,1,"[100,-64,5,0,-21,-22,-21,-21,-21,-20,-21,-20,-21,-19,-21,-18,-21,-17,-21,-16,-21,-16,-22,-15,-22,-15,-23,-15,-23,-14,-22,-14,-22,-14,-22,-14,-21,-14,-21,-14,-20,-14,-19,-14,-18,-14,-17,-14,-17,-15,-16,-16,-16,-16,-4,-5,0,0,0,0,0,0,0,0,0,0,0,0,0,0,0,0,0,0,-5,-4,-17,-13,-17,-14,-16,-15,-17,-16,-16,-16,-16,-17,-16,-18,-16,-18,-16,-19,-16,-19,-15,-20,-15,-21,-15,-21,-16,-22,-16,-22,-16,-21,-16,-21,-17,-21,-17,-21,-18,-21,-19,-21,-19,-21,-19,-21,-20,-21,-20,-21,-21,-21]"
CSI_DATA,226253,d8:b1:90:db:e8:90,-51,11,1,7,0,0,1,0,0,0,1,-96,0,4,0,-797227070,0,100,0,128,1,"[100,-64,5,0,-27,-8,-27,-7,-26,-7,-26,-6,-25,-5,-25,-5,-25,-4,-25,-4,-25,-3,-25,-3,-25,-2,-25,-2,-25,-1,-24,-1,-24,-1,-24,-1,-23,-1,-23,-2,-22,-3,-22,-3,-22,-4,-21,-4,-21,-4,-20,-5,-20,-6,-5,-2,0,0,0,0,0,0,0,0,0,0,0,0,0,0,0,0,0,0,-5,-1,-20,-3,-20,-4,-20,-4,-20,-5,-21,-5,-21,-6,-22,-6,-22,-7,-22,-7,-22,-8,-22,-9,-22,-10,-23,-10,-23,-10,-23,-10,-23,-10,-23,-9,-23,-9,-24,-9,-24,-8,-25,-8,-26,-8,-26,-8,-26,-8,-26,-7,-27,-7]"
CSI_DATA,226254,d8:b1:90:db:e8:90,-51,11,1,7,0,0,1,0,0,0,1,-96,0,4,0,-797216942,0,100,0,128,1,"[100,-64,5,0,-1,-30,-2,-29,-2,-29,-2,-29,-2,-29,-2,-29,-3,-28,-3,-28,-4,-27,-5,-27,-5,-27,-6,-26,-6,-26,-5,-26,-5,-26,-5,-26,-4,-26,-4,-26,-4,-25,-4,-24,-3,-24,-2,-23,-1,-23,0,-23,1,-23,0,-6,0,0,0,0,0,0,0,0,0,0,0,0,0,0,0,0,0,0,-1,-6,-3,-22,-2,-22,-1,-23,0,-23,0,-24,1,-24,1,-24,2,-25,2,-25,2,-26,2,-26,2,-26,2,-27,2,-27,3,-28,3,-28,2,-28,2,-28,2,-28,1,-28,1,-29,0,-29,-1,-29,-1,-29,-1,-29,-1,-30]"
CSI_DATA,226255,d8:b1:90:db:e8:90,-51,11,1,7,0,0,1,0,0,0,1,-96,0,4,0,-797206428,0,100,0,128,1,"[100,-64,5,0,5,-29,5,-28,5,-28,5,-28,5,-28,4,-28,3,-27,3,-27,2,-27,1,-27,1,-26,1,-26,1,-26,1,-26,1,-26,1,-26,1,-25,2,-25,2,-24,2,-24,3,-23,3,-22,4,-22,5,-21,6,-21,1,-6,0,0,0,0,0,0,0,0,0,0,0,0,0,0,0,0,0,0,0,-6,2,-21,2,-22,3,-22,4,-22,4,-22,5,-23,6,-23,6,-23,7,-24,7,-24,7,-24,7,-24,7,-25,7,-25,8,-26,8,-26,8,-26,8,-26,8,-26,7,-26,7,-27,6,-27,5,-28,5,-28,5,-29,5,-29]"
CSI_DATA,226256,d8:b1:90:db:e8:90,-51,11,1,7,0,0,1,0,0,0,1,-96,0,4,0,-797183252,0,100,0,128,1,"[100,-64,5,0,-25,11,-24,11,-24,11,-24,11,-23,11,-23,12,-22,12,-21,12,-21,13,-21,13,-21,13,-21,13,-20,13,-20,14,-19,13,-19,13,-20,12,-19,11,-19,11,-20,11,-21,9,-19,8,-19,8,-19,7,-20,7,-5,1,0,0,0,0,0,0,0,0,0,0,0,0,0,0,0,0,0,0,-5,2,-17,7,-18,7,-18,7,-18,7,-18,6,-19,6,-20,7,-21,7,-22,7,-22,6,-22,6,-22,6,-23,6,-23,6,-23,7,-24,7,-23,8,-24,8,-24,9,-23,9,-24,10,-24,10,-24,11,-25,11,-25,11,-24,11]"
CSI_DATA,226257,d8:b1:90:db:e8:90,-51,11,1,7,0,0,1,0,0,0,1,-96,0,4,0,-797171382,0,100,0,128,1,"[100,-64,5,0,17,20,17,19,17,19,17,19,17,19,17,18,17,18,17,17,17,17,17,16,17,16,16,16,16,16,16,16,16,16,16,16,16,16,15,16,14,16,13,16,12,16,11,16,11,17,10,18,11,18,2,4,0,0,0,0,0,0,0,0,0,0,0,0,0,0,0,0,0,0,3,3,13,12,13,13,12,13,12,13,12,14,12,15,13,16,13,17,13,17,13,18,13,18,13,18,13,19,13,19,13,19,14,19,14,19,14,19,15,19,15,19,16,19,17,19,17,19,17,20,17,20,17,20]"
CSI_DATA,226258,d8:b1:90:db:e8:90,-51,11,1,7,0,0,1,0,0,0,1,-96,0,4,0,-797159622,0,100,0,128,1,"[100,-64,5,0,-16,18,-16,18,-16,18,-15,18,-15,18,-14,17,-13,18,-13,18,-12,18,-12,18,-12,18,-11,18,-11,18,-11,18,-11,18,-11,17,-11,17,-11,16,-11,16,-11,15,-11,15,-12,14,-12,14,-13,13,-13,12,-4,3,0,0,0,0,0,0,0,0,0,0,0,0,0,0,0,0,0,0,-3,3,-11,14,-12,13,-12,13,-13,13,-14,13,-14,13,-14,13,-15,13,-15,13,-15,14,-16,14,-16,14,-16,14,-16,14,-16,14,-16,15,-16,15,-16,16,-16,16,-15,16,-15,17,-15,17,-16,18,-16,17,-16,18,-16,18]"
CSI_DATA,226259,d8:b1:90:db:e8:90,-51,11,1,7,0,0,1,0,0,0,1,-96,0,4,0,-797149495,0,100,0,128,1,"[100,-64,5,0,-21,-18,-21,-17,-21,-16,-21,-16,-21,-16,-21,-15,-21,-14,-21,-14,-21,-14,-21,-13,-22,-12,-22,-12,-22,-12,-22,-12,-22,-12,-21,-11,-21,-11,-20,-11,-20,-11,-20,-12,-19,-12,-19,-12,-18,-12,-17,-13,-16,-14,-4,-4,0,0,0,0,0,0,0,0,0,0,0,0,0,0,0,0,0,0,-4,-3,-16,-13,-15,-14,-15,-15,-15,-15,-14,-16,-14,-17,-15,-17,-15,-17,-15,-18,-15,-18,-15,-19,-15,-19,-15,-19,-15,-19,-16,-19,-16,-19,-17,-19,-17,-19,-17,-19,-18,-18,-19,-18,-19,-18,-19,-18,-20,-18,-20,-18,-21,-18]"
CSI_DATA,226260,d8:b1:90:db:e8:90,-51,11,1,7,0,0,1,0,0,0,1,-96,0,4,0,-797138139,0,100,0,128,1,"[100,-64,5,0,-14,-23,-14,-23,-14,-23,-14,-22,-14,-21,-15,-21,-15,-20,-15,-20,-16,-20,-16,-19,-16,-19,-16,-18,-16,-18,-16,-18,-16,-18,-16,-18,-15,-18,-15,-18,-14,-18,-14,-18,-14,-18,-13,-18,-12,-18,-11,-18,-10,-18,-3,-5,0,0,0,0,0,0,0,0,0,0,0,0,0,0,0,0,0,0,-3,-5,-11,-17,-10,-17,-10,-18,-9,-19,-9,-20,-9,-20,-9,-20,-9,-21,-9,-22,-9,-22,-8,-22,-8,-23,-8,-23,-8,-23,-9,-23,-10,-23,-10,-23,-10,-23,-10,-23,-11,-23,-12,-23,-12,-23,-13,-23,-13,-23,-13,-24,-13,-24]"
CSI_DATA,226261,d8:b1:90:db:e8:90,-52,11,1,7,0,0,1,0,0,0,1,-96,0,4,0,-797121985,0,100,0,128,1,"[100,-64,5,0,-16,25,-15,25,-15,25,-14,24,-14,24,-13,24,-12,24,-12,24,-11,23,-10,24,-10,24,-11,23,-11,23,-11,23,-11,23,-11,23,-11,22,-11,22,-11,21,-12,20,-12,19,-12,19,-12,18,-13,18,-14,17,-4,4,0,0,0,0,0,0,0,0,0,0,0,0,0,0,0,0,0,0,-3,4,-9,19,-11,18,-12,18,-13,18,-14,18,-14,18,-15,18,-16,18,-16,18,-17,19,-17,19,-17,19,-17,19,-17,19,-17,19,-17,20,-17,20,-17,20,-16,21,-15,22,-15,22,-15,23,-15,23,-15,23,-15,24,-15,25]"
CSI_DATA,226262,d8:b1:90:db:e8:90,-51,11,1,7,0,0,1,0,0,0,1,-96,0,4,0,-797107302,0,100,0,128,1,"[100,-64,5,0,-9,-27,-9,-26,-10,-26,-10,-25,-10,-25,-10,-24,-10,-24,-11,-23,-11,-22,-11,-22,-12,-22,-12,-22,-11,-22,-11,-22,-11,-22,-11,-22,-10,-21,-10,-21,-9,-21,-8,-21,-8,-21,-8,-20,-7,-20,-6,-20,-5,-20,-2,-5,0,0,0,0,0,0,0,0,0,0,0,0,0,0,0,0,0,0,-2,-5,-8,-18,-7,-19,-6,-20,-5,-20,-5,-21,-4,-21,-4,-22,-4,-22,-3,-23,-3,-23,-3,-23,-3,-24,-3,-24,-3,-24,-3,-24,-4,-24,-4,-24,-5,-24,-6,-24,-6,-24,-7,-25,-7,-25,-8,-25,-8,-25,-8,-26,-8,-26]"
CSI_DATA,226263,d8:b1:90:db:e8:90,-58,11,1,7,0,0,1,0,0,0,1,-96,0,4,0,-797082414,0,100,0,128,1,"[100,-64,5,0,21,-13,21,-13,13,-6,-3,8,-10,15,-10,15,-10,16,-11,18,-11,19,-11,19,-9,20,-7,21,-5,21,-5,22,-4,23,-2,25,-2,26,-2,26,-2,25,-2,26,-2,26,-3,25,-2,26,-1,26,-2,26,-1,6,0,0,0,0,0,0,0,0,0,0,0,0,0,0,0,0,0,0,0,3,0,15,-1,15,-1,15,-2,16,-2,16,-3,15,-3,14,-3,14,-3,14,-3,15,-3,16,-3,16,-3,16,-3,16,-4,15,-4,15,-3,15,-3,15,-3,15,-3,15,-3,16,-4,15,-4,15,-4,15,-6,16,-8,18]"
CSI_DATA,226264,d8:b1:90:db:e8:90,-58,11,1,7,0,0,1,0,0,0,1,-96,0,4,0,-797067401,0,100,0,128,1,"[100,-64,5,0,3,-29,2,-29,4,-17,7,6,9,17,9,16,10,17,12,19,13,20,13,19,14,18,17,16,18,15,19,14,20,14,23,14,25,14,24,14,24,14,25,14,25,14,24,14,25,14,26,13,26,14,6,3,0,0,0,0,0,0,0,0,0,0,0,0,0,0,0,0,0,0,3,2,14,10,13,11,13,11,13,12,13,12,12,12,11,11,11,11,11,12,12,12,13,12,13,13,13,13,13,13,13,12,13,12,13,12,13,12,13,12,13,12,13,12,13,12,12,12,12,12,12,13,13,16]"
CSI_DATA,226265,d8:b1:90:db:e8:90,-51,11,1,7,0,0,1,0,0,0,1,-96,0,4,0,-797054973,0,100,0,128,1,"[100,-64,5,0,-6,26,-6,25,-5,25,-5,25,-4,25,-4,25,-3,24,-3,24,-3,24,-3,23,-2,23,-2,23,-1,23,-1,23,-1,22,-2,22,-2,22,-2,22,-2,21,-3,21,-3,21,-4,20,-4,20,-5,19,-6,19,-2,4,0,0,0,0,0,0,0,0,0,0,0,0,0,0,0,0,0,0,-1,4,-3,19,-4,19,-4,19,-5,19,-5,19,-6,20,-7,20,-7,20,-8,20,-8,21,-8,21,-8,22,-8,22,-8,22,-8,22,-8,22,-7,22,-7,23,-8,23,-7,23,-7,23,-6,24,-7,25,-6,26,-6,26,-6,26]"
CSI_DATA,226266,d8:b1:90:db:e8:90,-51,11,1,7,0,0,1,0,0,0,1,-96,0,4,0,-797040478,0,100,0,128,1,"[100,-64,5,0,-21,20,-21,20,-20,20,-20,20,-19,20,-18,20,-18,20,-17,20,-17,20,-16,20,-16,20,-16,20,-16,21,-16,21,-16,21,-16,20,-15,20,-15,19,-15,19,-15,17,-16,16,-16,16,-16,16,-16,15,-17,14,-5,3,0,0,0,0,0,0,0,0,0,0,0,0,0,0,0,0,0,0,-4,4,-15,15,-16,15,-16,14,-17,14,-18,14,-19,14,-19,14,-20,14,-20,14,-21,14,-21,15,-21,15,-21,15,-21,15,-22,15,-21,16,-21,16,-22,16,-22,16,-22,16,-22,17,-21,17,-21,18,-21,19,-21,19,-22,20]"
CSI_DATA,226267,d8:b1:90:db:e8:90,-51,11,1,7,0,0,1,0,0,0,1,-96,0,4,0,-797023572,0,100,0,128,1,"[100,-64,5,0,25,8,24,7,24,7,24,6,24,6,24,5,24,5,23,4,23,4,23,3,23,3,23,3,23,3,23,3,23,3,23,3,22,3,22,3,21,4,20,4,20,4,19,5,19,5,18,6,18,7,4,1,0,0,0,0,0,0,0,0,0,0,0,0,0,0,0,0,0,0,4,1,19,5,19,6,18,6,18,7,19,8,19,8,19,8,19,9,20,9,20,10,20,10,20,10,21,11,21,11,21,10,21,10,22,10,22,10,22,10,22,10,22,10,23,9,24,9,24,9,24,9,25,8]"
CSI_DATA,226268,d8:b1:90:db:e8:90,-51,11,1,7,0,0,1,0,0,0,1,-96,0,4,0,-797012853,0,100,0,128,1,"[100,-64,5,0,-13,-28,-13,-27,-13,-27,-13,-26,-13,-26,-13,-26,-14,-25,-14,-24,-15,-24,-15,-23,-16,-23,-16,-23,-16,-22,-16,-22,-15,-22,-14,-22,-14,-22,-13,-21,-13,-21,-13,-21,-12,-21,-11,-20,-10,-21,-9,-21,-8,-21,-2,-6,0,0,0,0,0,0,0,0,0,0,0,0,0,0,0,0,0,0,-3,-5,-11,-19,-10,-20,-10,-20,-9,-21,-9,-22,-9,-22,-9,-23,-9,-23,-9,-24,-8,-25,-8,-25,-7,-25,-8,-26,-8,-26,-8,-26,-8,-26,-9,-26,-9,-26,-10,-26,-11,-27,-11,-27,-11,-27,-12,-27,-12,-27,-13,-27,-13,-28]"
CSI_DATA,226269,d8:b1:90:db:e8:90,-51,11,1,7,0,0,1,0,0,0,1,-96,0,4,0,-796985613,0,100,0,128,1,"[100,-64,5,0,-2,29,-2,28,-1,28,-1,28,-1,27,0,27,1,26,1,26,2,26,2,25,2,25,2,25,3,25,3,25,3,25,2,25,2,25,1,24,1,24,1,24,0,23,-1,22,-1,22,-2,21,-3,21,-1,5,0,0,0,0,0,0,0,0,0,0,0,0,0,0,0,0,0,0,0,4,1,20,0,20,-2,20,-3,21,-4,21,-4,22,-5,22,-6,23,-6,23,-7,24,-7,24,-7,24,-7,24,-7,25,-7,25,-7,26,-6,26,-6,26,-5,26,-4,27,-4,27,-3,28,-4,28,-3,28,-3,29,-3,29]"
CSI_DATA,226270,d8:b1:90:db:e8:90,-51,11,1,7,0,0,1,0,0,0,1,-96,0,4,0,-796975238,0,100,0,128,1,"[100,-64,5,0,25,5,25,5,25,4,24,4,24,3,24,2,24,2,23,2,23,2,23,2,23,1,23,1,23,1,23,1,23,1,23,1,22,1,22,1,21,1,21,2,21,2,20,2,20,3,19,3,19,4,4,1,0,0,0,0,0,0,0,0,0,0,0,0,0,0,0,0,0,0,4,0,19,1,19,1,19,3,19,3,20,4,20,4,20,5,21,5,21,6,21,6,22,7,22,7,22,7,22,7,22,7,22,7,22,6,23,6,23,6,24,5,24,5,25,5,25,5,25,5,25,5,26,5]"
CSI_DATA,226271,d8:b1:90:db:e8:90,-51,11,1,7,0,0,1,0,0,0,1,-96,0,4,0,-796964871,0,100,0,128,1,"[100,-64,5,0,-10,-25,-10,-24,-11,-24,-11,-23,-11,-23,-11,-23,-12,-22,-11,-22,-11,-22,-12,-21,-13,-21,-13,-21,-13,-21,-13,-21,-13,-21,-13,-21,-12,-20,-12,-20,-12,-19,-11,-18,-11,-19,-11,-19,-12,-18,-10,-18,-8,-18,-2,-5,0,0,0,0,0,0,0,0,0,0,0,0,0,0,0,0,0,0,-3,-5,-9,-17,-9,-18,-8,-19,-7,-20,-7,-20,-7,-20,-6,-21,-6,-22,-6,-22,-6,-23,-6,-23,-6,-23,-6,-24,-6,-24,-6,-24,-6,-23,-7,-23,-8,-23,-8,-24,-9,-24,-9,-24,-10,-24,-10,-25,-10,-25,-10,-25,-10,-25]"
CSI_DATA,226272,d8:b1:90:db:e8:90,-51,11,1,7,0,0,1,0,0,0,1,-96,0,4,0,-796953297,0,100,0,128,1,"[100,-64,5,0,-11,-25,-11,-25,-11,-24,-11,-24,-11,-23,-12,-23,-12,-22,-12,-21,-12,-21,-13,-21,-14,-20,-14,-20,-14,-20,-14,-20,-13,-20,-13,-20,-12,-20,-12,-20,-11,-19,-11,-19,-10,-19,-9,-19,-9,-19,-8,-19,-7,-19,-2,-5,0,0,0,0,0,0,0,0,0,0,0,0,0,0,0,0,0,0,-3,-5,-10,-17,-9,-18,-9,-19,-8,-19,-8,-20,-7,-20,-7,-21,-7,-22,-7,-22,-6,-23,-5,-23,-5,-23,-5,-24,-5,-24,-5,-24,-5,-24,-6,-25,-6,-24,-7,-24,-8,-24,-8,-24,-9,-24,-9,-24,-10,-24,-10,-25,-10,-26]"
CSI_DATA,226273,d8:b1:90:db:e8:90,-51,11,1,7,0,0,1,0,0,0,1,-96,0,4,0,-796942684,0,100,0,128,1,"[100,-64,5,0,21,-17,20,-17,20,-17,20,-17,19,-18,18,-18,18,-18,17,-18,16,-18,16,-18,16,-18,16,-19,15,-19,15,-19,15,-19,15,-18,15,-18,15,-17,15,-17,15,-16,15,-15,15,-14,15,-13,16,-13,16,-12,4,-3,0,0,0,0,0,0,0,0,0,0,0,0,0,0,0,0,0,0,3,-4,14,-14,14,-14,15,-13,15,-13,16,-13,17,-13,18,-13,19,-12,19,-12,20,-12,20,-11,21,-11,21,-11,21,-11,21,-11,21,-11,21,-12,21,-13,20,-13,20,-14,20,-14,20,-15,21,-15,21,-15,21,-16,22,-17]"
CSI_DATA,226274,d8:b1:90:db:e8:90,-51,11,1,7,0,0,1,0,0,0,1,-96,0,4,0,-796931565,0,100,0,128,1,"[100,-64,5,0,-24,-13,-24,-13,-23,-12,-23,-11,-23,-11,-23,-10,-23,-10,-23,-9,-23,-9,-23,-8,-23,-8,-23,-7,-23,-7,-23,-7,-23,-7,-23,-7,-22,-7,-22,-7,-21,-7,-21,-7,-20,-8,-20,-8,-19,-9,-18,-9,-18,-10,-5,-3,0,0,0,0,0,0,0,0,0,0,0,0,0,0,0,0,0,0,-5,-2,-18,-9,-18,-10,-18,-10,-18,-11,-18,-11,-18,-12,-18,-12,-19,-13,-19,-13,-19,-14,-20,-14,-20,-15,-20,-15,-20,-15,-20,-15,-20,-14,-21,-14,-21,-14,-22,-14,-22,-13,-23,-13,-23,-13,-23,-13,-23,-13,-24,-13,-24,-13]"
CSI_DATA,226275,d8:b1:90:db:e8:90,-51,11,1,7,0,0,1,0,0,0,1,-96,0,4,0,-796916591,0,100,0,128,1,"[100,-64,5,0,-26,-11,-26,-10,-26,-10,-25,-9,-25,-9,-25,-8,-25,-8,-25,-7,-24,-7,-24,-6,-24,-5,-24,-5,-24,-5,-24,-5,-24,-5,-24,-5,-23,-5,-23,-5,-22,-6,-22,-6,-22,-6,-21,-6,-21,-7,-20,-7,-20,-8,-5,-2,0,0,0,0,0,0,0,0,0,0,0,0,0,0,0,0,0,0,-5,-2,-20,-6,-20,-7,-19,-8,-19,-9,-20,-9,-20,-10,-20,-10,-20,-11,-21,-11,-21,-12,-22,-12,-22,-12,-22,-12,-22,-12,-22,-12,-23,-12,-23,-12,-23,-12,-23,-12,-24,-12,-24,-11,-25,-11,-25,-10,-26,-10,-26,-10,-26,-11]"
CSI_DATA,226276,d8:b1:90:db:e8:90,-52,11,1,7,0,0,1,0,0,0,1,-96,0,4,0,-796884413,0,100,0,128,1,"[100,-64,5,0,25,-4,25,-4,24,-4,24,-4,24,-5,23,-5,23,-5,22,-6,22,-6,21,-7,22,-7,22,-7,22,-7,21,-7,21,-7,21,-6,21,-5,20,-5,20,-5,20,-4,20,-4,19,-3,19,-3,18,-2,18,0,4,0,0,0,0,0,0,0,0,0,0,0,0,0,0,0,0,0,0,0,4,-2,16,-5,17,-4,18,-3,19,-2,19,-2,20,-2,20,-1,21,-1,21,-1,22,0,22,0,22,0,22,0,23,0,23,0,23,0,23,0,23,-1,23,-2,23,-2,23,-2,24,-3,23,-3,24,-4,24,-4,25,-4]"
CSI_DATA,226277,d8:b1:90:db:e8:90,-51,11,1,7,0,0,1,0,0,0,1,-96,0,4,0,-796871368,0,100,0,128,1,"[100,-64,5,0,2,24,2,23,3,23,3,23,3,22,4,22,4,21,3,21,3,21,4,20,4,20,4,20,4,20,4,20,3,20,3,20,3,20,2,20,1,19,1,18,0,17,0,18,0,18,0,18,0,19,0,5,0,0,0,0,0,0,0,0,0,0,0,0,0,0,0,0,0,0,0,4,3,17,2,17,2,17,1,18,1,18,0,19,0,19,0,19,0,20,0,21,-1,21,-1,21,-1,22,-1,22,0,21,0,21,0,21,0,21,0,22,1,22,1,23,2,23,2,22,2,23,2,23,2,24]"
CSI_DATA,226278,d8:b1:90:db:e8:90,-51,11,1,7,0,0,1,0,0,0,1,-96,0,4,0,-796861090,0,100,0,128,1,"[100,-64,5,0,18,-20,18,-20,18,-20,17,-20,17,-20,16,-20,16,-20,15,-19,15,-19,15,-19,15,-19,14,-19,14,-19,14,-19,15,-19,15,-19,16,-18,15,-16,15,-15,15,-15,15,-15,14,-14,16,-13,16,-12,16,-12,4,-3,0,0,0,0,0,0,0,0,0,0,0,0,0,0,0,0,0,0,3,-4,12,-15,13,-15,13,-15,14,-14,15,-14,15,-14,16,-15,16,-15,17,-15,18,-15,18,-15,18,-15,19,-15,18,-15,18,-16,18,-16,18,-16,18,-17,18,-17,18,-18,18,-18,18,-19,18,-19,18,-19,18,-19,19,-20]"
CSI_DATA,226279,d8:b1:90:db:e8:90,-51,11,1,7,0,0,1,0,0,0,1,-96,0,4,0,-796850291,0,100,0,128,1,"[100,-64,5,0,-11,23,-11,23,-10,23,-9,23,-9,23,-8,22,-8,22,-7,22,-7,22,-6,22,-6,22,-5,22,-5,22,-5,22,-5,22,-6,22,-6,22,-6,21,-7,21,-7,20,-7,19,-7,19,-7,18,-8,17,-9,16,-3,4,0,0,0,0,0,0,0,0,0,0,0,0,0,0,0,0,0,0,-2,4,-7,18,-7,18,-9,18,-9,18,-10,18,-10,19,-11,19,-12,19,-12,19,-13,19,-13,20,-13,20,-13,20,-13,20,-13,20,-14,20,-14,21,-13,21,-12,21,-12,22,-11,22,-11,23,-11,23,-11,24,-11,24,-11,24]"
CSI_DATA,226280,d8:b1:90:db:e8:90,-51,11,1,7,0,0,1,0,0,0,1,-96,0,4,0,-796837637,0,100,0,128,1,"[100,-64,5,0,-4,-29,-4,-29,-4,-29,-5,-28,-5,-27,-6,-27,-6,-26,-6,-26,-7,-26,-7,-26,-8,-25,-8,-25,-9,-25,-9,-25,-8,-25,-8,-25,-7,-25,-7,-25,-6,-24,-6,-24,-5,-23,-5,-23,-4,-22,-3,-22,-2,-22,-1,-6,0,0,0,0,0,0,0,0,0,0,0,0,0,0,0,0,0,0,-2,-6,-5,-22,-4,-22,-4,-23,-3,-23,-3,-23,-2,-24,-1,-24,-1,-25,-1,-25,0,-26,1,-26,1,-26,1,-26,0,-27,0,-27,0,-27,-1,-27,-1,-28,-2,-28,-2,-28,-3,-28,-3,-29,-4,-29,-4,-29,-4,-30,-3,-30]"
CSI_DATA,226281,d8:b1:90:db:e8:90,-52,11,1,6,0,0,1,0,0,0,1,-96,0,4,0,-796827255,0,100,0,128,1,"[100,-64,5,0,1,-27,0,-26,0,-26,0,-26,-1,-25,-1,-25,-2,-24,-2,-24,-3,-24,-3,-24,-4,-23,-3,-23,-3,-23,-3,-23,-3,-23,-2,-23,-2,-23,-1,-22,-1,-22,-1,-21,-1,-21,0,-21,0,-20,1,-20,1,-20,0,-5,0,0,0,0,0,0,0,0,0,0,0,0,0,0,0,0,0,0,-1,-5,-3,-19,-2,-19,-1,-20,0,-21,1,-21,1,-21,1,-21,2,-22,2,-22,2,-22,2,-22,3,-22,2,-23,3,-23,4,-24,4,-24,3,-24,3,-24,3,-24,3,-24,3,-24,2,-25,2,-25,1,-26,1,-26,1,-27]"
CSI_DATA,226282,d8:b1:90:db:e8:90,-51,11,1,6,0,0,1,0,0,0,1,-96,0,4,0,-796811597,0,100,0,128,1,"[100,-64,5,0,8,24,8,24,8,24,9,24,9,23,10,23,10,22,10,21,10,21,10,21,10,20,11,20,11,19,11,19,11,19,11,19,11,19,11,19,10,19,10,18,9,18,8,18,7,18,6,18,5,19,1,4,0,0,0,0,0,0,0,0,0,0,0,0,0,0,0,0,0,0,2,4,8,16,8,17,7,18,6,18,6,19,6,20,5,20,5,21,4,21,4,22,3,22,3,23,3,23,3,23,3,23,4,23,4,23,5,23,5,23,5,23,6,23,6,23,7,24,7,24,7,24,8,25]"
CSI_DATA,226283,d8:b1:90:db:e8:90,-51,11,1,6,0,0,1,0,0,0,1,-96,0,4,0,-796800370,0,100,0,128,1,"[100,-64,5,0,-7,25,-7,25,-6,25,-6,25,-6,25,-5,24,-5,24,-4,24,-4,23,-3,23,-3,23,-2,23,-2,23,-2,23,-2,23,-2,23,-2,22,-3,22,-3,21,-3,21,-4,20,-4,20,-4,19,-6,19,-7,19,-2,4,0,0,0,0,0,0,0,0,0,0,0,0,0,0,0,0,0,0,-1,4,-2,19,-3,19,-3,19,-4,20,-4,20,-5,20,-7,20,-8,20,-8,21,-8,21,-9,21,-9,21,-9,21,-9,22,-9,22,-9,22,-9,22,-9,22,-9,22,-8,22,-8,23,-8,24,-7,24,-7,24,-7,25,-7,26]"
CSI_DATA,226284,d8:b1:90:db:e8:90,-51,11,1,6,0,0,1,0,0,0,1,-96,0,4,0,-796775670,0,100,0,128,1,"[100,-64,5,0,-18,23,-17,23,-17,23,-17,23,-16,23,-15,22,-15,23,-14,23,-13,23,-13,23,-12,23,-12,23,-11,23,-11,23,-11,23,-11,23,-11,22,-12,21,-12,21,-12,20,-12,19,-12,19,-13,18,-13,18,-14,17,-4,4,0,0,0,0,0,0,0,0,0,0,0,0,0,0,0,0,0,0,-3,4,-11,19,-11,18,-12,18,-13,18,-13,18,-14,18,-16,17,-17,17,-17,18,-18,18,-19,18,-19,17,-19,17,-19,18,-19,18,-19,19,-18,19,-18,19,-18,19,-18,19,-18,20,-18,20,-18,21,-17,22,-17,22,-17,23]"
CSI_DATA,226285,d8:b1:90:db:e8:90,-51,11,1,6,0,0,1,0,0,0,1,-96,0,4,0,-796764713,0,100,0,128,1,"[100,-64,5,0,-11,24,-11,24,-11,24,-10,24,-9,24,-9,24,-8,23,-8,23,-7,23,-7,23,-7,23,-7,23,-6,23,-6,23,-6,23,-6,23,-6,22,-6,21,-6,21,-6,20,-7,20,-8,19,-8,18,-8,16,-9,16,-3,4,0,0,0,0,0,0,0,0,0,0,0,0,0,0,0,0,0,0,-2,4,-7,18,-7,18,-8,18,-9,18,-9,18,-10,19,-10,19,-11,19,-12,20,-12,20,-13,19,-13,19,-13,19,-14,19,-14,20,-14,20,-14,20,-13,21,-13,21,-12,22,-12,22,-12,23,-12,23,-12,23,-12,24,-12,24]"
CSI_DATA,226286,d8:b1:90:db:e8:90,-52,11,1,6,0,0,1,0,0,0,1,-96,0,4,0,-796754403,0,100,0,128,1,"[100,-64,5,0,-8,-26,-8,-26,-8,-25,-9,-24,-9,-24,-9,-24,-10,-23,-10,-23,-10,-22,-10,-22,-11,-21,-11,-21,-10,-21,-10,-21,-10,-21,-10,-21,-9,-21,-9,-21,-8,-21,-8,-21,-8,-20,-7,-20,-7,-21,-6,-21,-5,-21,-2,-6,0,0,0,0,0,0,0,0,0,0,0,0,0,0,0,0,0,0,-3,-5,-9,-17,-8,-18,-7,-19,-6,-20,-6,-20,-6,-21,-5,-20,-5,-21,-5,-22,-4,-22,-4,-23,-4,-24,-4,-24,-4,-24,-3,-24,-3,-23,-4,-24,-4,-24,-5,-24,-5,-24,-6,-24,-6,-25,-7,-25,-8,-25,-8,-26,-8,-26]"
CSI_DATA,226287,d8:b1:90:db:e8:90,-51,11,1,6,0,0,1,0,0,0,1,-96,0,4,0,-796743502,0,100,0,128,1,"[100,-64,5,0,-23,16,-22,16,-21,16,-20,16,-20,15,-20,15,-19,16,-19,16,-18,16,-18,16,-17,16,-17,17,-17,17,-16,16,-16,17,-17,16,-17,15,-17,15,-17,14,-16,14,-16,14,-16,13,-16,13,-17,12,-17,11,-5,2,0,0,0,0,0,0,0,0,0,0,0,0,0,0,0,0,0,0,-4,3,-14,13,-15,12,-16,11,-17,11,-18,11,-18,11,-18,10,-19,10,-19,10,-20,10,-21,10,-21,10,-22,10,-22,10,-22,9,-22,9,-22,10,-22,11,-23,11,-22,11,-22,12,-22,13,-22,14,-22,15,-22,15,-21,15]"
CSI_DATA,226288,d8:b1:90:db:e8:90,-52,11,1,6,0,0,1,0,0,0,1,-96,0,4,0,-796733471,0,100,0,128,1,"[100,-64,5,0,-27,11,-26,11,-26,12,-25,12,-25,13,-24,13,-24,13,-23,13,-23,13,-22,13,-22,13,-22,13,-22,13,-21,13,-21,13,-22,12,-21,12,-21,12,-21,11,-20,11,-20,10,-20,9,-20,8,-20,8,-21,7,-6,1,0,0,0,0,0,0,0,0,0,0,0,0,0,0,0,0,0,0,-5,2,-18,11,-19,10,-19,10,-20,9,-20,9,-21,9,-22,8,-23,8,-23,7,-23,7,-23,7,-23,7,-23,7,-24,8,-25,8,-25,8,-25,9,-25,9,-24,10,-24,10,-24,11,-25,12,-25,12,-25,13,-26,13,-26,12]"
CSI_DATA,226289,d8:b1:90:db:e8:90,-51,11,1,6,0,0,1,0,0,0,1,-96,0,4,0,-796712597,0,100,0,128,1,"[100,-64,5,0,23,-12,22,-12,22,-12,22,-12,21,-13,21,-13,20,-13,20,-13,19,-13,19,-14,19,-14,19,-14,18,-14,18,-14,18,-13,18,-13,18,-13,18,-12,17,-12,17,-11,17,-11,17,-10,17,-9,17,-9,17,-8,4,-2,0,0,0,0,0,0,0,0,0,0,0,0,0,0,0,0,0,0,3,-3,15,-11,16,-10,16,-10,17,-10,17,-10,18,-9,19,-8,20,-8,20,-7,20,-8,20,-8,20,-8,20,-8,21,-8,21,-9,21,-9,21,-10,21,-10,21,-10,21,-10,21,-11,21,-12,21,-12,22,-13,22,-13,23,-13]"
CSI_DATA,226290,d8:b1:90:db:e8:90,-52,11,1,6,0,0,1,0,0,0,1,-96,0,4,0,-796680611,0,100,0,128,1,"[100,-64,5,0,19,-20,19,-20,18,-21,18,-21,17,-21,16,-21,16,-22,16,-22,15,-22,15,-22,15,-22,15,-21,15,-21,15,-21,15,-21,15,-20,15,-20,15,-20,15,-19,15,-18,15,-17,15,-16,15,-15,16,-15,16,-15,4,-4,0,0,0,0,0,0,0,0,0,0,0,0,0,0,0,0,0,0,3,-5,12,-18,12,-17,13,-18,14,-18,14,-18,15,-18,16,-18,16,-18,17,-18,18,-18,18,-18,18,-18,18,-18,18,-17,19,-17,19,-17,18,-18,19,-19,19,-19,19,-20,19,-21,19,-21,19,-21,19,-21,19,-21,19,-22]"
CSI_DATA,226291,d8:b1:90:db:e8:90,-51,11,1,6,0,0,1,0,0,0,1,-96,0,4,0,-796670382,0,100,0,128,1,"[100,-64,5,0,8,-7,6,-13,3,-18,0,-22,-3,-25,-6,-27,-9,-28,-11,-29,-13,-28,-13,-27,-13,-25,-12,-24,-10,-22,-7,-21,-3,-19,1,-18,5,-17,9,-16,12,-15,15,-15,18,-14,20,-14,20,-13,20,-13,20,-13,5,-3,0,0,0,0,0,0,0,0,0,0,0,0,0,0,0,0,0,0,4,-2,19,-5,21,-4,23,-4,24,-4,25,-4,25,-3,24,-2,22,-1,20,1,17,3,13,6,9,9,6,13,3,16,0,20,-1,23,-2,26,-1,28,-1,30,1,31,2,30,5,29,7,26,8,23,9,18,10,14]"
CSI_DATA,226292,d8:b1:90:db:e8:90,-51,11,1,7,0,0,1,0,0,0,1,-96,0,4,0,-796658277,0,100,0,128,1,"[100,-64,5,0,-23,18,-23,18,-22,18,-22,18,-21,18,-21,18,-20,18,-19,18,-19,18,-18,19,-18,19,-17,19,-17,19,-17,19,-17,19,-17,19,-17,18,-18,18,-18,17,-18,16,-17,15,-16,15,-16,13,-17,12,-19,12,-5,3,0,0,0,0,0,0,0,0,0,0,0,0,0,0,0,0,0,0,-4,3,-15,15,-16,15,-16,14,-16,14,-17,14,-18,14,-19,14,-20,14,-21,14,-21,14,-21,14,-21,14,-21,14,-21,14,-22,14,-23,14,-22,15,-22,15,-22,15,-23,16,-23,16,-22,17,-22,17,-22,17,-22,18,-23,18]"
CSI_DATA,226293,d8:b1:90:db:e8:90,-51,11,1,7,0,0,1,0,0,0,1,-96,0,4,0,-796639126,0,100,0,128,1,"[100,-64,5,0,23,-14,22,-14,22,-14,21,-15,21,-15,20,-15,20,-15,19,-16,19,-16,18,-16,18,-16,17,-16,17,-16,17,-17,17,-16,17,-16,17,-15,17,-15,16,-14,16,-14,16,-13,16,-12,17,-12,17,-11,17,-10,4,-3,0,0,0,0,0,0,0,0,0,0,0,0,0,0,0,0,0,0,3,-3,15,-12,16,-11,16,-10,17,-10,17,-10,18,-10,19,-10,20,-10,20,-10,21,-9,22,-9,22,-9,22,-9,22,-9,22,-9,23,-9,23,-10,23,-10,22,-11,22,-11,22,-12,22,-12,22,-13,22,-13,23,-13,23,-14]"
CSI_DATA,226294,d8:b1:90:db:e8:90,-51,11,1,7,0,0,1,0,0,0,1,-96,0,4,0,-796626686,0,100,0,128,1,"[100,-64,5,0,-27,-4,-27,-4,-26,-3,-26,-2,-25,-2,-25,-2,-25,-1,-25,-1,-24,0,-24,0,-25,1,-25,1,-24,1,-24,1,-24,1,-24,1,-24,0,-23,0,-23,-1,-22,-1,-21,-2,-21,-2,-21,-2,-21,-3,-20,-4,-5,-2,0,0,0,0,0,0,0,0,0,0,0,0,0,0,0,0,0,0,-5,0,-20,-1,-20,-2,-20,-3,-20,-4,-21,-5,-21,-5,-22,-5,-22,-6,-22,-6,-22,-7,-22,-7,-22,-7,-23,-7,-23,-7,-23,-7,-24,-7,-24,-7,-24,-6,-24,-6,-24,-5,-25,-5,-25,-5,-26,-4,-26,-4,-26,-4,-27,-4]"
CSI_DATA,226295,d8:b1:90:db:e8:90,-52,11,1,7,0,0,1,0,0,0,1,-96,0,4,0,-796608390,0,100,0,128,1,"[100,-64,5,0,-10,-27,-10,-27,-10,-26,-10,-26,-10,-26,-11,-25,-11,-25,-12,-24,-12,-24,-13,-24,-13,-23,-13,-23,-13,-23,-13,-23,-13,-23,-12,-23,-12,-23,-11,-22,-10,-22,-10,-22,-9,-21,-8,-21,-8,-21,-7,-21,-6,-20,-2,-5,0,0,0,0,0,0,0,0,0,0,0,0,0,0,0,0,0,0,-3,-5,-9,-20,-8,-21,-7,-21,-7,-22,-6,-22,-6,-22,-6,-22,-6,-23,-6,-24,-6,-24,-6,-24,-6,-25,-5,-25,-5,-26,-5,-26,-5,-26,-5,-26,-6,-26,-6,-26,-7,-25,-8,-26,-8,-26,-9,-26,-9,-27,-9,-27,-9,-28]"
CSI_DATA,226296,d8:b1:90:db:e8:90,-51,11,1,7,0,0,1,0,0,0,1,-96,0,4,0,-796577582,0,100,0,128,1,"[100,-64,5,0,24,9,24,9,24,8,24,8,24,7,24,7,23,6,23,6,23,6,22,5,23,4,22,4,22,4,22,4,22,4,22,6,21,6,21,7,20,7,20,7,19,7,19,7,18,8,17,9,16,10,4,2,0,0,0,0,0,0,0,0,0,0,0,0,0,0,0,0,0,0,4,1,18,5,18,6,18,7,18,8,18,8,19,9,19,10,19,10,20,11,20,11,20,11,21,12,21,12,21,12,21,11,21,11,21,11,22,11,22,10,23,10,23,9,23,9,24,9,24,9,24,9,25,8]"
CSI_DATA,226297,d8:b1:90:db:e8:90,-51,11,1,7,0,0,1,0,0,0,1,-96,0,4,0,-796566354,0,100,0,128,1,"[100,-64,5,0,10,21,10,21,10,20,10,20,10,20,10,19,10,19,11,18,11,18,11,18,11,18,11,18,11,18,11,18,10,18,10,18,9,18,9,17,8,17,8,17,7,17,6,16,6,16,5,17,5,17,1,4,0,0,0,0,0,0,0,0,0,0,0,0,0,0,0,0,0,0,2,3,9,14,8,15,7,15,7,16,7,16,6,17,6,17,6,18,6,18,6,19,6,19,6,20,6,20,6,20,6,20,6,20,7,20,7,20,8,20,8,20,9,20,9,20,9,21,10,21,10,21,10,21]"
CSI_DATA,226298,d8:b1:90:db:e8:90,-52,11,1,7,0,0,1,0,0,0,1,-96,0,4,0,-796555029,0,100,0,128,1,"[100,-64,5,0,-27,-11,-27,-10,-27,-10,-27,-10,-27,-9,-26,-8,-26,-8,-26,-7,-26,-7,-26,-6,-26,-5,-26,-5,-26,-5,-26,-5,-26,-5,-25,-4,-24,-4,-23,-5,-23,-6,-23,-7,-24,-7,-23,-7,-21,-7,-20,-8,-18,-10,-5,-3,0,0,0,0,0,0,0,0,0,0,0,0,0,0,0,0,0,0,-6,-2,-21,-6,-21,-7,-21,-8,-21,-8,-22,-9,-22,-10,-22,-10,-22,-10,-22,-11,-23,-12,-23,-13,-23,-13,-23,-13,-23,-13,-23,-13,-24,-13,-24,-13,-24,-12,-25,-12,-25,-12,-25,-11,-26,-11,-26,-11,-27,-11,-27,-11,-28,-11]"
CSI_DATA,226299,d8:b1:90:db:e8:90,-51,11,1,7,0,0,1,0,0,0,1,-96,0,4,0,-796543032,0,100,0,128,1,"[100,-64,5,0,13,22,13,22,13,21,13,21,13,21,13,20,13,20,14,19,14,19,14,18,14,18,14,17,14,17,14,17,14,17,14,17,13,18,12,18,12,18,11,18,11,17,10,17,10,17,9,17,8,18,2,4,0,0,0,0,0,0,0,0,0,0,0,0,0,0,0,0,0,0,3,3,13,13,12,14,12,15,11,16,11,16,11,17,11,17,11,18,11,19,11,19,10,20,10,20,10,20,10,20,10,21,10,21,10,21,11,21,11,21,11,21,12,21,12,22,13,22,13,21,14,22,14,22]"
CSI_DATA,226300,d8:b1:90:db:e8:90,-51,11,1,5,0,0,1,0,1,0,0,-96,0,4,0,-796528391,0,100,0,128,1,"[100,-64,5,0,11,0,13,-6,14,-11,14,-17,14,-21,13,-25,12,-27,10,-29,9,-29,7,-29,6,-28,6,-26,7,-24,8,-20,10,-17,13,-13,15,-9,18,-6,20,-3,22,-1,23,1,24,2,24,3,24,4,23,4,5,1,0,0,0,0,0,0,0,0,0,0,0,0,0,0,0,0,0,0,4,1,17,7,19,8,21,10,22,11,22,11,22,12,21,12,18,13,15,13,11,13,7,13,2,14,-3,15,-7,16,-11,17,-15,19,-17,20,-18,22,-19,24,-18,26,-16,27,-14,27,-10,26,-7,24,-3,21,0,18]"
CSI_DATA,226301,d8:b1:90:db:e8:90,-52,11,1,5,0,0,1,0,1,0,0,-96,0,4,0,-796511091,0,100,0,128,1,"[100,-64,5,0,-7,-6,-11,-3,-14,0,-17,3,-18,7,-19,9,-19,12,-19,14,-19,15,-18,15,-17,15,-16,14,-15,12,-15,10,-15,7,-15,4,-16,1,-16,-2,-17,-5,-17,-7,-17,-9,-17,-10,-18,-10,-17,-11,-17,-11,-5,-3,0,0,0,0,0,0,0,0,0,0,0,0,0,0,0,0,0,0,-1,-4,-4,-15,-4,-17,-4,-18,-4,-20,-4,-20,-3,-20,-3,-19,-1,-18,0,-17,3,-15,5,-12,8,-10,10,-8,13,-6,16,-5,18,-4,20,-4,22,-4,23,-5,23,-7,22,-8,21,-10,18,-11,15,-11,12,-11,9,-11]"
CSI_DATA,226302,d8:b1:90:db:e8:90,-51,11,1,7,0,0,1,0,0,0,1,-96,0,4,0,-796494413,0,100,0,128,1,"[100,-64,5,0,-4,-30,-5,-29,-5,-29,-5,-28,-5,-28,-6,-28,-6,-27,-7,-26,-7,-26,-8,-26,-8,-25,-9,-25,-8,-25,-8,-25,-8,-25,-8,-25,-8,-25,-7,-25,-7,-25,-6,-24,-6,-24,-5,-23,-4,-23,-3,-23,-3,-23,-1,-6,0,0,0,0,0,0,0,0,0,0,0,0,0,0,0,0,0,0,-2,-6,-5,-22,-4,-22,-3,-23,-2,-23,-2,-24,-1,-24,-1,-25,0,-25,0,-26,0,-26,0,-26,0,-27,0,-27,0,-27,0,-28,-1,-28,-1,-28,-2,-28,-2,-28,-3,-28,-3,-29,-4,-29,-4,-29,-4,-29,-4,-30,-4,-30]"
CSI_DATA,226303,d8:b1:90:db:e8:90,-52,11,1,7,0,0,1,0,0,0,1,-96,0,4,0,-796469081,0,100,0,128,1,"[100,-64,5,0,13,24,13,24,14,23,14,23,15,22,15,22,15,21,15,21,15,20,15,20,15,19,16,19,16,19,16,19,16,19,16,19,16,18,15,18,14,18,14,17,13,17,12,17,11,18,10,18,9,18,2,4,0,0,0,0,0,0,0,0,0,0,0,0,0,0,0,0,0,0,3,3,13,15,12,16,12,17,11,18,11,18,11,19,10,20,10,21,10,21,10,22,10,23,10,23,9,23,10,23,10,24,11,24,11,24,11,24,10,23,11,23,11,23,12,24,12,24,13,25,13,25,14,25]"
CSI_DATA,226304,d8:b1:90:db:e8:90,-51,11,1,7,0,0,1,0,0,0,1,-96,0,4,0,-796455753,0,100,0,128,1,"[100,-64,5,0,14,-21,14,-21,14,-21,13,-21,13,-21,12,-21,12,-21,11,-21,11,-21,10,-21,10,-21,9,-22,9,-22,9,-22,9,-22,9,-21,9,-21,9,-20,10,-19,10,-19,10,-18,10,-17,10,-17,10,-16,11,-15,2,-4,0,0,0,0,0,0,0,0,0,0,0,0,0,0,0,0,0,0,1,-5,7,-18,8,-17,9,-17,9,-17,10,-17,11,-17,12,-17,13,-17,14,-17,14,-17,14,-18,14,-18,14,-18,14,-18,15,-19,15,-19,15,-20,15,-20,15,-19,15,-18,15,-19,15,-20,15,-21,15,-21,15,-21,15,-22]"
CSI_DATA,226305,d8:b1:90:db:e8:90,-51,11,1,7,0,0,1,0,0,0,1,-96,0,4,0,-796444721,0,100,0,128,1,"[100,-64,5,0,-27,-3,-27,-3,-26,-2,-26,-2,-25,-2,-25,-1,-25,-1,-25,-1,-25,0,-25,0,-25,0,-25,0,-25,0,-24,0,-24,0,-24,0,-24,0,-23,-1,-23,-1,-22,-2,-22,-2,-21,-2,-21,-3,-21,-4,-20,-4,-5,-2,0,0,0,0,0,0,0,0,0,0,0,0,0,0,0,0,0,0,-5,0,-21,-1,-20,-2,-20,-3,-21,-4,-21,-4,-22,-4,-22,-4,-23,-5,-23,-5,-23,-6,-24,-6,-24,-7,-24,-7,-24,-7,-24,-6,-24,-6,-24,-6,-24,-5,-24,-5,-25,-4,-25,-4,-26,-4,-26,-3,-27,-3,-27,-3,-27,-3]"
CSI_DATA,226306,d8:b1:90:db:e8:90,-51,11,1,7,0,0,1,0,0,0,1,-96,0,4,0,-796432684,0,100,0,128,1,"[100,-64,5,0,25,7,25,6,25,6,25,6,24,5,24,5,24,4,24,4,23,3,23,3,24,2,23,2,23,2,23,2,23,3,23,3,23,3,22,3,22,4,21,4,20,4,20,4,19,5,18,6,18,6,4,1,0,0,0,0,0,0,0,0,0,0,0,0,0,0,0,0,0,0,4,0,20,1,20,2,20,3,20,4,20,5,20,5,21,6,21,6,21,7,21,7,21,7,22,8,22,8,22,8,22,7,22,7,22,7,23,7,23,7,23,7,24,6,24,6,24,6,25,6,25,6,26,6]"
CSI_DATA,226307,d8:b1:90:db:e8:90,-51,11,1,7,0,0,1,0,0,0,1,-96,0,4,0,-796421577,0,100,0,128,1,"[100,-64,5,0,-26,7,-26,7,-25,7,-25,7,-24,8,-24,8,-23,8,-22,9,-22,10,-22,10,-22,10,-22,10,-22,10,-21,10,-21,10,-21,10,-21,10,-21,9,-20,9,-20,8,-20,8,-20,7,-19,7,-19,6,-19,5,-5,1,0,0,0,0,0,0,0,0,0,0,0,0,0,0,0,0,0,0,-5,1,-19,7,-20,6,-20,5,-21,4,-21,4,-22,4,-22,4,-23,4,-23,3,-23,3,-24,3,-24,3,-24,3,-24,3,-24,3,-24,4,-24,5,-24,5,-24,5,-25,5,-24,6,-25,6,-25,7,-25,7,-26,7,-26,7]"
CSI_DATA,226308,d8:b1:90:db:e8:90,-51,11,1,7,0,0,1,0,0,0,1,-96,0,4,0,-796407068,0,100,0,128,1,"[100,-64,5,0,22,-14,21,-14,21,-15,21,-15,20,-15,20,-15,19,-15,19,-15,19,-15,18,-15,18,-15,18,-16,17,-16,17,-16,17,-16,17,-15,17,-15,17,-14,17,-14,17,-13,17,-13,17,-12,17,-11,17,-10,17,-9,4,-3,0,0,0,0,0,0,0,0,0,0,0,0,0,0,0,0,0,0,3,-4,14,-13,15,-12,16,-12,16,-12,17,-11,17,-11,18,-11,18,-11,19,-11,19,-11,20,-11,20,-11,21,-11,21,-11,20,-11,20,-11,20,-11,20,-12,21,-12,21,-13,21,-14,21,-14,21,-14,21,-14,22,-14,22,-15]"
CSI_DATA,226309,d8:b1:90:db:e8:90,-52,11,1,7,0,0,1,0,0,0,1,-96,0,4,0,-796376877,0,100,0,128,1,"[100,-64,5,0,-12,26,-12,26,-11,26,-10,26,-9,25,-9,25,-8,25,-8,25,-7,25,-7,25,-6,25,-6,25,-6,25,-6,25,-6,24,-7,24,-7,23,-8,23,-8,22,-8,22,-8,21,-9,21,-9,20,-10,19,-10,19,-3,4,0,0,0,0,0,0,0,0,0,0,0,0,0,0,0,0,0,0,-2,5,-7,21,-8,20,-8,20,-9,19,-9,19,-10,20,-11,21,-12,22,-12,22,-13,22,-13,22,-13,22,-13,23,-13,23,-13,23,-13,23,-13,24,-12,24,-11,24,-11,24,-11,25,-11,25,-11,25,-11,26,-10,26,-11,27]"
CSI_DATA,226310,d8:b1:90:db:e8:90,-51,11,1,7,0,0,1,0,0,0,1,-96,0,4,0,-796365253,0,100,0,128,1,"[100,-64,5,0,-26,8,-26,7,-25,8,-25,8,-25,9,-24,9,-24,9,-23,10,-22,10,-22,10,-22,10,-22,11,-22,11,-22,11,-21,11,-21,10,-21,10,-20,9,-20,9,-20,8,-20,8,-20,7,-20,6,-20,6,-20,5,-5,1,0,0,0,0,0,0,0,0,0,0,0,0,0,0,0,0,0,0,-5,1,-19,7,-19,6,-19,5,-20,5,-20,4,-21,4,-21,4,-22,4,-22,3,-23,3,-23,3,-24,3,-24,3,-24,3,-24,3,-23,4,-24,4,-24,5,-24,5,-24,5,-24,6,-25,6,-26,7,-26,7,-26,7,-26,7]"
CSI_DATA,226311,d8:b1:90:db:e8:90,-51,11,1,7,0,0,1,0,0,0,1,-96,0,4,0,-796354237,0,100,0,128,1,"[100,-64,5,0,9,-26,9,-26,9,-25,8,-25,7,-25,7,-24,7,-24,6,-25,5,-25,5,-25,4,-24,4,-25,4,-25,4,-25,4,-24,4,-23,4,-23,4,-22,5,-21,5,-22,5,-22,5,-21,6,-20,7,-19,9,-20,2,-5,0,0,0,0,0,0,0,0,0,0,0,0,0,0,0,0,0,0,1,-5,5,-19,5,-19,6,-19,7,-19,8,-19,8,-19,9,-19,9,-20,10,-20,10,-20,10,-20,10,-21,10,-21,11,-21,10,-21,10,-21,10,-22,10,-22,10,-22,9,-22,9,-23,9,-24,9,-24,9,-25,9,-25,9,-26]"
CSI_DATA,226312,d8:b1:90:db:e8:90,-52,11,1,7,0,0,1,0,0,0,1,-96,0,4,0,-796340586,0,100,0,128,1,"[100,-64,5,0,11,-27,10,-26,10,-26,10,-26,9,-26,9,-26,8,-26,8,-26,8,-26,7,-26,7,-26,7,-25,6,-25,6,-25,6,-25,6,-25,6,-24,6,-24,7,-23,7,-23,7,-22,8,-21,8,-21,9,-20,9,-20,2,-5,0,0,0,0,0,0,0,0,0,0,0,0,0,0,0,0,0,0,1,-6,5,-21,6,-21,7,-21,8,-21,9,-21,9,-21,10,-21,10,-21,11,-21,12,-22,12,-23,13,-23,13,-23,13,-23,13,-23,14,-23,13,-24,13,-24,12,-24,11,-24,11,-25,11,-25,11,-26,11,-26,11,-26,11,-27]"
CSI_DATA,226313,d8:b1:90:db:e8:90,-52,11,1,7,0,0,1,0,0,0,1,-96,0,4,0,-796328892,0,100,0,128,1,"[100,-64,5,0,-26,-14,-26,-13,-26,-12,-25,-12,-25,-11,-25,-10,-25,-10,-25,-9,-25,-9,-25,-8,-25,-8,-25,-8,-25,-8,-24,-8,-24,-8,-24,-8,-23,-8,-23,-8,-22,-8,-23,-8,-22,-8,-22,-9,-21,-9,-20,-10,-20,-11,-5,-3,0,0,0,0,0,0,0,0,0,0,0,0,0,0,0,0,0,0,-6,-2,-21,-6,-21,-7,-20,-8,-20,-9,-20,-10,-21,-11,-21,-12,-22,-13,-22,-14,-22,-14,-22,-15,-21,-15,-22,-15,-22,-15,-21,-15,-21,-15,-22,-15,-22,-15,-23,-15,-24,-14,-24,-14,-25,-14,-25,-13,-25,-13,-26,-13,-26,-13]"
CSI_DATA,226314,d8:b1:90:db:e8:90,-52,11,1,7,0,0,1,0,0,0,1,-96,0,4,0,-796317475,0,100,0,128,1,"[100,-64,5,0,27,7,27,7,27,6,27,5,26,5,26,4,26,4,26,3,25,2,25,1,25,1,26,1,25,1,25,1,25,1,24,1,24,2,23,2,23,2,23,2,22,3,22,3,21,3,21,4,21,5,5,1,0,0,0,0,0,0,0,0,0,0,0,0,0,0,0,0,0,0,5,0,21,1,21,2,20,4,20,5,21,5,21,6,22,7,23,8,23,9,23,9,23,9,23,9,24,9,24,9,23,10,23,9,23,9,24,9,24,9,25,9,26,8,26,8,27,7,27,7,28,7,28,7]"
CSI_DATA,226315,d8:b1:90:db:e8:90,-51,11,1,7,0,0,1,0,0,0,1,-96,0,4,0,-796302695,0,100,0,128,1,"[100,-64,5,0,-19,-19,-19,-19,-19,-18,-19,-18,-19,-17,-19,-17,-19,-16,-19,-15,-19,-15,-19,-14,-20,-14,-20,-14,-20,-14,-19,-14,-19,-14,-19,-13,-18,-13,-18,-13,-17,-13,-17,-13,-17,-13,-16,-13,-16,-13,-15,-14,-14,-15,-4,-4,0,0,0,0,0,0,0,0,0,0,0,0,0,0,0,0,0,0,-5,-3,-17,-11,-16,-12,-15,-13,-14,-14,-14,-15,-14,-16,-14,-17,-14,-18,-15,-18,-14,-19,-14,-19,-14,-19,-14,-19,-14,-19,-14,-19,-14,-19,-15,-19,-15,-19,-16,-19,-16,-19,-17,-19,-17,-19,-18,-19,-18,-19,-19,-19,-19,-19]"
CSI_DATA,226316,d8:b1:90:db:e8:90,-51,11,1,7,0,0,1,0,0,0,1,-96,0,4,0,-796270466,0,100,0,128,1,"[100,-64,5,0,5,26,6,25,6,25,6,24,7,23,7,23,7,22,7,22,8,22,8,22,8,21,7,21,8,21,8,21,8,21,7,21,7,21,7,20,6,20,6,20,5,20,5,19,4,19,3,19,2,19,0,4,0,0,0,0,0,0,0,0,0,0,0,0,0,0,0,0,0,0,1,4,5,18,4,19,4,19,3,20,3,20,3,21,2,21,2,21,2,22,1,22,1,23,1,23,1,23,1,23,2,23,2,23,2,23,3,23,3,23,4,23,5,24,5,24,5,25,6,25,6,26,6,26]"
CSI_DATA,226317,d8:b1:90:db:e8:90,-51,11,1,7,0,0,1,0,0,0,1,-96,0,4,0,-796258431,0,100,0,128,1,"[100,-64,5,0,-12,-27,-12,-27,-13,-27,-13,-27,-14,-26,-14,-26,-14,-25,-14,-25,-14,-24,-14,-24,-14,-23,-15,-23,-15,-23,-15,-23,-15,-23,-15,-23,-14,-22,-13,-21,-13,-21,-12,-21,-11,-22,-11,-22,-9,-21,-8,-20,-7,-21,-2,-6,0,0,0,0,0,0,0,0,0,0,0,0,0,0,0,0,0,0,-3,-5,-10,-20,-9,-20,-8,-21,-8,-22,-7,-22,-7,-23,-7,-24,-7,-25,-6,-25,-6,-25,-6,-25,-6,-26,-6,-26,-6,-26,-6,-26,-6,-26,-7,-26,-8,-26,-8,-26,-9,-26,-10,-26,-10,-26,-11,-26,-11,-27,-11,-27,-11,-27]"
CSI_DATA,226318,d8:b1:90:db:e8:90,-51,11,1,7,0,0,1,0,0,0,1,-96,0,4,0,-796243707,0,100,0,128,1,"[100,-64,5,0,26,-3,26,-3,26,-3,26,-4,26,-4,25,-5,25,-5,24,-5,23,-6,23,-6,23,-7,23,-7,23,-7,23,-7,23,-7,22,-7,22,-7,22,-7,21,-6,22,-5,22,-5,23,-4,21,-2,19,-1,19,1,5,0,0,0,0,0,0,0,0,0,0,0,0,0,0,0,0,0,0,0,4,-1,19,-3,19,-2,19,-1,19,0,20,0,21,0,21,1,22,1,22,2,23,2,23,2,23,2,23,2,23,2,23,2,23,2,23,1,23,1,24,0,24,-1,24,-1,24,-2,25,-2,25,-2,26,-3,26,-3]"
CSI_DATA,226319,d8:b1:90:db:e8:90,-51,11,1,7,0,0,1,0,0,0,1,-96,0,4,0,-796233262,0,100,0,128,1,"[100,-64,5,0,-26,10,-25,10,-24,10,-24,10,-24,10,-23,11,-23,11,-22,11,-22,11,-21,11,-21,11,-21,11,-21,11,-20,12,-20,11,-21,11,-21,11,-20,10,-20,10,-20,9,-20,9,-20,8,-20,8,-20,7,-20,7,-5,1,0,0,0,0,0,0,0,0,0,0,0,0,0,0,0,0,0,0,-5,2,-18,9,-18,8,-19,8,-19,7,-20,7,-21,7,-21,7,-22,6,-22,6,-23,6,-23,6,-23,6,-23,6,-23,6,-23,6,-23,7,-23,7,-23,8,-24,8,-24,8,-24,9,-25,10,-24,11,-24,11,-25,11,-25,11]"
CSI_DATA,226320,d8:b1:90:db:e8:90,-52,11,1,7,0,0,1,0,0,0,1,-96,0,4,0,-796217934,0,100,0,128,1,"[100,-64,5,0,-23,16,-22,16,-22,16,-21,16,-20,16,-20,16,-19,16,-19,16,-19,16,-18,16,-18,16,-18,17,-17,17,-17,17,-17,17,-17,16,-17,16,-17,15,-17,14,-17,14,-17,13,-17,13,-17,12,-17,12,-18,11,-5,2,0,0,0,0,0,0,0,0,0,0,0,0,0,0,0,0,0,0,-4,3,-15,14,-16,13,-17,12,-17,12,-18,12,-19,11,-20,11,-20,11,-21,11,-21,12,-22,11,-22,11,-22,11,-22,11,-22,11,-22,11,-22,12,-22,12,-22,12,-22,13,-22,14,-22,14,-22,14,-22,14,-23,15,-23,16]"
CSI_DATA,226321,d8:b1:90:db:e8:90,-51,11,1,7,0,0,1,0,0,0,1,-96,0,4,0,-796204637,0,100,0,128,1,"[100,-64,5,0,-21,16,-21,16,-20,16,-19,17,-19,17,-18,17,-17,17,-17,16,-16,16,-16,16,-16,17,-16,17,-15,17,-15,17,-15,16,-15,16,-16,16,-16,15,-15,15,-15,14,-16,13,-15,13,-15,12,-16,12,-16,11,-4,2,0,0,0,0,0,0,0,0,0,0,0,0,0,0,0,0,0,0,-4,3,-13,14,-14,13,-15,12,-16,12,-16,12,-17,12,-18,12,-19,12,-19,12,-19,12,-20,12,-20,13,-20,13,-20,12,-21,12,-21,12,-21,12,-21,13,-20,13,-20,14,-20,15,-20,15,-20,15,-20,15,-21,16,-21,17]"
CSI_DATA,226322,d8:b1:90:db:e8:90,-51,11,1,7,0,0,1,0,0,0,1,-96,0,4,0,-796194592,0,100,0,128,1,"[100,-64,5,0,8,-27,8,-26,7,-26,7,-26,7,-26,6,-26,5,-25,5,-25,4,-25,4,-25,3,-25,3,-25,3,-26,3,-26,3,-25,3,-25,4,-25,4,-24,4,-24,4,-23,5,-22,5,-22,6,-21,6,-21,7,-20,1,-5,0,0,0,0,0,0,0,0,0,0,0,0,0,0,0,0,0,0,0,-5,3,-20,4,-20,5,-20,5,-20,6,-21,7,-21,8,-21,8,-21,8,-22,9,-22,9,-22,10,-22,10,-22,10,-22,9,-23,9,-23,9,-23,9,-24,9,-24,8,-25,8,-25,8,-26,8,-26,8,-26,8,-26,9,-26]"
CSI_DATA,226323,d8:b1:90:db:e8:90,-51,11,1,7,0,0,1,0,0,0,1,-96,0,4,0,-796172137,0,100,0,128,1,"[100,-64,5,0,16,21,16,20,16,20,16,19,16,18,17,18,17,17,16,17,16,17,16,16,16,16,16,16,16,16,16,16,16,16,17,16,16,16,16,16,15,16,15,16,14,15,13,15,12,15,12,16,11,16,2,4,0,0,0,0,0,0,0,0,0,0,0,0,0,0,0,0,0,0,3,3,12,13,12,14,12,15,11,16,10,16,10,17,10,18,10,18,10,19,10,20,10,20,10,21,10,21,10,21,10,21,10,20,11,20,12,20,12,20,13,20,14,20,15,20,15,20,15,20,16,21,16,21]"
CSI_DATA,226324,d8:b1:90:db:e8:90,-51,11,1,7,0,0,1,0,0,0,1,-96,0,4,0,-796161768,0,100,0,128,1,"[100,-64,5,0,23,-12,22,-12,22,-13,22,-14,21,-14,21,-14,20,-14,20,-14,19,-15,19,-15,18,-15,18,-15,18,-15,18,-15,18,-15,18,-15,18,-15,17,-15,17,-14,17,-12,17,-11,17,-11,17,-10,18,-9,18,-9,4,-2,0,0,0,0,0,0,0,0,0,0,0,0,0,0,0,0,0,0,3,-3,15,-11,16,-11,17,-11,17,-10,18,-10,19,-10,19,-9,20,-9,21,-9,21,-9,21,-9,22,-9,22,-9,22,-9,22,-9,22,-10,22,-10,22,-10,22,-10,22,-11,23,-11,23,-12,23,-12,23,-13,23,-13,23,-13]"
CSI_DATA,226325,d8:b1:90:db:e8:90,-51,11,1,7,0,0,1,0,0,0,1,-96,0,4,0,-796150769,0,100,0,128,1,"[100,-64,5,0,21,-14,21,-14,21,-14,20,-15,20,-15,20,-15,19,-15,18,-15,18,-16,17,-16,17,-16,17,-16,16,-16,16,-16,16,-16,17,-16,17,-15,16,-15,15,-14,15,-13,16,-12,16,-11,15,-11,16,-10,17,-9,4,-3,0,0,0,0,0,0,0,0,0,0,0,0,0,0,0,0,0,0,3,-4,14,-13,15,-12,16,-12,16,-12,17,-11,18,-11,18,-11,19,-11,20,-11,20,-10,20,-10,21,-10,21,-11,21,-11,21,-11,21,-11,20,-11,21,-12,21,-12,21,-12,22,-13,22,-13,21,-13,21,-14,22,-14,22,-14]"
CSI_DATA,226326,d8:b1:90:db:e8:90,-51,11,1,7,0,0,1,0,0,0,1,-96,0,4,0,-796133488,0,100,0,128,1,"[100,-64,5,0,19,18,19,17,19,17,19,16,19,16,19,15,19,14,19,14,19,13,19,13,20,13,20,13,20,13,19,13,19,13,19,13,19,13,18,13,17,13,17,12,16,12,16,12,15,13,14,13,13,14,3,3,0,0,0,0,0,0,0,0,0,0,0,0,0,0,0,0,0,0,3,2,15,11,15,12,14,13,14,13,14,14,14,15,14,16,14,17,14,17,14,18,14,19,14,19,14,19,14,19,15,19,15,18,16,18,16,18,17,18,17,18,18,18,18,18,18,18,19,17,19,17,20,18]"
CSI_DATA,226327,d8:b1:90:db:e8:90,-51,11,1,7,0,0,1,0,0,0,1,-96,0,4,0,-796118399,0,100,0,128,1,"[100,-64,5,0,-4,-28,-4,-27,-5,-27,-5,-26,-5,-26,-5,-25,-6,-25,-6,-25,-7,-24,-7,-24,-8,-24,-7,-24,-7,-24,-7,-24,-7,-24,-7,-24,-7,-23,-6,-23,-6,-22,-6,-22,-5,-22,-5,-21,-4,-21,-3,-21,-2,-21,-1,-6,0,0,0,0,0,0,0,0,0,0,0,0,0,0,0,0,0,0,-1,-5,-4,-20,-4,-20,-3,-21,-3,-21,-2,-21,-2,-22,-1,-22,0,-23,0,-24,1,-24,1,-24,2,-24,1,-25,1,-25,0,-25,0,-26,-1,-26,-1,-26,-1,-26,-2,-26,-2,-26,-3,-27,-3,-27,-4,-27,-4,-27,-4,-28]"
CSI_DATA,226328,d8:b1:90:db:e8:90,-51,11,1,7,0,0,1,0,0,0,1,-96,0,4,0,-796107176,0,100,0,128,1,"[100,-64,5,0,8,-24,8,-24,8,-24,7,-24,7,-24,6,-24,6,-24,5,-24,5,-23,4,-24,4,-23,4,-23,5,-23,5,-23,5,-23,5,-22,6,-22,6,-21,6,-21,7,-20,7,-19,7,-19,8,-18,9,-18,9,-18,2,-5,0,0,0,0,0,0,0,0,0,0,0,0,0,0,0,0,0,0,1,-5,6,-19,7,-19,8,-19,8,-19,9,-19,9,-19,10,-19,10,-20,11,-20,11,-20,11,-20,12,-21,11,-21,11,-21,11,-21,11,-21,11,-21,11,-22,10,-22,9,-23,9,-23,9,-24,9,-24,8,-25,8,-25,8,-26]"
CSI_DATA,226329,d8:b1:90:db:e8:90,-51,11,1,7,0,0,1,0,0,0,1,-96,0,4,0,-796096284,0,100,0,128,1,"[100,-64,5,0,-21,11,-21,11,-21,11,-20,11,-20,12,-19,12,-19,12,-19,12,-18,12,-17,12,-17,12,-18,12,-18,12,-17,12,-17,12,-17,11,-17,11,-17,10,-17,10,-17,9,-17,8,-17,8,-17,7,-17,7,-18,6,-5,1,0,0,0,0,0,0,0,0,0,0,0,0,0,0,0,0,0,0,-4,2,-16,8,-17,7,-17,7,-18,6,-18,6,-19,6,-19,6,-20,6,-20,6,-21,6,-21,6,-21,6,-21,6,-21,6,-21,6,-21,6,-21,7,-21,8,-21,8,-21,8,-21,9,-21,10,-21,10,-22,11,-22,11,-22,11]"
CSI_DATA,226330,d8:b1:90:db:e8:90,-51,11,1,7,0,0,1,0,0,0,1,-96,0,4,0,-796061479,0,100,0,128,1,"[100,-64,5,0,-28,-1,-28,-1,-27,-1,-26,0,-26,0,-26,1,-25,1,-25,1,-24,2,-24,2,-25,2,-24,3,-24,3,-24,3,-24,3,-23,3,-23,2,-22,2,-22,1,-22,1,-22,0,-22,-1,-21,-1,-21,-2,-20,-2,-5,-1,0,0,0,0,0,0,0,0,0,0,0,0,0,0,0,0,0,0,-5,0,-20,2,-20,1,-20,-1,-21,-1,-21,-2,-22,-2,-22,-2,-23,-3,-23,-3,-23,-4,-24,-4,-24,-4,-24,-4,-24,-4,-24,-3,-24,-3,-24,-3,-25,-2,-26,-2,-26,-2,-27,-2,-27,-2,-27,-1,-27,-1,-27,-1,-27,-1]"
CSI_DATA,226331,d8:b1:90:db:e8:90,-51,11,1,7,0,0,1,0,0,0,1,-96,0,4,0,-796047244,0,100,0,128,1,"[100,-64,5,0,1,-27,0,-26,0,-26,0,-26,0,-25,0,-25,-1,-25,-1,-24,-1,-24,-2,-24,-3,-24,-3,-23,-3,-23,-3,-23,-3,-23,-3,-23,-3,-23,-2,-22,-2,-22,-3,-22,-1,-21,-1,-21,-1,-20,1,-20,2,-20,0,-5,0,0,0,0,0,0,0,0,0,0,0,0,0,0,0,0,0,0,-1,-5,-1,-19,0,-20,0,-20,1,-21,1,-21,2,-21,3,-21,4,-22,4,-22,4,-23,5,-23,5,-23,5,-23,4,-24,4,-24,4,-24,3,-24,3,-24,2,-24,2,-24,2,-25,1,-25,1,-25,0,-26,1,-26,1,-26]"
CSI_DATA,226332,d8:b1:90:db:e8:90,-51,11,1,7,0,0,1,0,0,0,1,-96,0,4,0,-796033371,0,100,0,128,1,"[100,-64,5,0,13,-21,12,-21,12,-21,12,-21,11,-21,11,-21,10,-21,10,-21,9,-21,9,-21,8,-20,8,-20,8,-20,8,-20,8,-20,8,-19,8,-19,8,-19,8,-19,8,-18,9,-17,9,-17,9,-16,10,-16,11,-15,2,-4,0,0,0,0,0,0,0,0,0,0,0,0,0,0,0,0,0,0,1,-4,8,-16,8,-16,9,-16,9,-16,10,-16,11,-16,12,-16,12,-16,13,-16,13,-17,13,-17,13,-17,13,-17,13,-17,13,-17,12,-17,12,-17,12,-18,13,-18,13,-19,13,-19,13,-19,13,-20,12,-20,13,-21,13,-21]"
CSI_DATA,226333,d8:b1:90:db:e8:90,-51,11,1,7,0,0,1,0,0,0,1,-96,0,4,0,-796021056,0,100,0,128,1,"[100,-64,5,0,-17,-22,-17,-21,-17,-21,-17,-21,-17,-20,-17,-20,-17,-19,-17,-18,-18,-18,-18,-17,-18,-17,-18,-17,-18,-17,-18,-17,-17,-17,-17,-17,-17,-17,-16,-17,-15,-17,-15,-17,-14,-17,-14,-17,-13,-17,-12,-17,-12,-18,-3,-5,0,0,0,0,0,0,0,0,0,0,0,0,0,0,0,0,0,0,-4,-4,-14,-14,-13,-15,-13,-16,-13,-17,-13,-17,-13,-18,-12,-19,-12,-20,-12,-20,-12,-20,-13,-20,-13,-21,-13,-21,-13,-21,-13,-21,-13,-20,-14,-20,-14,-20,-14,-21,-14,-21,-15,-22,-15,-22,-16,-21,-16,-21,-17,-21,-17,-22]"
CSI_DATA,226334,d8:b1:90:db:e8:90,-51,11,1,7,0,0,1,0,0,0,1,-96,0,4,0,-796008809,0,100,0,128,1,"[100,-64,5,0,22,-17,22,-17,21,-17,21,-17,21,-18,20,-18,20,-18,19,-17,18,-17,18,-17,18,-17,18,-18,18,-18,18,-17,18,-17,18,-17,18,-17,17,-17,17,-16,17,-15,17,-15,17,-14,18,-13,18,-13,18,-12,4,-3,0,0,0,0,0,0,0,0,0,0,0,0,0,0,0,0,0,0,3,-4,15,-14,15,-14,16,-13,16,-13,17,-13,18,-13,19,-13,20,-13,20,-12,20,-12,21,-12,21,-12,21,-12,22,-12,21,-13,21,-13,21,-13,21,-14,21,-15,21,-15,21,-16,21,-16,21,-17,21,-17,22,-18,22,-18]"
CSI_DATA,226335,d8:b1:90:db:e8:90,-51,11,1,5,0,0,1,0,1,0,0,-96,0,4,0,-795990875,0,100,0,128,1,"[100,-64,5,0,-1,9,5,11,11,13,16,13,21,13,25,12,27,10,29,9,30,7,29,5,28,4,26,4,23,5,20,6,17,9,14,11,10,14,7,17,4,19,2,21,0,23,-1,24,-2,25,-2,25,-2,24,-1,6,0,0,0,0,0,0,0,0,0,0,0,0,0,0,0,0,0,0,-3,3,-13,15,-14,17,-16,18,-17,19,-18,20,-18,19,-18,18,-18,16,-17,13,-17,9,-16,4,-16,-1,-16,-6,-16,-10,-17,-15,-18,-18,-19,-21,-21,-23,-23,-23,-25,-22,-26,-20,-26,-18,-25,-14,-23,-10,-21,-6,-18,-3]"
CSI_DATA,226336,d8:b1:90:db:e8:90,-59,11,1,7,0,0,1,0,0,0,1,-96,0,4,0,-795979245,0,100,0,128,1,"[100,-64,5,0,-15,6,-15,6,-15,6,-17,6,-17,6,-17,6,-17,7,-19,8,-20,9,-19,9,-19,10,-18,13,-18,14,-18,14,-18,14,-18,16,-18,16,-18,16,-18,16,-18,16,-19,15,-19,15,-19,14,-18,15,-18,15,-5,3,0,0,0,0,0,0,0,0,0,0,0,0,0,0,0,0,0,0,-1,3,-3,13,-4,12,-5,10,-6,10,-6,10,-3,4,5,-6,9,-12,9,-12,3,-4,-11,13,-18,21,-18,21,-16,18,-12,14,-10,11,-10,11,-10,11,-11,11,-11,12,-11,12,-11,11,-13,9,-13,8,-14,8,-14,8]"
CSI_DATA,226337,d8:b1:90:db:e8:90,-51,11,1,7,0,0,1,0,0,0,1,-96,0,4,0,-795955226,0,100,0,128,1,"[100,-64,5,0,25,-9,24,-9,24,-9,23,-10,23,-10,22,-10,22,-10,21,-10,21,-11,20,-11,20,-12,20,-12,20,-12,20,-12,19,-12,19,-11,18,-10,18,-10,18,-10,19,-10,19,-9,18,-8,17,-7,17,-7,18,-6,4,-2,0,0,0,0,0,0,0,0,0,0,0,0,0,0,0,0,0,0,4,-3,17,-9,17,-8,17,-7,18,-6,18,-6,19,-6,20,-5,21,-5,22,-4,23,-4,23,-5,23,-4,23,-4,23,-4,23,-4,23,-5,23,-5,23,-6,23,-6,23,-7,23,-7,24,-8,24,-8,24,-8,24,-8,25,-9]"
CSI_DATA,226338,d8:b1:90:db:e8:90,-51,11,1,7,0,0,1,0,0,0,1,-96,0,4,0,-795943261,0,100,0,128,1,"[100,-64,5,0,13,-22,13,-22,13,-22,13,-22,12,-22,12,-22,11,-22,10,-22,10,-22,9,-22,9,-22,8,-22,8,-22,8,-22,8,-22,8,-21,8,-21,8,-20,9,-21,9,-21,9,-20,9,-17,8,-16,9,-16,10,-16,2,-4,0,0,0,0,0,0,0,0,0,0,0,0,0,0,0,0,0,0,1,-5,7,-17,8,-17,9,-16,10,-16,10,-16,12,-16,13,-17,14,-17,14,-18,15,-18,15,-18,15,-18,15,-18,15,-18,15,-18,14,-18,15,-18,15,-19,14,-20,14,-20,14,-21,14,-21,13,-22,13,-22,13,-22,14,-23]"
CSI_DATA,226339,d8:b1:90:db:e8:90,-52,11,1,7,0,0,1,0,0,0,1,-96,0,4,0,-795929346,0,100,0,128,1,"[100,-64,5,0,16,-20,16,-19,16,-20,16,-21,16,-21,16,-21,15,-20,15,-20,15,-20,15,-20,14,-20,13,-20,13,-20,13,-20,12,-19,8,-18,7,-18,7,-18,6,-18,4,-20,3,-21,4,-20,4,-20,4,-20,4,-19,1,-5,0,0,0,0,0,0,0,0,0,0,0,0,0,0,0,0,0,0,1,-5,7,-19,8,-18,10,-18,11,-17,12,-17,13,-17,14,-18,15,-19,16,-18,16,-18,16,-18,17,-17,17,-17,17,-17,15,-18,15,-19,15,-19,15,-20,14,-22,14,-22,14,-22,14,-23,14,-23,14,-24,15,-22,17,-19]"
CSI_DATA,226340,d8:b1:90:db:e8:90,-52,11,1,7,0,0,1,0,0,0,1,-96,0,4,0,-795914925,0,100,0,128,1,"[100,-64,5,0,-16,23,-16,22,-16,22,-15,22,-14,22,-14,22,-13,21,-12,21,-11,20,-11,20,-11,20,-10,20,-9,20,-10,20,-9,20,-6,20,-5,20,-6,19,-5,19,-3,18,-3,17,-3,17,-3,17,-2,19,-3,19,-1,4,0,0,0,0,0,0,0,0,0,0,0,0,0,0,0,0,0,0,-1,5,-3,20,-4,20,-6,20,-7,20,-8,20,-9,20,-10,20,-11,21,-12,21,-13,21,-14,22,-14,22,-14,21,-14,21,-15,21,-15,21,-15,21,-15,21,-15,22,-15,22,-15,23,-15,23,-15,22,-16,22,-16,22,-15,23]"
CSI_DATA,226341,d8:b1:90:db:e8:90,-52,11,1,7,0,0,1,0,0,0,1,-96,0,4,0,-795892807,0,100,0,128,1,"[100,-64,5,0,20,14,19,14,19,14,20,13,20,12,19,12,19,12,19,10,18,10,18,9,18,9,19,8,19,8,18,9,18,8,18,6,18,5,17,5,17,5,16,3,16,3,15,3,16,3,16,2,17,3,4,0,0,0,0,0,0,0,0,0,0,0,0,0,0,0,0,0,0,0,4,0,19,2,18,3,18,4,18,6,18,7,18,7,19,8,19,9,19,10,20,11,20,11,20,12,20,13,20,13,19,13,18,13,18,13,19,13,19,13,19,14,20,14,20,14,19,14,19,14,20,14,20,14]"
CSI_DATA,226342,d8:b1:90:db:e8:90,-51,11,1,7,0,0,1,0,0,0,1,-96,0,4,0,-795881815,0,100,0,128,1,"[100,-64,5,0,23,-12,23,-12,22,-12,22,-12,22,-12,21,-12,21,-12,20,-12,20,-12,20,-13,20,-13,20,-12,20,-12,20,-12,20,-12,19,-11,19,-11,18,-10,18,-10,19,-10,19,-9,18,-9,18,-8,18,-7,18,-6,4,-2,0,0,0,0,0,0,0,0,0,0,0,0,0,0,0,0,0,0,4,-3,16,-9,17,-9,17,-8,18,-8,18,-7,19,-7,20,-7,21,-7,21,-7,22,-7,22,-7,22,-7,22,-7,22,-7,22,-7,22,-7,22,-8,22,-8,22,-9,21,-9,22,-10,22,-11,22,-11,22,-11,23,-11,23,-12]"
CSI_DATA,226343,d8:b1:90:db:e8:90,-51,11,1,7,0,0,1,0,0,0,1,-96,0,4,0,-795852468,0,100,0,128,1,"[100,-64,5,0,-20,18,-19,18,-19,18,-18,18,-18,18,-17,18,-17,18,-16,18,-16,17,-15,18,-15,18,-15,18,-15,18,-14,18,-14,18,-14,18,-14,17,-14,17,-14,16,-14,16,-15,16,-14,15,-14,15,-15,14,-15,14,-4,3,0,0,0,0,0,0,0,0,0,0,0,0,0,0,0,0,0,0,-4,3,-13,15,-14,14,-14,14,-14,14,-15,14,-16,14,-17,14,-17,14,-18,14,-18,14,-18,15,-18,14,-18,14,-19,14,-20,14,-20,14,-20,14,-20,15,-20,15,-20,15,-20,16,-19,16,-19,17,-19,17,-19,18,-20,18]"
CSI_DATA,226344,d8:b1:90:db:e8:90,-51,11,1,7,0,0,1,0,0,0,1,-96,0,4,0,-795839587,0,100,0,128,1,"[100,-64,5,0,26,-7,25,-8,25,-8,24,-9,24,-9,23,-9,23,-10,22,-10,22,-11,21,-12,21,-11,21,-11,21,-10,21,-11,21,-11,21,-11,21,-10,19,-10,19,-9,20,-9,20,-9,19,-9,19,-8,19,-7,20,-5,5,-1,0,0,0,0,0,0,0,0,0,0,0,0,0,0,0,0,0,0,4,-2,19,-7,19,-6,19,-5,20,-4,20,-4,21,-3,21,-3,22,-2,23,-2,23,-2,24,-1,24,0,24,0,24,0,24,-1,24,-1,25,-2,25,-3,25,-3,25,-4,25,-4,26,-5,25,-6,26,-6,26,-6,26,-7]"
CSI_DATA,226345,d8:b1:90:db:e8:90,-51,11,1,7,0,0,1,0,0,0,1,-96,0,4,0,-795827195,0,100,0,128,1,"[100,-64,5,0,-30,1,-29,1,-28,2,-28,2,-28,3,-27,3,-27,3,-27,3,-26,4,-26,4,-26,5,-26,5,-26,5,-26,4,-26,4,-25,4,-25,4,-25,3,-24,2,-23,2,-23,2,-23,2,-23,1,-22,0,-22,-1,-6,-1,0,0,0,0,0,0,0,0,0,0,0,0,0,0,0,0,0,0,-6,1,-22,3,-22,2,-22,1,-23,1,-23,0,-24,0,-24,-1,-25,-1,-25,-2,-25,-2,-26,-3,-27,-3,-27,-3,-27,-3,-27,-3,-27,-2,-27,-2,-27,-2,-27,-1,-28,-1,-28,0,-28,0,-28,1,-29,2,-29,2,-30,2]"
CSI_DATA,226346,d8:b1:90:db:e8:90,-52,11,1,7,0,0,1,0,0,0,1,-96,0,4,0,-795814471,0,100,0,128,1,"[100,-64,5,0,-28,-10,-28,-9,-27,-9,-27,-8,-27,-8,-27,-7,-26,-7,-26,-7,-26,-7,-26,-6,-26,-6,-26,-5,-26,-5,-25,-5,-25,-5,-25,-5,-25,-5,-24,-6,-24,-6,-23,-6,-22,-6,-22,-6,-22,-7,-21,-8,-21,-10,-5,-3,0,0,0,0,0,0,0,0,0,0,0,0,0,0,0,0,0,0,-6,-2,-21,-6,-21,-7,-21,-8,-21,-8,-21,-9,-22,-10,-22,-10,-22,-11,-22,-11,-23,-12,-23,-13,-23,-13,-23,-13,-23,-13,-23,-13,-24,-12,-24,-12,-24,-12,-25,-11,-26,-11,-26,-11,-26,-11,-27,-10,-27,-10,-28,-10,-29,-10]"
CSI_DATA,226347,d8:b1:90:db:e8:90,-51,11,1,7,0,0,1,0,0,0,1,-96,0,4,0,-795803945,0,100,0,128,1,"[100,-64,5,0,15,-25,15,-25,14,-25,14,-25,13,-25,13,-25,12,-25,12,-25,12,-25,12,-25,11,-24,11,-24,10,-24,10,-24,10,-24,11,-24,11,-23,10,-23,11,-22,11,-21,11,-20,11,-19,12,-19,12,-19,13,-18,3,-5,0,0,0,0,0,0,0,0,0,0,0,0,0,0,0,0,0,0,2,-5,9,-20,10,-19,11,-19,11,-19,12,-20,13,-20,14,-20,15,-20,15,-20,16,-20,17,-20,17,-20,17,-20,17,-20,17,-20,17,-20,17,-21,17,-22,16,-23,16,-23,16,-24,15,-24,15,-24,15,-25,15,-25,16,-26]"
CSI_DATA,226348,d8:b1:90:db:e8:90,-52,11,1,7,0,0,1,0,0,0,1,-96,0,4,0,-795792613,0,100,0,128,1,"[100,-64,5,0,-25,16,-25,16,-24,16,-23,16,-22,16,-22,16,-21,16,-21,17,-20,17,-20,17,-19,17,-19,18,-19,18,-19,18,-18,17,-18,17,-18,17,-18,16,-18,16,-18,15,-18,14,-18,14,-18,13,-19,12,-19,11,-5,2,0,0,0,0,0,0,0,0,0,0,0,0,0,0,0,0,0,0,-4,3,-15,15,-15,15,-16,14,-16,14,-17,13,-18,13,-20,13,-21,14,-21,14,-22,13,-23,12,-23,11,-23,11,-23,12,-24,12,-24,13,-24,13,-24,13,-24,13,-24,13,-24,14,-24,15,-24,15,-25,15,-25,16,-25,16]"
CSI_DATA,226349,d8:b1:90:db:e8:90,-52,11,1,7,0,0,1,0,0,0,1,-96,0,4,0,-795782374,0,100,0,128,1,"[100,-64,5,0,3,25,3,25,3,24,4,24,4,24,4,23,5,23,5,22,6,22,6,22,6,22,7,21,7,21,7,21,7,21,7,21,7,21,6,20,6,20,5,20,5,19,4,19,4,19,3,19,2,19,0,4,0,0,0,0,0,0,0,0,0,0,0,0,0,0,0,0,0,0,1,4,6,17,5,17,4,18,4,18,4,19,3,19,3,20,2,21,2,22,2,22,1,22,0,22,0,22,0,23,0,23,0,23,1,23,1,23,1,23,1,23,2,24,2,24,2,25,2,25,3,25,3,25]"
CSI_DATA,226350,d8:b1:90:db:e8:90,-51,11,1,6,0,0,1,0,0,0,1,-96,0,4,0,-795758163,0,100,0,128,1,"[100,-64,5,0,-16,19,-16,19,-15,18,-15,18,-15,18,-14,18,-14,18,-13,18,-13,18,-12,18,-12,18,-12,18,-11,18,-11,18,-11,18,-11,18,-11,18,-11,17,-11,17,-11,16,-12,16,-12,15,-12,15,-13,14,-13,14,-4,3,0,0,0,0,0,0,0,0,0,0,0,0,0,0,0,0,0,0,-3,3,-12,14,-13,13,-13,13,-14,13,-14,13,-15,13,-15,13,-16,13,-16,13,-17,13,-17,14,-17,14,-17,14,-17,14,-17,14,-17,14,-17,14,-17,15,-17,15,-16,15,-16,15,-16,16,-16,16,-16,17,-16,17,-16,18]"
CSI_DATA,226351,d8:b1:90:db:e8:90,-51,11,1,6,0,0,1,0,0,0,1,-96,0,4,0,-795746582,0,100,0,128,1,"[100,-64,5,0,-14,-23,-14,-23,-14,-22,-14,-22,-14,-21,-15,-21,-15,-20,-15,-20,-15,-20,-15,-19,-16,-19,-16,-19,-16,-18,-16,-18,-15,-18,-15,-18,-15,-19,-15,-19,-15,-19,-13,-18,-12,-18,-12,-19,-11,-18,-11,-18,-10,-19,-3,-5,0,0,0,0,0,0,0,0,0,0,0,0,0,0,0,0,0,0,-2,-3,-6,-10,-6,-12,-8,-16,-9,-19,-8,-19,-8,-20,-8,-20,-8,-21,-8,-22,-8,-22,-8,-22,-8,-22,-8,-23,-8,-23,-8,-23,-8,-23,-9,-23,-10,-23,-11,-23,-11,-22,-12,-23,-12,-23,-13,-23,-13,-23,-13,-23,-13,-23]"
CSI_DATA,226352,d8:b1:90:db:e8:90,-51,11,1,6,0,0,1,0,0,0,1,-96,0,4,0,-795734752,0,100,0,128,1,"[100,-64,5,0,-17,20,-17,20,-16,20,-16,20,-16,20,-15,20,-15,20,-14,19,-14,19,-13,19,-13,19,-14,19,-14,20,-14,19,-14,19,-14,19,-14,19,-14,18,-13,18,-14,17,-14,17,-14,16,-14,14,-14,13,-15,14,-4,3,0,0,0,0,0,0,0,0,0,0,0,0,0,0,0,0,0,0,-3,4,-12,16,-13,15,-13,15,-14,15,-15,15,-15,15,-16,15,-16,15,-17,15,-17,15,-18,15,-18,15,-18,15,-18,15,-19,15,-19,15,-19,15,-18,16,-18,16,-18,17,-17,18,-18,18,-18,19,-18,19,-18,20,-18,20]"
CSI_DATA,226353,d8:b1:90:db:e8:90,-51,11,1,6,0,0,1,0,0,0,1,-96,0,4,0,-795723928,0,100,0,128,1,"[100,-64,5,0,-22,17,-22,17,-21,17,-20,17,-20,17,-19,17,-19,17,-18,17,-18,17,-18,18,-17,18,-17,18,-17,18,-16,18,-16,18,-16,18,-17,17,-16,16,-16,16,-16,15,-16,14,-16,14,-17,13,-17,12,-17,11,-5,2,0,0,0,0,0,0,0,0,0,0,0,0,0,0,0,0,0,0,-4,3,-15,14,-16,13,-16,13,-16,12,-17,12,-18,12,-19,12,-20,12,-20,12,-21,12,-21,11,-21,11,-22,11,-22,12,-22,12,-22,12,-22,13,-22,13,-21,13,-21,14,-21,15,-21,15,-21,15,-21,16,-21,16,-22,17]"
CSI_DATA,226354,d8:b1:90:db:e8:90,-51,11,1,6,0,0,1,0,0,0,1,-96,0,4,0,-795713488,0,100,0,128,1,"[100,-64,5,0,-8,-29,-8,-29,-8,-28,-8,-28,-9,-28,-9,-27,-9,-26,-10,-26,-10,-26,-11,-25,-11,-25,-12,-25,-11,-24,-11,-24,-11,-24,-11,-24,-11,-24,-10,-24,-10,-23,-9,-23,-8,-22,-8,-22,-7,-22,-6,-22,-4,-22,-1,-6,0,0,0,0,0,0,0,0,0,0,0,0,0,0,0,0,0,0,-2,-5,-8,-21,-7,-21,-6,-22,-6,-22,-5,-23,-5,-24,-4,-24,-4,-25,-3,-25,-3,-26,-3,-26,-3,-27,-3,-27,-3,-27,-3,-27,-3,-27,-4,-27,-4,-27,-5,-27,-5,-27,-6,-27,-6,-27,-6,-27,-7,-27,-7,-28,-7,-29]"
CSI_DATA,226355,d8:b1:90:db:e8:90,-51,11,1,6,0,0,1,0,0,0,1,-96,0,4,0,-795702761,0,100,0,128,1,"[100,-64,5,0,-21,-12,-22,-11,-22,-11,-22,-11,-22,-10,-22,-10,-21,-10,-21,-9,-20,-9,-20,-9,-20,-8,-20,-8,-20,-7,-20,-7,-20,-7,-20,-7,-20,-7,-19,-7,-19,-7,-18,-8,-18,-8,-18,-8,-17,-9,-16,-10,-15,-11,-4,-3,0,0,0,0,0,0,0,0,0,0,0,0,0,0,0,0,0,0,-5,-2,-16,-8,-16,-9,-16,-10,-15,-10,-16,-11,-16,-11,-16,-11,-17,-12,-17,-12,-17,-13,-17,-13,-17,-13,-17,-13,-17,-13,-18,-14,-18,-14,-18,-13,-19,-13,-19,-13,-19,-13,-20,-13,-20,-12,-21,-12,-21,-12,-21,-12,-22,-12]"
CSI_DATA,226356,d8:b1:90:db:e8:90,-51,11,1,6,0,0,1,0,0,0,1,-96,0,4,0,-795691961,0,100,0,128,1,"[100,-64,5,0,20,12,20,12,20,12,20,12,20,11,20,11,20,10,19,10,19,10,18,9,19,9,19,9,19,9,19,8,18,9,18,8,18,8,17,8,17,8,16,9,16,9,15,9,14,10,13,11,13,12,3,3,0,0,0,0,0,0,0,0,0,0,0,0,0,0,0,0,0,0,4,1,16,7,16,8,15,9,15,9,15,10,15,10,16,10,16,11,16,11,16,12,16,12,17,13,17,13,17,13,17,14,17,13,17,13,18,13,18,13,18,13,19,13,19,12,20,12,20,12,20,12,20,12]"
CSI_DATA,226357,d8:b1:90:db:e8:90,-51,11,1,6,0,0,1,0,0,0,1,-96,0,4,0,-795681547,0,100,0,128,1,"[100,-64,5,0,16,-20,15,-19,15,-20,15,-20,14,-20,14,-20,13,-21,12,-21,12,-21,11,-21,10,-21,10,-21,10,-20,10,-20,10,-20,10,-20,10,-20,10,-20,10,-19,11,-19,11,-18,11,-17,11,-17,12,-16,12,-15,3,-4,0,0,0,0,0,0,0,0,0,0,0,0,0,0,0,0,0,0,2,-5,9,-17,10,-16,11,-16,11,-16,12,-16,13,-16,14,-16,15,-16,15,-16,15,-16,16,-16,16,-16,16,-16,16,-16,16,-16,16,-16,16,-16,16,-17,16,-17,16,-18,16,-18,16,-19,16,-19,16,-19,16,-20,16,-20]"
CSI_DATA,226358,d8:b1:90:db:e8:90,-51,11,1,6,0,0,1,0,0,0,1,-96,0,4,0,-795651039,0,100,0,128,1,"[100,-64,5,0,-27,-8,-27,-8,-26,-7,-26,-6,-26,-6,-26,-5,-25,-4,-25,-4,-25,-3,-25,-3,-25,-2,-25,-2,-24,-2,-24,-2,-24,-2,-24,-2,-24,-2,-24,-2,-23,-3,-22,-3,-22,-3,-21,-4,-21,-4,-21,-5,-21,-6,-5,-2,0,0,0,0,0,0,0,0,0,0,0,0,0,0,0,0,0,0,-4,-1,-15,-2,-16,-3,-19,-4,-20,-5,-21,-6,-21,-6,-21,-7,-21,-7,-22,-8,-22,-9,-22,-9,-21,-9,-21,-10,-22,-10,-23,-10,-23,-10,-23,-9,-24,-9,-24,-8,-25,-8,-25,-8,-25,-8,-26,-8,-26,-8,-27,-8,-27,-8]"
CSI_DATA,226359,d8:b1:90:db:e8:90,-51,11,1,6,0,0,1,0,0,0,1,-96,0,4,0,-795637626,0,100,0,128,1,"[100,-64,5,0,27,2,26,1,27,1,26,0,26,-1,26,-1,25,-2,25,-2,25,-2,24,-2,24,-2,24,-3,24,-3,24,-4,24,-3,24,-3,24,-3,24,-2,23,-2,22,-1,21,0,22,1,22,1,21,2,19,4,4,1,0,0,0,0,0,0,0,0,0,0,0,0,0,0,0,0,0,0,5,0,20,1,20,2,20,3,20,3,21,4,22,4,22,4,22,5,23,5,23,6,23,7,23,7,23,7,24,7,24,6,24,6,24,5,25,5,25,4,25,3,26,3,26,3,27,3,27,3,28,3,28,2]"
CSI_DATA,226360,d8:b1:90:db:e8:90,-51,11,1,6,0,0,1,0,0,0,1,-96,0,4,0,-795619226,0,100,0,128,1,"[100,-64,5,0,-24,-12,-24,-12,-24,-11,-24,-11,-24,-10,-24,-9,-24,-9,-23,-9,-23,-8,-23,-8,-24,-8,-24,-7,-23,-7,-23,-7,-23,-7,-23,-8,-23,-8,-22,-8,-21,-8,-20,-9,-20,-9,-20,-9,-19,-9,-18,-10,-18,-11,-5,-3,0,0,0,0,0,0,0,0,0,0,0,0,0,0,0,0,0,0,-5,-2,-18,-7,-18,-8,-18,-9,-19,-10,-19,-11,-19,-12,-19,-12,-20,-12,-20,-13,-20,-13,-20,-13,-20,-14,-20,-14,-20,-14,-21,-14,-21,-13,-21,-13,-21,-13,-22,-13,-22,-13,-23,-12,-23,-12,-24,-12,-24,-12,-25,-12,-25,-12]"
CSI_DATA,226361,d8:b1:90:db:e8:90,-52,11,1,6,0,0,1,0,0,0,1,-96,0,4,0,-795603291,0,100,0,128,1,"[100,-64,5,0,-18,22,-17,22,-17,22,-16,23,-16,23,-15,22,-14,22,-14,22,-14,22,-14,22,-14,21,-14,21,-13,21,-13,21,-13,21,-13,21,-14,21,-14,21,-13,20,-13,19,-14,18,-14,17,-14,17,-15,16,-16,15,-4,3,0,0,0,0,0,0,0,0,0,0,0,0,0,0,0,0,0,0,-3,4,-11,18,-12,18,-13,18,-13,18,-14,18,-14,18,-15,18,-16,18,-16,18,-17,18,-18,18,-18,18,-18,18,-18,18,-18,19,-18,19,-18,20,-18,20,-18,20,-17,21,-17,21,-17,22,-17,22,-17,23,-17,23,-17,23]"
CSI_DATA,226362,d8:b1:90:db:e8:90,-51,11,1,6,0,0,1,0,0,0,1,-96,0,4,0,-795586566,0,100,0,128,1,"[100,-64,5,0,25,-2,25,-2,25,-3,25,-3,25,-4,24,-4,24,-5,23,-5,23,-6,23,-6,23,-6,23,-6,22,-7,22,-7,22,-7,22,-7,22,-6,21,-6,21,-6,21,-6,20,-5,20,-4,20,-3,19,-3,19,-2,4,-1,0,0,0,0,0,0,0,0,0,0,0,0,0,0,0,0,0,0,4,-2,19,-5,19,-5,19,-4,20,-4,21,-3,21,-3,21,-2,21,-2,22,-1,22,-1,23,0,24,1,24,1,24,1,24,0,24,-1,25,-1,24,-1,24,-1,24,-2,24,-2,24,-2,25,-2,25,-1,26,-2,27,-2]"
CSI_DATA,226363,d8:b1:90:db:e8:90,-51,11,1,6,0,0,1,0,0,0,1,-96,0,4,0,-795552785,0,100,0,128,1,"[100,-64,5,0,6,-24,6,-23,6,-23,5,-24,5,-24,4,-23,3,-23,3,-23,3,-23,3,-23,2,-22,1,-22,1,-22,2,-22,1,-22,1,-21,2,-21,2,-21,2,-20,2,-20,2,-20,3,-19,3,-19,4,-18,5,-18,1,-5,0,0,0,0,0,0,0,0,0,0,0,0,0,0,0,0,0,0,0,-5,3,-17,3,-17,4,-17,5,-18,5,-18,6,-18,6,-19,7,-19,7,-19,7,-20,8,-20,8,-20,8,-20,8,-20,8,-20,8,-20,8,-21,8,-21,7,-21,7,-22,6,-22,6,-23,6,-23,6,-23,6,-24,6,-25]"
CSI_DATA,226364,d8:b1:90:db:e8:90,-51,11,1,6,0,0,1,0,0,0,1,-96,0,4,0,-795540203,0,100,0,128,1,"[100,-64,5,0,-12,-22,-12,-22,-12,-21,-12,-20,-12,-20,-13,-20,-13,-19,-12,-19,-13,-19,-13,-18,-13,-18,-13,-17,-13,-17,-13,-17,-13,-17,-12,-17,-12,-17,-12,-17,-11,-17,-11,-16,-11,-16,-10,-16,-10,-16,-9,-17,-9,-17,-2,-5,0,0,0,0,0,0,0,0,0,0,0,0,0,0,0,0,0,0,-3,-4,-10,-15,-9,-16,-9,-16,-8,-17,-8,-17,-8,-18,-7,-18,-7,-19,-7,-19,-7,-20,-7,-20,-7,-20,-7,-20,-7,-20,-7,-20,-8,-20,-8,-20,-9,-20,-9,-21,-9,-21,-10,-21,-10,-21,-11,-21,-11,-21,-11,-21,-11,-21]"
CSI_DATA,226365,d8:b1:90:db:e8:90,-51,11,1,6,0,0,1,0,0,0,1,-96,0,4,0,-795525325,0,100,0,128,1,"[100,-64,5,0,-28,-2,-28,-2,-27,-2,-27,-2,-26,-1,-26,-1,-26,0,-25,-1,-25,0,-24,0,-24,1,-24,1,-24,1,-24,1,-23,1,-23,1,-23,1,-22,0,-21,0,-22,-1,-22,-1,-21,-1,-20,-1,-21,-2,-23,-3,-6,-1,0,0,0,0,0,0,0,0,0,0,0,0,0,0,0,0,0,0,-5,0,-20,1,-20,0,-20,-1,-21,-2,-21,-3,-22,-3,-22,-3,-22,-4,-22,-5,-23,-5,-23,-5,-23,-6,-23,-6,-23,-6,-24,-5,-24,-5,-24,-5,-24,-4,-24,-4,-25,-4,-25,-3,-26,-3,-26,-2,-26,-2,-27,-2,-27,-2]"
CSI_DATA,226366,d8:b1:90:db:e8:90,-51,11,1,6,0,0,1,0,0,0,1,-96,0,4,0,-795514383,0,100,0,128,1,"[100,-64,5,0,-2,26,-1,26,-1,25,0,25,0,24,1,24,1,23,1,23,1,23,2,23,2,23,2,23,2,23,2,23,2,23,2,22,2,22,2,21,2,21,1,21,1,20,0,19,-1,20,-1,20,-2,20,-1,5,0,0,0,0,0,0,0,0,0,0,0,0,0,0,0,0,0,0,0,4,2,18,1,19,1,19,0,19,0,20,-1,20,-1,20,-2,21,-2,21,-2,21,-2,21,-3,22,-2,22,-3,22,-4,22,-4,22,-4,23,-3,23,-3,23,-2,23,-2,24,-2,24,-2,24,-1,25,-1,26,-1,26]"
CSI_DATA,226367,d8:b1:90:db:e8:90,-51,11,1,6,0,0,1,0,0,0,1,-96,0,4,0,-795501834,0,100,0,128,1,"[100,-64,5,0,-16,18,-15,18,-15,18,-15,17,-14,17,-14,17,-13,17,-13,17,-12,17,-12,17,-12,18,-11,18,-11,18,-11,18,-11,18,-11,18,-12,17,-12,16,-12,16,-12,16,-12,15,-13,15,-13,14,-12,13,-13,13,-4,3,0,0,0,0,0,0,0,0,0,0,0,0,0,0,0,0,0,0,-3,3,-11,14,-12,13,-12,13,-13,13,-14,12,-14,12,-14,12,-15,13,-15,13,-15,13,-16,13,-16,13,-16,13,-16,13,-16,13,-16,14,-16,14,-16,14,-15,15,-15,15,-15,16,-15,17,-15,18,-16,18,-16,18,-16,18]"
CSI_DATA,226368,d8:b1:90:db:e8:90,-51,11,1,6,0,0,1,0,0,0,1,-96,0,4,0,-795486593,0,100,0,128,1,"[100,-64,5,0,-17,17,-17,17,-16,17,-16,16,-16,16,-15,16,-15,16,-14,16,-14,16,-14,16,-13,16,-13,17,-13,17,-13,17,-13,17,-13,16,-13,16,-13,15,-13,15,-13,15,-13,14,-14,14,-13,13,-13,12,-13,12,-4,2,0,0,0,0,0,0,0,0,0,0,0,0,0,0,0,0,0,0,-3,3,-12,13,-13,12,-14,11,-14,11,-15,11,-15,11,-16,11,-16,12,-17,12,-17,12,-17,12,-17,12,-17,12,-17,12,-18,12,-18,12,-18,12,-17,13,-17,14,-16,14,-16,15,-17,15,-17,16,-17,16,-17,16,-17,16]"
CSI_DATA,226369,d8:b1:90:db:e8:90,-51,11,1,6,0,0,1,0,0,0,1,-96,0,4,0,-795450571,0,100,0,128,1,"[100,-64,5,0,14,-24,13,-24,13,-24,13,-23,12,-23,12,-23,11,-23,10,-23,10,-23,9,-23,9,-23,8,-23,8,-23,8,-23,8,-23,8,-23,8,-23,8,-22,8,-22,9,-21,9,-21,9,-20,10,-19,10,-18,11,-17,2,-5,0,0,0,0,0,0,0,0,0,0,0,0,0,0,0,0,0,0,2,-5,10,-18,10,-18,11,-18,11,-18,12,-18,13,-18,13,-18,13,-18,14,-18,14,-18,15,-18,16,-18,16,-18,16,-18,16,-18,16,-19,16,-19,16,-20,15,-20,15,-21,15,-22,15,-22,15,-22,15,-22,15,-23,15,-23]"
CSI_DATA,226370,d8:b1:90:db:e8:90,-51,11,1,6,0,0,1,0,0,0,1,-96,0,4,0,-795435752,0,100,0,128,1,"[100,-64,5,0,-9,25,-9,25,-8,24,-8,24,-7,24,-7,23,-6,23,-5,23,-5,22,-4,22,-3,22,-3,22,-3,22,-3,22,-3,22,-3,22,-3,21,-3,21,-4,20,-5,20,-5,19,-5,19,-5,20,-7,19,-8,17,-3,4,0,0,0,0,0,0,0,0,0,0,0,0,0,0,0,0,0,0,-2,4,-5,19,-6,19,-7,19,-7,19,-8,19,-9,19,-10,19,-11,19,-11,19,-11,20,-11,20,-12,20,-11,20,-12,21,-12,21,-12,21,-12,21,-12,22,-12,22,-11,22,-11,23,-10,23,-10,24,-10,24,-9,25,-9,25]"
CSI_DATA,226371,d8:b1:90:db:e8:90,-51,11,1,6,0,0,1,0,0,0,1,-96,0,4,0,-795421426,0,100,0,128,1,"[100,-64,5,0,-22,-17,-21,-18,-20,-15,-22,-12,-23,-13,-22,-13,-21,-10,-23,-8,-23,-9,-21,-9,-22,-6,-24,-6,-23,-7,-21,-5,-22,-3,-24,-4,-22,-6,-20,-3,-21,-2,-22,-4,-20,-5,-19,-3,-21,-4,-20,-6,-17,-6,-4,-2,0,0,0,0,0,0,0,0,0,0,0,0,0,0,0,0,0,0,-2,-5,-7,-17,-8,-17,-8,-19,-6,-20,-6,-19,-8,-19,-8,-21,-7,-21,-7,-20,-9,-21,-8,-23,-7,-22,-9,-21,-10,-22,-10,-23,-10,-21,-13,-20,-14,-22,-13,-22,-14,-20,-16,-19,-17,-21,-16,-20,-18,-18,-20,-19,-21,-21]"
CSI_DATA,226372,d8:b1:90:db:e8:90,-51,11,1,6,0,0,1,0,0,0,1,-96,0,4,0,-795410130,0,100,0,128,1,"[100,-64,5,0,-16,23,-16,23,-15,22,-14,22,-13,22,-13,22,-12,22,-11,22,-11,22,-10,22,-10,22,-10,22,-9,22,-9,22,-9,21,-10,21,-10,21,-10,20,-10,20,-10,19,-10,18,-11,18,-12,17,-12,17,-12,16,-3,4,0,0,0,0,0,0,0,0,0,0,0,0,0,0,0,0,0,0,-3,4,-10,17,-10,16,-12,16,-13,16,-13,16,-14,16,-15,16,-16,17,-16,17,-17,17,-17,17,-18,17,-18,17,-17,17,-17,17,-17,17,-17,18,-17,18,-17,19,-16,19,-16,20,-16,20,-16,21,-16,21,-16,22,-16,22]"
CSI_DATA,226373,d8:b1:90:db:e8:90,-51,11,1,6,0,0,1,0,0,0,1,-96,0,4,0,-795398462,0,100,0,128,1,"[100,-64,5,0,-26,-7,-26,-7,-26,-6,-25,-6,-25,-5,-25,-5,-25,-5,-24,-5,-24,-4,-24,-4,-24,-4,-24,-3,-24,-3,-24,-3,-23,-3,-23,-3,-23,-3,-22,-4,-22,-4,-21,-5,-21,-5,-20,-5,-20,-6,-19,-7,-18,-8,-5,-2,0,0,0,0,0,0,0,0,0,0,0,0,0,0,0,0,0,0,-5,-1,-19,-4,-19,-5,-20,-6,-20,-7,-20,-7,-20,-8,-21,-8,-21,-8,-21,-9,-21,-10,-22,-10,-22,-11,-22,-11,-22,-11,-22,-10,-22,-9,-22,-9,-23,-9,-23,-8,-24,-8,-24,-8,-24,-8,-25,-8,-25,-8,-26,-8,-26,-8]"
CSI_DATA,226374,d8:b1:90:db:e8:90,-51,11,1,6,0,0,1,0,0,0,1,-96,0,4,0,-795379411,0,100,0,128,1,"[100,-64,5,0,15,-19,15,-19,14,-19,14,-19,13,-19,13,-19,12,-19,12,-19,11,-19,11,-19,11,-19,11,-19,10,-18,10,-18,11,-18,11,-18,11,-17,11,-17,11,-17,11,-16,11,-15,11,-15,11,-15,12,-14,12,-14,3,-4,0,0,0,0,0,0,0,0,0,0,0,0,0,0,0,0,0,0,2,-4,9,-15,10,-15,11,-15,11,-15,12,-15,12,-15,13,-15,13,-14,14,-15,14,-15,15,-15,15,-15,15,-15,15,-15,15,-15,15,-15,15,-15,15,-16,15,-17,15,-17,15,-18,15,-18,15,-18,15,-19,15,-19,16,-19]"
CSI_DATA,226375,d8:b1:90:db:e8:90,-51,11,1,6,0,0,1,0,0,0,1,-96,0,4,0,-795368918,0,100,0,128,1,"[100,-64,5,0,-28,10,-27,10,-26,10,-26,11,-26,11,-25,12,-24,12,-24,12,-23,12,-23,12,-23,13,-23,12,-23,12,-22,12,-22,12,-22,12,-22,11,-22,11,-21,10,-21,10,-21,9,-21,9,-21,8,-21,7,-21,7,-6,1,0,0,0,0,0,0,0,0,0,0,0,0,0,0,0,0,0,0,-5,2,-18,10,-19,9,-20,8,-21,8,-21,8,-22,7,-22,7,-23,7,-23,7,-24,6,-25,6,-25,6,-25,6,-25,6,-25,6,-25,6,-25,7,-26,7,-26,8,-27,8,-27,9,-27,10,-27,10,-27,10,-27,11,-28,11]"
CSI_DATA,226376,d8:b1:90:db:e8:90,-51,11,1,6,0,0,1,0,0,0,1,-96,0,4,0,-795339002,0,100,0,128,1,"[100,-64,5,0,-1,-27,-1,-27,-1,-27,-1,-26,-1,-26,-2,-26,-2,-25,-3,-25,-3,-25,-4,-24,-5,-24,-5,-24,-5,-24,-5,-24,-5,-24,-5,-24,-5,-24,-4,-23,-3,-23,-3,-22,-2,-21,-2,-21,-1,-21,1,-21,2,-21,0,-6,0,0,0,0,0,0,0,0,0,0,0,0,0,0,0,0,0,0,-1,-5,-1,-20,0,-20,1,-20,1,-20,2,-20,2,-21,3,-22,3,-22,3,-23,3,-23,3,-24,3,-24,3,-24,2,-24,2,-25,2,-25,1,-25,1,-25,2,-25,2,-25,1,-25,0,-25,0,-26,-1,-26,-1,-26,0,-27]"
CSI_DATA,226377,d8:b1:90:db:e8:90,-51,11,1,6,0,0,1,0,0,0,1,-96,0,4,0,-795325026,0,100,0,128,1,"[100,-64,5,0,20,18,20,18,20,17,20,16,20,15,20,15,20,14,20,14,19,14,19,14,19,13,20,13,20,13,20,13,19,13,19,13,18,13,18,13,18,12,17,12,16,12,15,12,14,14,13,13,12,12,3,3,0,0,0,0,0,0,0,0,0,0,0,0,0,0,0,0,0,0,3,2,15,11,15,12,14,13,14,13,14,14,14,14,15,15,15,16,15,17,15,17,15,17,15,18,15,18,15,18,15,18,15,17,16,17,17,17,17,17,18,17,19,17,19,17,19,17,19,17,20,17,21,18]"
CSI_DATA,226378,d8:b1:90:db:e8:90,-51,11,1,6,0,0,1,0,0,0,1,-96,0,4,0,-795313211,0,100,0,128,1,"[100,-64,5,0,-23,-17,-23,-17,-23,-16,-23,-15,-23,-15,-23,-14,-23,-14,-23,-13,-23,-13,-23,-13,-23,-12,-23,-12,-23,-12,-22,-12,-22,-12,-21,-12,-21,-12,-20,-12,-20,-12,-19,-13,-19,-13,-18,-13,-17,-13,-16,-13,-15,-14,-4,-4,0,0,0,0,0,0,0,0,0,0,0,0,0,0,0,0,0,0,-5,-3,-18,-11,-18,-12,-18,-13,-17,-14,-17,-14,-18,-15,-18,-15,-19,-15,-19,-16,-19,-17,-19,-17,-19,-17,-19,-17,-19,-18,-19,-18,-19,-18,-20,-17,-20,-17,-21,-17,-22,-16,-22,-16,-23,-16,-23,-16,-23,-16,-24,-16,-24,-16]"
CSI_DATA,226379,d8:b1:90:db:e8:90,-51,11,1,6,0,0,1,0,0,0,1,-96,0,4,0,-795301342,0,100,0,128,1,"[100,-64,5,0,-2,29,-1,29,-1,28,0,28,1,28,1,27,2,27,2,26,2,25,3,25,3,25,4,25,4,25,4,25,4,24,4,24,3,24,3,24,2,23,2,23,1,23,1,22,0,22,-1,22,-2,22,-1,5,0,0,0,0,0,0,0,0,0,0,0,0,0,0,0,0,0,0,0,5,1,21,0,21,-1,22,-2,22,-2,23,-3,23,-3,23,-3,24,-4,24,-4,24,-5,25,-5,25,-5,25,-5,25,-5,25,-4,25,-4,25,-4,26,-3,26,-3,26,-2,27,-2,27,-2,28,-2,28,-2,28,-2,29]"
CSI_DATA,226380,d8:b1:90:db:e8:90,-51,11,1,6,0,0,1,0,0,0,1,-96,0,4,0,-795291153,0,100,0,128,1,"[100,-64,5,0,19,-18,19,-19,18,-19,17,-19,17,-19,16,-19,16,-19,15,-19,14,-19,14,-19,14,-19,13,-19,13,-19,13,-19,13,-19,13,-18,13,-18,13,-18,13,-17,13,-17,14,-16,14,-15,14,-14,14,-14,15,-13,3,-4,0,0,0,0,0,0,0,0,0,0,0,0,0,0,0,0,0,0,3,-4,12,-16,13,-15,13,-15,14,-15,15,-15,15,-14,16,-14,16,-14,17,-14,18,-14,18,-14,19,-14,19,-14,19,-14,18,-14,18,-15,18,-15,18,-16,18,-16,18,-16,18,-17,18,-17,18,-18,19,-18,19,-18,19,-18]"
CSI_DATA,226381,d8:b1:90:db:e8:90,-51,11,1,6,0,0,1,0,0,0,1,-96,0,4,0,-795278153,0,100,0,128,1,"[100,-64,5,0,15,21,15,21,15,20,15,20,16,20,16,19,16,18,16,17,16,17,16,17,16,16,16,16,16,16,16,16,16,16,15,16,15,16,15,16,14,16,14,16,13,16,12,16,11,16,11,17,10,17,2,4,0,0,0,0,0,0,0,0,0,0,0,0,0,0,0,0,0,0,3,3,13,14,13,14,12,15,11,16,11,16,11,17,11,17,11,18,11,18,11,19,11,20,11,20,11,20,11,20,11,20,11,20,12,20,12,20,12,20,13,20,13,20,14,20,14,21,14,21,15,21,15,21]"
CSI_DATA,226382,d8:b1:90:db:e8:90,-51,11,1,6,0,0,1,0,0,0,1,-96,0,4,0,-795246185,0,100,0,128,1,"[100,-64,5,0,13,-26,13,-26,13,-26,12,-26,12,-26,11,-26,10,-26,10,-26,9,-25,8,-25,8,-25,7,-26,7,-26,8,-26,8,-26,8,-25,7,-25,7,-25,7,-24,7,-23,7,-22,8,-21,8,-21,9,-21,10,-21,2,-5,0,0,0,0,0,0,0,0,0,0,0,0,0,0,0,0,0,0,1,-6,6,-21,7,-20,9,-20,10,-20,10,-20,11,-20,11,-20,12,-21,12,-21,13,-21,14,-21,14,-21,14,-22,14,-22,14,-22,14,-22,14,-22,14,-23,13,-23,13,-24,12,-25,12,-25,12,-26,12,-26,13,-26,13,-27]"
CSI_DATA,226383,d8:b1:90:db:e8:90,-51,11,1,6,0,0,1,0,0,0,1,-96,0,4,0,-795230783,0,100,0,128,1,"[100,-64,5,0,-27,5,-26,5,-26,5,-25,6,-25,6,-24,6,-24,6,-23,7,-23,7,-23,7,-23,8,-23,8,-23,8,-23,8,-23,8,-22,8,-22,7,-21,6,-20,5,-20,5,-20,5,-20,4,-21,3,-22,3,-20,2,-5,0,0,0,0,0,0,0,0,0,0,0,0,0,0,0,0,0,0,0,-5,1,-19,6,-19,5,-20,4,-20,4,-21,3,-21,3,-22,2,-22,2,-23,1,-23,1,-24,1,-24,1,-24,1,-24,1,-25,1,-25,1,-25,2,-25,2,-25,3,-25,3,-25,4,-26,5,-26,5,-27,5,-27,5,-27,5]"
CSI_DATA,226384,d8:b1:90:db:e8:90,-51,11,1,6,0,0,1,0,0,0,1,-96,0,4,0,-795219097,0,100,0,128,1,"[100,-64,5,0,26,-4,26,-4,25,-4,25,-4,24,-5,23,-6,23,-6,23,-6,23,-6,22,-7,23,-7,23,-7,22,-7,22,-8,22,-8,22,-7,21,-7,21,-6,21,-6,21,-5,21,-5,21,-4,21,-3,20,-1,21,-2,5,-1,0,0,0,0,0,0,0,0,0,0,0,0,0,0,0,0,0,0,4,-2,18,-5,19,-4,19,-3,19,-2,20,-2,21,-1,21,0,21,0,21,0,22,1,22,1,23,1,23,1,23,1,24,1,24,1,24,0,24,0,24,-1,24,-1,24,-2,25,-2,25,-3,26,-3,26,-3,27,-3]"
CSI_DATA,226385,d8:b1:90:db:e8:90,-51,11,1,6,0,0,1,0,0,0,1,-96,0,4,0,-795207117,0,100,0,128,1,"[100,-64,5,0,11,24,11,24,11,23,11,22,12,22,12,21,13,21,13,20,13,20,13,19,13,19,13,19,13,19,13,19,13,19,13,19,12,18,12,18,11,18,11,18,10,18,10,17,9,18,8,19,7,19,1,4,0,0,0,0,0,0,0,0,0,0,0,0,0,0,0,0,0,0,2,4,9,16,8,17,7,18,7,18,7,19,7,19,7,20,6,21,6,21,6,22,6,22,6,23,6,23,6,23,6,22,6,22,7,22,7,22,8,22,9,23,10,23,10,23,10,23,11,23,11,24,11,24]"
CSI_DATA,226386,d8:b1:90:db:e8:90,-51,11,1,6,0,0,1,0,0,0,1,-96,0,4,0,-795195606,0,100,0,128,1,"[100,-64,5,0,3,-24,3,-24,3,-23,2,-23,2,-23,2,-23,2,-23,2,-23,2,-23,1,-22,0,-22,0,-22,1,-22,1,-22,1,-22,1,-21,1,-21,2,-21,2,-20,2,-20,2,-19,3,-19,3,-18,4,-18,5,-19,1,-5,0,0,0,0,0,0,0,0,0,0,0,0,0,0,0,0,0,0,-1,-5,0,-18,1,-18,2,-18,3,-18,3,-19,4,-19,4,-19,5,-19,5,-19,5,-20,5,-21,5,-21,6,-21,6,-21,6,-21,5,-21,5,-22,5,-22,4,-22,4,-23,3,-23,3,-23,3,-24,3,-24,3,-24,3,-24]"
CSI_DATA,226387,d8:b1:90:db:e8:90,-51,11,1,6,0,0,1,0,0,0,1,-96,0,4,0,-795183536,0,100,0,128,1,"[100,-64,5,0,23,2,23,2,23,2,23,1,22,0,22,0,22,0,21,0,21,0,21,-1,21,-1,21,-1,21,-2,21,-2,21,-1,20,-1,20,-1,20,-1,19,-1,19,-1,18,-1,18,0,18,1,18,2,17,3,4,0,0,0,0,0,0,0,0,0,0,0,0,0,0,0,0,0,0,0,4,0,17,1,17,2,17,3,17,4,18,4,18,4,18,5,18,5,19,5,19,6,19,6,20,7,20,7,20,6,20,6,20,6,21,5,21,5,21,4,22,3,22,3,22,2,22,2,23,3,23,3,23,2]"
CSI_DATA,226388,d8:b1:90:db:e8:90,-51,11,1,6,0,0,1,0,0,0,1,-96,0,4,0,-795170301,0,100,0,128,1,"[100,-64,5,0,-16,-19,-16,-18,-16,-18,-16,-18,-16,-17,-16,-17,-16,-16,-16,-16,-16,-15,-16,-15,-16,-15,-17,-14,-17,-14,-17,-14,-17,-14,-17,-14,-16,-14,-15,-14,-15,-14,-15,-14,-14,-14,-14,-14,-13,-14,-12,-14,-12,-15,-3,-4,0,0,0,0,0,0,0,0,0,0,0,0,0,0,0,0,0,0,-4,-3,-13,-13,-12,-13,-11,-15,-11,-15,-10,-16,-10,-16,-11,-17,-11,-17,-11,-18,-10,-18,-10,-18,-9,-19,-10,-19,-10,-19,-10,-19,-11,-19,-11,-19,-12,-19,-12,-19,-13,-19,-13,-19,-14,-19,-14,-19,-15,-19,-15,-19,-15,-19]"
CSI_DATA,226389,d8:b1:90:db:e8:90,-51,11,1,6,0,0,1,0,0,0,1,-96,0,4,0,-795142120,0,100,0,128,1,"[100,-64,5,0,-18,-22,-18,-21,-18,-21,-18,-20,-18,-20,-18,-19,-18,-19,-18,-19,-18,-19,-18,-18,-18,-18,-18,-18,-18,-17,-18,-17,-18,-17,-17,-17,-17,-17,-16,-17,-16,-16,-15,-16,-15,-16,-14,-16,-14,-16,-14,-17,-13,-17,-4,-5,0,0,0,0,0,0,0,0,0,0,0,0,0,0,0,0,0,0,-4,-3,-16,-13,-15,-14,-14,-16,-13,-17,-13,-17,-13,-18,-12,-19,-12,-19,-12,-20,-12,-20,-11,-20,-12,-21,-12,-21,-12,-21,-12,-21,-13,-21,-14,-21,-14,-21,-14,-20,-15,-20,-16,-20,-16,-20,-17,-20,-18,-21,-18,-21,-18,-20]"
CSI_DATA,226390,d8:b1:90:db:e8:90,-51,11,1,6,0,0,1,0,0,0,1,-96,0,4,0,-795127733,0,100,0,128,1,"[100,-64,5,0,-14,22,-13,22,-13,22,-13,22,-13,22,-12,22,-12,22,-11,21,-11,21,-10,21,-10,21,-10,21,-10,21,-10,21,-9,21,-10,21,-10,20,-10,20,-10,18,-11,18,-11,18,-10,17,-10,17,-11,16,-12,16,-3,4,0,0,0,0,0,0,0,0,0,0,0,0,0,0,0,0,0,0,-2,4,-8,18,-9,18,-10,18,-10,17,-11,18,-11,18,-12,18,-13,18,-13,18,-14,19,-14,19,-14,18,-14,19,-14,19,-14,20,-14,20,-14,20,-14,21,-14,21,-14,21,-14,22,-14,22,-14,23,-13,23,-14,23,-14,23]"
CSI_DATA,226391,d8:b1:90:db:e8:90,-51,11,1,6,0,0,1,0,0,0,1,-96,0,4,0,-795111940,0,100,0,128,1,"[100,-64,5,0,26,-13,25,-14,25,-14,24,-14,24,-14,23,-15,23,-15,23,-15,22,-15,22,-15,21,-15,21,-15,21,-15,21,-15,21,-15,21,-14,21,-14,21,-13,20,-13,20,-13,20,-12,20,-11,20,-10,20,-10,20,-9,5,-2,0,0,0,0,0,0,0,0,0,0,0,0,0,0,0,0,0,0,4,-4,18,-13,18,-12,19,-11,20,-10,20,-10,21,-10,22,-10,22,-10,22,-10,23,-10,24,-9,25,-9,25,-9,25,-9,25,-9,24,-10,24,-11,24,-11,24,-12,24,-13,25,-13,25,-14,25,-14,25,-14,25,-14,26,-15]"
CSI_DATA,226392,d8:b1:90:db:e8:90,-51,11,1,6,0,0,1,0,0,0,1,-96,0,4,0,-795099519,0,100,0,128,1,"[100,-64,5,0,11,23,11,23,11,23,11,22,11,21,12,21,12,20,12,20,12,20,12,20,12,19,12,19,12,19,12,19,12,19,12,19,11,19,11,18,10,18,10,18,9,18,9,17,8,18,7,18,6,18,1,4,0,0,0,0,0,0,0,0,0,0,0,0,0,0,0,0,0,0,2,4,10,16,9,17,8,18,8,18,7,19,7,19,8,19,8,20,7,20,7,21,7,22,7,22,7,23,7,23,7,23,7,22,8,22,8,22,9,22,10,22,10,22,11,23,11,23,11,23,12,23,12,24]"
CSI_DATA,226393,d8:b1:90:db:e8:90,-51,11,1,6,0,0,1,0,0,0,1,-96,0,4,0,-795088676,0,100,0,128,1,"[100,-64,5,0,-15,-23,-15,-22,-15,-22,-15,-21,-16,-21,-16,-20,-16,-20,-16,-20,-16,-19,-16,-19,-17,-18,-17,-18,-17,-17,-17,-18,-17,-18,-16,-17,-16,-17,-16,-17,-15,-17,-15,-17,-15,-17,-14,-16,-13,-17,-13,-17,-12,-17,-3,-5,0,0,0,0,0,0,0,0,0,0,0,0,0,0,0,0,0,0,-3,-4,-12,-16,-11,-16,-11,-17,-10,-18,-10,-18,-10,-19,-10,-19,-10,-20,-10,-20,-10,-21,-10,-21,-10,-21,-10,-22,-11,-22,-10,-22,-10,-22,-11,-22,-12,-22,-12,-22,-13,-22,-14,-22,-14,-22,-14,-22,-14,-22,-14,-23,-15,-23]"
CSI_DATA,226394,d8:b1:90:db:e8:90,-51,11,1,6,0,0,1,0,0,0,1,-96,0,4,0,-795078340,0,100,0,128,1,"[100,-64,5,0,-6,-24,-6,-23,-7,-23,-7,-23,-7,-22,-8,-22,-8,-21,-8,-21,-8,-21,-9,-21,-9,-21,-9,-20,-9,-20,-9,-20,-9,-20,-9,-20,-9,-19,-8,-19,-8,-19,-8,-19,-8,-18,-7,-18,-6,-18,-6,-18,-5,-19,-1,-5,0,0,0,0,0,0,0,0,0,0,0,0,0,0,0,0,0,0,-2,-5,-6,-17,-6,-17,-5,-18,-4,-18,-4,-18,-4,-19,-3,-20,-3,-20,-3,-21,-3,-21,-3,-21,-3,-21,-3,-22,-3,-22,-3,-22,-3,-22,-4,-22,-4,-22,-4,-22,-5,-22,-6,-22,-6,-23,-6,-23,-6,-23,-6,-23,-6,-23]"
CSI_DATA,226395,d8:b1:90:db:e8:90,-51,11,1,6,0,0,1,0,0,0,1,-96,0,4,0,-795067580,0,100,0,128,1,"[100,-64,5,0,-13,20,-13,20,-12,20,-12,20,-12,20,-11,20,-10,20,-9,20,-9,19,-9,19,-9,20,-8,20,-8,20,-7,19,-8,19,-8,19,-8,18,-8,18,-9,18,-9,17,-10,16,-10,16,-10,15,-10,15,-11,14,-3,3,0,0,0,0,0,0,0,0,0,0,0,0,0,0,0,0,0,0,-3,3,-10,15,-10,15,-11,14,-11,14,-12,14,-12,15,-13,15,-13,16,-14,16,-14,16,-15,16,-15,16,-15,16,-15,16,-15,16,-14,16,-14,16,-14,17,-14,17,-13,18,-13,19,-13,19,-13,19,-14,19,-14,19,-13,20]"
CSI_DATA,226396,d8:b1:90:db:e8:90,-51,11,1,6,0,0,1,0,0,0,1,-96,0,4,0,-795040475,0,100,0,128,1,"[100,-64,5,0,28,9,27,9,27,9,26,9,26,8,26,8,26,7,26,7,26,6,26,6,25,5,25,5,25,5,24,5,24,6,24,7,24,7,23,7,22,8,22,8,22,8,21,9,20,9,19,10,18,11,4,3,0,0,0,0,0,0,0,0,0,0,0,0,0,0,0,0,0,0,5,1,20,6,20,7,20,8,20,9,20,9,21,10,21,11,21,11,21,12,22,12,22,12,22,13,22,13,22,13,22,12,23,12,23,12,24,12,24,11,25,11,26,11,26,11,27,10,28,10,28,10,28,10]"
CSI_DATA,226397,d8:b1:90:db:e8:90,-52,11,1,6,0,0,1,0,0,0,1,-96,0,4,0,-795025119,0,100,0,128,1,"[100,-64,5,0,4,-26,4,-26,3,-25,3,-25,2,-25,2,-24,2,-24,1,-24,1,-24,1,-23,0,-23,0,-23,0,-23,0,-24,1,-24,1,-24,0,-23,1,-22,1,-21,1,-22,2,-21,3,-20,3,-18,3,-18,4,-18,1,-5,0,0,0,0,0,0,0,0,0,0,0,0,0,0,0,0,0,0,-1,-5,-1,-20,0,-20,1,-20,1,-20,2,-20,2,-21,2,-21,2,-21,3,-22,3,-22,4,-22,4,-23,4,-23,5,-23,5,-23,5,-24,5,-24,5,-24,4,-24,3,-24,3,-25,3,-25,3,-26,3,-26,3,-26,3,-26]"
CSI_DATA,226398,d8:b1:90:db:e8:90,-51,11,1,6,0,0,1,0,0,0,1,-96,0,4,0,-795011692,0,100,0,128,1,"[100,-64,5,0,1,-27,1,-27,1,-26,1,-26,0,-25,0,-25,-1,-25,-1,-25,-2,-25,-2,-25,-3,-24,-3,-24,-3,-23,-3,-23,-3,-23,-2,-23,-2,-23,-2,-23,-2,-22,-1,-22,0,-22,0,-21,1,-21,1,-21,2,-20,0,-5,0,0,0,0,0,0,0,0,0,0,0,0,0,0,0,0,0,0,0,-5,0,-19,1,-20,2,-20,3,-20,3,-20,4,-21,4,-21,5,-21,5,-22,5,-22,5,-22,6,-23,5,-23,5,-23,5,-23,4,-23,4,-23,4,-24,4,-24,4,-24,3,-25,3,-25,3,-26,2,-26,2,-26,2,-27]"
CSI_DATA,226399,d8:b1:90:db:e8:90,-52,11,1,6,0,0,1,0,0,0,1,-96,0,4,0,-795000296,0,100,0,128,1,"[100,-64,5,0,11,-27,11,-27,11,-27,10,-26,9,-26,9,-26,8,-26,8,-26,8,-26,7,-26,6,-25,6,-25,6,-25,6,-25,6,-25,6,-24,6,-24,7,-23,7,-23,7,-23,8,-22,9,-22,9,-21,10,-20,10,-19,2,-5,0,0,0,0,0,0,0,0,0,0,0,0,0,0,0,0,0,0,1,-6,6,-21,7,-20,8,-20,9,-20,10,-21,10,-21,11,-21,12,-21,12,-21,13,-22,13,-22,14,-22,13,-22,13,-22,13,-23,12,-23,12,-24,12,-24,12,-24,12,-24,12,-24,12,-25,12,-26,12,-26,12,-26,12,-27]"
CSI_DATA,226400,d8:b1:90:db:e8:90,-51,11,1,6,0,0,1,0,0,0,1,-96,0,4,0,-794989651,0,100,0,128,1,"[100,-64,5,0,12,-26,12,-26,11,-26,11,-26,10,-26,9,-26,9,-26,8,-25,8,-25,7,-25,7,-25,7,-26,7,-26,7,-26,7,-26,7,-25,7,-25,7,-24,7,-24,7,-23,8,-22,8,-22,9,-21,10,-21,10,-20,2,-5,0,0,0,0,0,0,0,0,0,0,0,0,0,0,0,0,0,0,2,-5,8,-20,9,-20,9,-20,10,-20,11,-20,12,-20,12,-21,13,-21,13,-22,14,-22,15,-21,15,-21,15,-22,15,-22,15,-23,15,-23,15,-24,14,-24,14,-24,13,-24,13,-25,13,-25,13,-26,12,-26,12,-26,12,-26]"
CSI_DATA,226401,d8:b1:90:db:e8:90,-51,11,1,6,0,0,1,0,0,0,1,-96,0,4,0,-794974560,0,100,0,128,1,"[100,-64,5,0,-29,2,-29,2,-28,3,-28,4,-28,4,-27,4,-27,5,-26,5,-26,5,-26,6,-26,6,-26,6,-26,6,-26,6,-25,6,-25,6,-25,6,-24,5,-24,5,-24,4,-24,4,-23,3,-23,3,-23,1,-23,0,-6,0,0,0,0,0,0,0,0,0,0,0,0,0,0,0,0,0,0,0,-6,0,-22,2,-22,2,-22,1,-23,0,-23,0,-24,-1,-25,-1,-25,-1,-26,-1,-26,-2,-26,-3,-27,-3,-27,-3,-27,-3,-28,-3,-28,-2,-28,-1,-28,-1,-28,-1,-28,0,-28,0,-29,1,-29,1,-29,2,-29,2,-29,2]"
CSI_DATA,226402,d8:b1:90:db:e8:90,-51,11,1,6,0,0,1,0,0,0,1,-96,0,4,0,-794959822,0,100,0,128,1,"[100,-64,5,0,13,19,13,18,13,18,13,18,13,17,13,17,14,16,13,16,13,16,13,15,13,15,13,15,14,15,14,15,14,15,13,15,13,14,12,14,12,14,11,14,11,14,10,14,9,15,8,15,7,15,1,4,0,0,0,0,0,0,0,0,0,0,0,0,0,0,0,0,0,0,2,3,11,12,11,13,10,13,10,14,10,14,10,15,10,16,10,16,10,17,10,17,9,17,9,17,10,18,10,18,9,18,10,18,10,18,10,18,11,18,11,18,12,18,12,18,12,18,12,19,13,19,13,19]"
CSI_DATA,226403,d8:b1:90:db:e8:90,-51,11,1,6,0,0,1,0,0,0,1,-96,0,4,0,-794931994,0,100,0,128,1,"[100,-64,5,0,8,22,8,22,8,21,9,21,9,20,9,19,10,19,10,19,10,18,10,18,10,18,11,18,11,18,11,18,11,18,11,17,10,17,10,17,9,17,9,17,8,16,8,16,7,16,6,17,6,17,1,4,0,0,0,0,0,0,0,0,0,0,0,0,0,0,0,0,0,0,2,3,9,14,8,15,8,15,7,16,7,16,7,17,6,18,6,18,6,19,6,19,6,19,5,19,5,19,6,20,6,20,5,20,6,20,6,20,6,20,7,20,7,20,8,21,8,21,8,22,8,22,8,22]"
CSI_DATA,226404,d8:b1:90:db:e8:90,-51,11,1,6,0,0,1,0,0,0,1,-96,0,4,0,-794916362,0,100,0,128,1,"[100,-64,5,0,22,14,22,14,22,13,22,13,22,12,22,11,22,11,21,11,21,11,21,11,21,10,21,9,21,9,21,9,21,10,21,11,21,11,20,10,19,10,19,10,18,10,17,11,16,11,14,11,13,12,3,3,0,0,0,0,0,0,0,0,0,0,0,0,0,0,0,0,0,0,4,2,16,10,16,11,16,12,15,12,15,13,16,13,16,14,16,14,16,15,16,16,16,16,16,16,16,16,16,16,17,16,17,16,17,15,18,16,19,16,20,15,20,15,21,15,21,15,22,15,22,15,22,15]"
CSI_DATA,226405,d8:b1:90:db:e8:90,-51,11,1,6,0,0,1,0,0,0,1,-96,0,4,0,-794904721,0,100,0,128,1,"[100,-64,5,0,-23,-15,-23,-15,-23,-14,-23,-14,-23,-13,-23,-13,-23,-12,-22,-12,-22,-12,-22,-12,-23,-11,-23,-10,-22,-10,-22,-10,-22,-10,-22,-11,-22,-11,-21,-11,-21,-11,-20,-12,-19,-11,-18,-11,-18,-12,-17,-12,-16,-13,-4,-4,0,0,0,0,0,0,0,0,0,0,0,0,0,0,0,0,0,0,-5,-3,-17,-11,-17,-12,-17,-13,-17,-13,-16,-14,-17,-14,-17,-15,-18,-15,-18,-16,-18,-16,-17,-16,-17,-17,-18,-17,-18,-17,-18,-17,-18,-16,-19,-16,-19,-16,-20,-17,-21,-17,-22,-16,-22,-16,-23,-16,-23,-16,-23,-16,-23,-16]"
CSI_DATA,226406,d8:b1:90:db:e8:90,-51,11,1,6,0,0,1,0,0,0,1,-96,0,4,0,-794891065,0,100,0,128,1,"[100,-64,5,0,-7,-27,-7,-26,-7,-26,-7,-25,-7,-25,-8,-25,-8,-24,-8,-24,-8,-24,-9,-23,-9,-23,-10,-22,-10,-22,-10,-22,-9,-22,-9,-22,-9,-22,-8,-22,-8,-21,-7,-21,-7,-21,-6,-21,-6,-21,-5,-21,-3,-21,-1,-6,0,0,0,0,0,0,0,0,0,0,0,0,0,0,0,0,0,0,-2,-5,-7,-19,-7,-19,-5,-19,-5,-19,-4,-20,-4,-21,-4,-22,-3,-22,-3,-23,-3,-23,-3,-24,-2,-24,-3,-25,-3,-25,-2,-24,-2,-24,-3,-24,-3,-24,-4,-25,-5,-25,-5,-25,-6,-26,-6,-26,-6,-26,-6,-26,-6,-26]"
CSI_DATA,226407,d8:b1:90:db:e8:90,-51,11,1,6,0,0,1,0,0,0,1,-96,0,4,0,-794873043,0,100,0,128,1,"[100,-64,5,0,-11,-25,-11,-25,-11,-24,-11,-24,-11,-24,-11,-24,-12,-23,-12,-22,-12,-21,-12,-21,-13,-21,-13,-21,-13,-20,-13,-20,-13,-20,-13,-21,-13,-21,-12,-21,-12,-20,-11,-20,-11,-19,-10,-19,-9,-19,-8,-20,-7,-20,-2,-5,0,0,0,0,0,0,0,0,0,0,0,0,0,0,0,0,0,0,-3,-4,-10,-16,-9,-17,-9,-18,-9,-19,-9,-19,-8,-20,-8,-21,-8,-21,-8,-22,-7,-22,-7,-22,-7,-23,-7,-23,-7,-23,-7,-24,-7,-24,-8,-23,-8,-23,-9,-24,-10,-24,-10,-24,-11,-24,-11,-25,-11,-25,-11,-25,-11,-25]"
CSI_DATA,226408,d8:b1:90:db:e8:90,-51,11,1,6,0,0,1,0,0,0,1,-96,0,4,0,-794862455,0,100,0,128,1,"[100,-64,5,0,-14,19,-14,19,-14,19,-14,19,-14,19,-13,19,-12,19,-12,19,-11,18,-11,19,-10,19,-10,19,-10,19,-10,19,-10,19,-10,19,-10,18,-10,18,-10,18,-10,17,-10,16,-10,16,-11,15,-11,14,-12,14,-3,3,0,0,0,0,0,0,0,0,0,0,0,0,0,0,0,0,0,0,-3,3,-9,14,-10,14,-10,14,-11,14,-12,15,-12,15,-13,15,-14,15,-14,15,-15,15,-15,15,-15,15,-15,15,-15,15,-15,15,-15,15,-15,16,-15,16,-14,17,-14,17,-14,18,-14,19,-14,19,-14,20,-14,20,-14,20]"
CSI_DATA,226409,d8:b1:90:db:e8:90,-51,11,1,6,0,0,1,0,0,0,1,-96,0,4,0,-794833304,0,100,0,128,1,"[100,-64,5,0,8,25,8,25,8,24,8,24,8,23,9,23,9,22,9,22,9,22,9,21,9,21,9,21,9,21,9,21,9,21,9,21,8,21,7,21,7,21,6,20,6,20,5,19,5,19,4,19,3,19,0,4,0,0,0,0,0,0,0,0,0,0,0,0,0,0,0,0,0,0,2,4,7,17,7,18,6,19,6,20,5,20,5,20,4,20,4,21,4,22,3,22,3,23,3,23,3,23,3,23,4,24,4,24,4,24,5,24,5,24,6,24,7,24,7,25,8,25,8,25,8,25,9,26]"
CSI_DATA,226410,d8:b1:90:db:e8:90,-51,11,1,7,0,0,1,0,0,0,1,-96,0,4,0,-794820416,0,100,0,128,1,"[100,-64,5,0,23,-14,23,-14,22,-14,21,-14,21,-14,21,-14,20,-14,20,-14,20,-14,19,-15,19,-15,18,-15,18,-15,18,-16,18,-15,19,-15,19,-14,18,-13,17,-13,17,-12,17,-12,17,-11,17,-11,17,-9,17,-8,4,-2,0,0,0,0,0,0,0,0,0,0,0,0,0,0,0,0,0,0,3,-3,16,-11,16,-10,17,-10,18,-10,18,-9,19,-9,20,-9,20,-9,21,-9,21,-9,22,-9,22,-8,22,-8,22,-8,22,-8,22,-9,22,-9,22,-10,22,-10,22,-11,22,-12,23,-12,23,-12,23,-13,23,-13,24,-13]"
CSI_DATA,226411,d8:b1:90:db:e8:90,-51,11,1,7,0,0,1,0,0,0,1,-96,0,4,0,-794810015,0,100,0,128,1,"[100,-64,5,0,-13,23,-12,23,-12,23,-11,22,-11,22,-11,22,-10,22,-10,22,-9,22,-9,22,-8,22,-8,21,-8,21,-8,21,-7,21,-7,21,-7,21,-8,20,-8,20,-9,20,-9,19,-9,18,-9,18,-10,17,-12,15,-3,3,0,0,0,0,0,0,0,0,0,0,0,0,0,0,0,0,0,0,-2,4,-8,17,-9,17,-10,16,-10,16,-11,16,-12,16,-13,17,-13,17,-14,17,-14,18,-14,18,-15,18,-15,18,-15,19,-15,19,-15,19,-14,19,-14,20,-14,20,-14,20,-13,21,-13,21,-13,22,-13,22,-13,23,-13,23]"
CSI_DATA,226412,d8:b1:90:db:e8:90,-51,11,1,7,0,0,1,0,0,0,1,-96,0,4,0,-794797396,0,100,0,128,1,"[100,-64,5,0,25,-10,25,-9,24,-9,24,-9,23,-9,23,-10,22,-10,22,-11,21,-11,21,-11,21,-11,20,-11,20,-11,20,-11,20,-11,20,-11,20,-11,19,-10,19,-10,19,-9,19,-9,19,-8,19,-7,19,-6,19,-5,4,-1,0,0,0,0,0,0,0,0,0,0,0,0,0,0,0,0,0,0,4,-2,18,-8,18,-7,18,-7,18,-6,19,-5,20,-5,21,-5,21,-5,22,-4,22,-4,23,-4,23,-4,23,-4,24,-4,23,-4,23,-5,23,-5,23,-6,24,-6,24,-7,24,-7,24,-8,24,-8,24,-8,25,-8,25,-9]"
CSI_DATA,226413,d8:b1:90:db:e8:90,-51,11,1,7,0,0,1,0,0,0,1,-96,0,4,0,-794784096,0,100,0,128,1,"[100,-64,5,0,26,4,26,3,26,3,25,2,25,2,24,1,24,1,23,1,23,1,23,1,23,1,23,0,23,0,23,0,22,0,22,0,22,1,22,1,21,1,21,1,21,2,20,2,20,3,19,3,19,4,4,1,0,0,0,0,0,0,0,0,0,0,0,0,0,0,0,0,0,0,4,-1,19,0,19,1,20,2,20,3,20,3,20,4,20,5,21,5,21,6,22,6,22,7,22,7,22,7,22,7,22,6,23,6,23,6,23,5,23,5,24,5,24,4,24,4,24,4,25,3,25,3,26,3]"
CSI_DATA,226414,d8:b1:90:db:e8:90,-51,11,1,7,0,0,1,0,0,0,1,-96,0,4,0,-794770576,0,100,0,128,1,"[100,-64,5,0,25,8,25,7,24,7,23,6,23,6,23,5,23,5,23,6,22,5,22,5,22,4,22,4,22,4,22,4,22,4,22,4,21,5,20,5,20,5,20,5,20,5,19,6,18,6,18,7,17,7,4,2,0,0,0,0,0,0,0,0,0,0,0,0,0,0,0,0,0,0,4,0,19,2,19,3,19,4,19,5,19,5,19,6,19,7,19,8,20,8,20,9,21,9,21,9,21,10,21,10,21,9,21,9,21,9,22,8,22,8,22,8,22,8,23,7,23,7,24,7,24,7,25,6]"
CSI_DATA,226415,d8:b1:90:db:e8:90,-51,11,1,7,0,0,1,0,0,0,1,-96,0,4,0,-794739125,0,100,0,128,1,"[100,-64,5,0,28,-9,27,-9,27,-9,26,-9,26,-9,26,-9,25,-10,25,-11,25,-11,24,-11,24,-11,23,-12,23,-12,23,-12,23,-11,23,-10,22,-10,22,-10,22,-9,22,-9,22,-8,22,-7,22,-6,22,-5,22,-5,5,-2,0,0,0,0,0,0,0,0,0,0,0,0,0,0,0,0,0,0,4,-2,20,-8,20,-8,21,-7,21,-6,22,-6,22,-6,23,-6,23,-6,24,-5,24,-5,25,-5,25,-5,25,-4,25,-4,25,-4,25,-5,25,-5,25,-6,25,-6,26,-7,26,-8,27,-8,27,-8,28,-9,28,-9,28,-9]"
CSI_DATA,226416,d8:b1:90:db:e8:90,-52,11,1,7,0,0,1,0,0,0,1,-96,0,4,0,-794728193,0,100,0,128,1,"[100,-64,5,0,-22,13,-22,13,-21,13,-21,13,-20,14,-20,14,-19,14,-19,15,-18,15,-18,15,-18,15,-17,15,-17,15,-17,15,-17,15,-17,15,-16,14,-16,14,-16,13,-17,13,-17,12,-17,12,-16,11,-16,11,-16,10,-4,2,0,0,0,0,0,0,0,0,0,0,0,0,0,0,0,0,0,0,-4,2,-16,11,-16,10,-17,10,-18,9,-18,9,-19,9,-19,9,-20,9,-20,9,-21,9,-22,9,-22,8,-22,8,-22,8,-22,8,-23,8,-22,8,-22,9,-22,10,-22,10,-22,11,-23,12,-23,12,-23,12,-23,12,-23,13]"
CSI_DATA,226417,d8:b1:90:db:e8:90,-51,11,1,5,0,0,1,0,1,0,0,-96,0,4,0,-794714482,0,100,0,128,1,"[100,-64,5,0,-3,10,3,13,9,16,14,17,19,17,23,17,26,16,28,15,28,13,28,11,27,10,25,10,22,10,19,11,15,12,10,14,6,16,2,18,-1,20,-4,23,-6,24,-7,24,-8,24,-8,24,-8,24,-2,6,0,0,0,0,0,0,0,0,0,0,0,0,0,0,0,0,0,0,-3,4,-12,16,-14,18,-16,20,-17,21,-17,21,-18,20,-18,19,-18,17,-17,13,-17,9,-16,4,-16,-1,-15,-6,-16,-11,-16,-16,-17,-19,-19,-22,-21,-24,-23,-24,-24,-24,-25,-22,-26,-20,-25,-17,-24,-12,-21,-8,-19,-5]"
CSI_DATA,226418,d8:b1:90:db:e8:90,-69,11,1,6,0,0,1,0,0,0,1,-96,0,4,0,-794702471,0,100,0,128,1,"[100,-64,5,0,-6,20,-6,21,-7,21,-7,21,-7,21,-7,21,-7,21,-8,21,-8,20,-8,20,-8,20,-8,19,-8,19,-8,18,-8,18,-7,17,-7,17,-7,16,-7,16,-7,16,-6,15,-5,15,-5,16,-5,16,-6,16,-2,4,0,0,0,0,0,0,0,0,0,0,0,0,0,0,0,0,0,0,-2,2,-6,10,-6,10,-7,10,-7,10,-7,10,-8,10,-8,10,-8,10,-8,10,-8,9,-8,10,-8,10,-7,10,-7,11,-7,11,-7,11,-6,12,-6,13,-5,13,-5,14,-5,15,-4,16,-4,17,-4,18,-4,18,-5,18]"
CSI_DATA,226419,d8:b1:90:db:e8:90,-51,11,1,6,0,0,1,0,0,0,1,-96,0,4,0,-794690372,0,100,0,128,1,"[100,-64,5,0,-29,-8,-28,-7,-28,-7,-28,-6,-28,-6,-28,-5,-28,-4,-27,-4,-27,-4,-27,-4,-27,-3,-27,-4,-27,-4,-27,-4,-26,-4,-26,-3,-25,-3,-25,-4,-24,-4,-24,-5,-23,-5,-23,-6,-23,-6,-22,-7,-21,-8,-6,-3,0,0,0,0,0,0,0,0,0,0,0,0,0,0,0,0,0,0,-6,-1,-22,-4,-22,-5,-22,-6,-22,-7,-22,-7,-23,-8,-23,-8,-24,-9,-24,-9,-25,-10,-25,-10,-25,-11,-25,-11,-25,-11,-25,-11,-25,-10,-26,-10,-26,-10,-26,-9,-27,-9,-27,-8,-28,-8,-28,-8,-29,-8,-29,-8,-30,-7]"
CSI_DATA,226420,d8:b1:90:db:e8:90,-51,11,1,6,0,0,1,0,0,0,1,-96,0,4,0,-794679506,0,100,0,128,1,"[100,-64,5,0,-29,-3,-29,-3,-29,-3,-29,-3,-29,-2,-29,-2,-28,-1,-28,-1,-27,-1,-27,-1,-27,0,-27,0,-27,0,-27,0,-26,0,-26,0,-25,0,-25,0,-24,0,-24,-1,-23,-1,-23,-1,-23,-2,-22,-3,-22,-4,-6,-2,0,0,0,0,0,0,0,0,0,0,0,0,0,0,0,0,0,0,-6,-1,-22,-1,-22,-3,-22,-4,-22,-5,-23,-5,-23,-6,-24,-6,-24,-6,-25,-7,-25,-7,-25,-8,-25,-8,-25,-8,-25,-8,-25,-7,-25,-7,-26,-6,-26,-6,-27,-6,-28,-5,-28,-4,-29,-4,-29,-4,-29,-4,-30,-4,-30,-4]"
CSI_DATA,226421,d8:b1:90:db:e8:90,-51,11,1,6,0,0,1,0,0,0,1,-96,0,4,0,-794665122,0,100,0,128,1,"[100,-64,5,0,21,19,21,18,21,18,21,18,21,18,21,17,21,17,20,17,20,16,20,16,21,16,21,15,21,15,21,15,20,15,20,15,19,15,19,15,18,15,17,14,17,14,16,14,15,15,14,16,14,16,3,4,0,0,0,0,0,0,0,0,0,0,0,0,0,0,0,0,0,0,4,2,16,12,16,13,15,14,15,15,15,16,15,16,15,17,15,18,15,18,15,19,15,19,15,19,15,19,16,19,16,19,16,19,17,19,17,19,18,19,19,19,19,19,20,19,20,19,20,19,21,19,22,19]"
CSI_DATA,226422,d8:b1:90:db:e8:90,-51,11,1,6,0,0,1,0,0,0,1,-96,0,4,0,-794632199,0,100,0,128,1,"[100,-64,5,0,6,25,6,25,6,24,7,24,7,23,7,23,7,23,8,22,8,22,8,22,8,21,8,22,8,22,8,22,8,22,8,22,7,21,7,21,7,21,6,20,6,20,5,19,4,19,3,20,2,20,0,5,0,0,0,0,0,0,0,0,0,0,0,0,0,0,0,0,0,0,0,4,3,17,3,17,4,16,5,16,5,16,5,18,6,20,6,21,6,22,5,22,4,23,4,23,4,23,3,23,3,23,3,23,3,23,4,23,4,23,4,24,5,24,5,24,6,24,6,25,6,25,6,25]"
CSI_DATA,226423,d8:b1:90:db:e8:90,-51,11,1,6,0,0,1,0,0,0,1,-96,0,4,0,-794621335,0,100,0,128,1,"[100,-64,5,0,7,21,7,21,8,21,8,21,8,20,8,20,9,19,9,19,9,19,9,18,10,18,10,18,10,18,10,18,9,18,9,18,9,18,9,17,8,17,7,17,7,17,7,16,5,16,4,16,4,16,1,3,0,0,0,0,0,0,0,0,0,0,0,0,0,0,0,0,0,0,2,3,7,14,7,15,6,16,5,17,5,17,5,18,5,18,5,18,5,19,4,19,4,20,4,20,4,20,4,20,3,20,3,20,4,20,4,20,5,20,6,20,6,21,7,21,7,21,7,22,7,22,8,22]"
CSI_DATA,226424,d8:b1:90:db:e8:90,-51,11,1,6,0,0,1,0,0,0,1,-96,0,4,0,-794610487,0,100,0,128,1,"[100,-64,5,0,5,-26,4,-26,4,-26,4,-26,3,-25,3,-25,2,-25,2,-25,1,-24,1,-24,0,-24,0,-25,0,-24,0,-24,0,-24,0,-24,0,-24,1,-24,2,-23,2,-23,1,-22,2,-22,2,-21,3,-21,5,-20,1,-5,0,0,0,0,0,0,0,0,0,0,0,0,0,0,0,0,0,0,0,-5,2,-20,3,-20,4,-20,5,-20,5,-21,6,-21,6,-21,7,-21,7,-21,7,-22,8,-22,8,-23,8,-23,8,-23,8,-23,8,-23,8,-23,7,-23,7,-24,6,-24,6,-25,6,-25,6,-26,5,-26,5,-27,6,-28]"
CSI_DATA,226425,d8:b1:90:db:e8:90,-51,11,1,6,0,0,1,0,0,0,1,-96,0,4,0,-794597881,0,100,0,128,1,"[100,-64,5,0,15,21,15,21,15,20,15,20,15,20,16,19,16,18,16,17,16,16,16,16,16,16,17,15,16,15,16,15,16,15,16,15,15,16,15,16,14,15,14,15,13,15,12,15,11,15,11,16,10,16,2,4,0,0,0,0,0,0,0,0,0,0,0,0,0,0,0,0,0,0,3,3,12,14,12,14,11,16,11,16,11,17,11,17,11,18,11,19,11,19,11,19,10,20,10,20,10,20,10,20,10,20,10,20,11,20,11,20,12,20,12,20,13,20,13,20,14,20,15,21,15,21,15,21]"
CSI_DATA,226426,d8:b1:90:db:e8:90,-51,11,1,6,0,0,1,0,0,0,1,-96,0,4,0,-794584749,0,100,0,128,1,"[100,-64,5,0,-21,19,-21,19,-20,19,-19,19,-19,18,-19,19,-18,19,-17,19,-16,19,-16,19,-15,19,-15,19,-15,19,-15,19,-15,19,-15,18,-15,18,-15,17,-15,17,-15,16,-15,16,-15,15,-15,14,-16,13,-16,13,-5,3,0,0,0,0,0,0,0,0,0,0,0,0,0,0,0,0,0,0,-4,3,-14,15,-15,14,-15,14,-16,14,-17,14,-17,14,-18,14,-19,14,-19,14,-20,14,-20,14,-20,13,-21,14,-21,14,-20,14,-20,14,-20,14,-20,15,-20,15,-19,15,-19,16,-20,17,-20,18,-21,19,-21,19,-21,19]"
CSI_DATA,226427,d8:b1:90:db:e8:90,-51,11,1,6,0,0,1,0,0,0,1,-96,0,4,0,-794565940,0,100,0,128,1,"[100,-64,5,0,22,14,22,14,22,14,21,13,21,12,21,12,21,11,21,11,21,10,21,10,21,10,21,10,20,10,20,10,20,10,20,10,19,10,19,10,18,10,18,11,17,11,17,11,16,11,16,12,15,12,3,3,0,0,0,0,0,0,0,0,0,0,0,0,0,0,0,0,0,0,4,2,16,10,16,11,15,12,15,12,16,13,16,13,16,14,16,14,16,15,16,15,16,15,16,16,17,16,17,16,17,16,18,16,18,16,19,15,19,15,19,15,19,14,20,14,20,15,21,15,21,15,21,15]"
CSI_DATA,226428,d8:b1:90:db:e8:90,-51,11,1,6,0,0,1,0,0,0,1,-96,0,4,0,-794555192,0,100,0,128,1,"[100,-64,5,0,-26,15,-26,15,-25,15,-25,15,-24,15,-23,15,-23,15,-22,15,-21,16,-21,16,-21,16,-21,16,-20,16,-20,16,-20,16,-21,15,-21,15,-20,14,-20,14,-20,13,-20,13,-20,12,-20,12,-20,11,-20,10,-5,2,0,0,0,0,0,0,0,0,0,0,0,0,0,0,0,0,0,0,-5,3,-19,12,-19,11,-20,11,-20,10,-21,10,-22,10,-22,10,-23,10,-23,10,-24,10,-24,9,-24,9,-24,9,-25,9,-25,9,-26,10,-26,10,-26,11,-25,11,-25,12,-25,13,-26,13,-25,14,-25,14,-26,15,-26,15]"
CSI_DATA,226429,d8:b1:90:db:e8:90,-52,11,1,6,0,0,1,0,0,0,1,-96,0,4,0,-794533757,0,100,0,128,1,"[100,-64,5,0,-17,-23,-17,-23,-17,-22,-17,-21,-18,-21,-18,-20,-18,-20,-18,-20,-18,-19,-18,-19,-18,-19,-18,-19,-18,-19,-18,-19,-18,-19,-18,-19,-18,-18,-17,-18,-16,-18,-16,-18,-15,-18,-14,-18,-14,-18,-13,-18,-12,-19,-3,-5,0,0,0,0,0,0,0,0,0,0,0,0,0,0,0,0,0,0,-4,-4,-13,-16,-13,-17,-13,-18,-13,-19,-13,-20,-12,-20,-12,-21,-12,-22,-12,-22,-11,-23,-11,-23,-11,-23,-11,-23,-12,-24,-12,-24,-13,-24,-13,-23,-14,-23,-14,-23,-15,-22,-16,-22,-16,-23,-17,-23,-17,-24,-17,-24,-17,-24]"
CSI_DATA,226430,d8:b1:90:db:e8:90,-51,11,1,6,0,0,1,0,0,0,1,-96,0,4,0,-794523689,0,100,0,128,1,"[100,-64,5,0,-19,-10,-21,-11,-22,-10,-22,-9,-22,-10,-21,-10,-21,-10,-20,-9,-19,-10,-20,-10,-22,-10,-22,-11,-22,-13,-22,-15,-20,-15,-20,-15,-20,-16,-19,-16,-17,-14,-16,-14,-15,-14,-15,-14,-15,-14,-14,-14,-16,-14,-5,-4,0,0,0,0,0,0,0,0,0,0,0,0,0,0,0,0,0,0,-5,1,-20,4,-20,1,-21,0,-22,-2,-22,-3,-22,-3,-22,-3,-22,-4,-22,-5,-22,-5,-22,-5,-22,-6,-22,-7,-23,-7,-23,-6,-22,-6,-23,-6,-23,-6,-23,-6,-22,-7,-23,-7,-23,-8,-24,-9,-26,-8,-26,-7,-23,-5]"
CSI_DATA,226431,d8:b1:90:db:e8:90,-51,11,1,6,0,0,1,0,0,0,1,-96,0,4,0,-794510264,0,100,0,128,1,"[100,-64,5,0,-21,16,-21,16,-20,16,-20,16,-19,16,-18,16,-18,16,-17,16,-17,15,-17,16,-16,16,-16,17,-16,17,-15,17,-15,17,-15,16,-15,16,-15,16,-14,16,-15,16,-15,15,-14,13,-15,11,-17,10,-16,9,-4,2,0,0,0,0,0,0,0,0,0,0,0,0,0,0,0,0,0,0,-4,3,-16,12,-16,11,-17,10,-17,10,-18,10,-18,10,-19,10,-20,10,-20,10,-21,10,-21,9,-22,9,-22,9,-22,10,-22,9,-22,10,-22,10,-22,11,-21,11,-21,11,-21,12,-21,13,-22,13,-22,14,-22,14,-22,15]"
CSI_DATA,226432,d8:b1:90:db:e8:90,-51,11,1,6,0,0,1,0,0,0,1,-96,0,4,0,-794500025,0,100,0,128,1,"[100,-64,5,0,11,20,11,20,11,20,12,19,12,19,12,18,12,18,12,17,13,17,13,17,13,16,13,16,13,16,13,16,13,16,12,16,12,16,11,16,11,15,11,15,10,15,10,15,9,15,8,15,7,15,1,3,0,0,0,0,0,0,0,0,0,0,0,0,0,0,0,0,0,0,2,3,10,13,9,14,8,15,8,16,7,16,7,17,7,17,7,17,7,18,7,19,7,19,7,20,7,20,7,20,7,20,7,20,7,20,8,20,8,20,9,20,9,20,10,20,10,21,11,21,11,21,11,21]"
CSI_DATA,226433,d8:b1:90:db:e8:90,-51,11,1,6,0,0,1,0,0,0,1,-96,0,4,0,-794488384,0,100,0,128,1,"[100,-64,5,0,-20,-20,-20,-19,-20,-19,-19,-18,-19,-18,-19,-17,-20,-17,-20,-16,-20,-16,-20,-15,-20,-15,-20,-14,-20,-14,-20,-14,-20,-14,-19,-14,-18,-14,-18,-15,-17,-15,-17,-15,-17,-15,-17,-15,-16,-15,-15,-15,-14,-15,-4,-4,0,0,0,0,0,0,0,0,0,0,0,0,0,0,0,0,0,0,-4,-3,-16,-12,-15,-13,-15,-15,-14,-16,-14,-16,-14,-17,-14,-17,-14,-18,-14,-18,-14,-19,-15,-20,-15,-20,-15,-20,-15,-20,-15,-20,-15,-20,-15,-20,-16,-20,-16,-20,-17,-20,-17,-20,-18,-20,-19,-20,-19,-20,-19,-20,-19,-20]"
CSI_DATA,226434,d8:b1:90:db:e8:90,-51,11,1,6,0,0,1,0,0,0,1,-96,0,4,0,-794476088,0,100,0,128,1,"[100,-64,5,0,24,-6,23,-6,23,-6,23,-7,22,-7,22,-7,22,-7,21,-8,20,-8,20,-9,20,-9,20,-9,20,-9,20,-9,19,-9,19,-8,19,-7,19,-7,18,-7,18,-6,18,-6,18,-5,17,-5,17,-4,18,-3,4,-1,0,0,0,0,0,0,0,0,0,0,0,0,0,0,0,0,0,0,4,-2,17,-6,18,-5,18,-4,18,-4,19,-4,19,-3,19,-2,20,-2,20,-2,20,-2,21,-2,21,-2,21,-2,21,-2,22,-2,22,-2,22,-3,22,-3,22,-4,22,-4,22,-4,23,-5,24,-5,24,-6,24,-6,24,-6]"
CSI_DATA,226435,d8:b1:90:db:e8:90,-51,11,1,6,0,0,1,0,0,0,1,-96,0,4,0,-794461253,0,100,0,128,1,"[100,-64,5,0,-4,-30,-4,-30,-5,-29,-5,-29,-6,-29,-6,-28,-6,-28,-6,-28,-7,-27,-7,-27,-8,-26,-8,-26,-8,-25,-8,-26,-7,-25,-7,-25,-6,-25,-6,-25,-5,-25,-5,-24,-4,-24,-4,-24,-3,-23,-2,-23,-1,-23,-1,-6,0,0,0,0,0,0,0,0,0,0,0,0,0,0,0,0,0,0,-2,-6,-5,-22,-4,-22,-3,-23,-3,-23,-2,-24,-1,-24,-1,-24,0,-24,0,-25,1,-25,1,-26,1,-26,1,-26,0,-26,0,-27,0,-27,-1,-27,-1,-27,-2,-27,-2,-28,-3,-28,-3,-29,-3,-30,-3,-31,-3,-31,-4,-30]"
CSI_DATA,226436,d8:b1:90:db:e8:90,-51,11,1,6,0,0,1,0,0,0,1,-96,0,4,0,-794431665,0,100,0,128,1,"[100,-64,5,0,-27,-12,-27,-12,-27,-11,-27,-10,-27,-10,-27,-9,-26,-9,-26,-8,-26,-8,-26,-7,-26,-7,-27,-6,-26,-6,-26,-6,-26,-6,-26,-6,-26,-6,-25,-7,-24,-7,-24,-7,-23,-7,-23,-7,-22,-8,-22,-9,-21,-10,-6,-3,0,0,0,0,0,0,0,0,0,0,0,0,0,0,0,0,0,0,-6,-2,-22,-6,-21,-8,-21,-9,-21,-10,-21,-11,-21,-12,-21,-13,-21,-13,-21,-14,-22,-14,-22,-15,-23,-15,-23,-15,-23,-15,-23,-15,-24,-14,-24,-14,-24,-14,-25,-13,-25,-13,-25,-13,-26,-12,-26,-12,-27,-12,-27,-13,-28,-13]"
CSI_DATA,226437,d8:b1:90:db:e8:90,-51,11,1,6,0,0,1,0,0,0,1,-96,0,4,0,-794419379,0,100,0,128,1,"[100,-64,5,0,-14,-26,-14,-26,-15,-26,-15,-25,-15,-25,-15,-24,-16,-23,-16,-23,-16,-23,-17,-22,-17,-22,-16,-21,-16,-22,-16,-22,-16,-21,-16,-21,-15,-21,-15,-21,-14,-21,-14,-21,-13,-21,-12,-21,-11,-21,-10,-20,-9,-20,-3,-5,0,0,0,0,0,0,0,0,0,0,0,0,0,0,0,0,0,0,-3,-5,-11,-19,-10,-20,-9,-21,-9,-21,-8,-22,-8,-22,-8,-23,-8,-23,-8,-24,-8,-25,-8,-25,-8,-25,-8,-26,-8,-26,-8,-26,-9,-26,-10,-26,-10,-26,-10,-26,-11,-26,-11,-26,-12,-26,-13,-26,-13,-26,-14,-26,-14,-27]"
CSI_DATA,226438,d8:b1:90:db:e8:90,-51,11,1,6,0,0,1,0,0,0,1,-96,0,4,0,-794405622,0,100,0,128,1,"[100,-64,5,0,15,25,15,24,15,23,15,23,15,22,16,22,16,21,16,20,17,20,17,19,17,19,17,19,17,19,17,19,17,19,17,19,16,19,16,19,16,19,15,19,14,19,13,18,11,18,10,20,9,20,2,5,0,0,0,0,0,0,0,0,0,0,0,0,0,0,0,0,0,0,3,4,14,16,13,17,12,18,12,18,12,19,11,20,11,21,11,21,11,22,11,22,11,23,11,23,11,23,11,24,10,24,10,24,10,24,11,24,12,24,12,24,13,24,14,24,14,24,15,24,15,24,15,25]"
CSI_DATA,226439,d8:b1:90:db:e8:90,-51,11,1,6,0,0,1,0,0,0,1,-96,0,4,0,-794394000,0,100,0,128,1,"[100,-64,5,0,-5,28,-5,28,-4,28,-4,27,-3,26,-3,26,-2,26,-1,26,-1,26,-1,26,-1,25,-1,26,0,26,0,26,0,25,0,25,-1,24,-1,24,-2,24,-2,23,-3,23,-3,22,-4,22,-5,22,-6,21,-2,5,0,0,0,0,0,0,0,0,0,0,0,0,0,0,0,0,0,0,0,5,0,21,-2,21,-3,21,-4,21,-4,22,-5,22,-5,23,-6,23,-6,24,-7,24,-8,24,-8,24,-8,24,-8,25,-9,24,-9,25,-8,25,-8,25,-7,25,-6,26,-6,26,-6,27,-6,27,-6,28,-5,28,-5,28]"
CSI_DATA,226440,d8:b1:90:db:e8:90,-51,11,1,6,0,0,1,0,0,0,1,-96,0,4,0,-794379869,0,100,0,128,1,"[100,-64,5,0,11,25,11,24,11,24,11,23,11,23,12,22,12,21,12,21,12,20,12,20,12,19,13,19,13,19,13,19,13,19,13,19,13,19,12,19,11,19,11,19,10,19,9,19,8,19,7,19,7,19,1,4,0,0,0,0,0,0,0,0,0,0,0,0,0,0,0,0,0,0,2,4,8,18,7,18,7,19,6,20,6,20,6,21,5,21,5,21,5,22,5,22,5,23,5,23,5,23,6,24,6,24,7,24,7,24,8,24,8,24,9,24,10,24,10,24,10,24,9,24,10,25,11,25]"
CSI_DATA,226441,d8:b1:90:db:e8:90,-51,11,1,6,0,0,1,0,0,0,1,-96,0,4,0,-794364830,0,100,0,128,1,"[100,-64,5,0,-11,-24,-11,-24,-11,-24,-11,-23,-12,-23,-12,-22,-12,-22,-13,-21,-13,-21,-13,-21,-14,-20,-14,-20,-14,-20,-14,-20,-13,-20,-13,-20,-12,-20,-12,-19,-11,-19,-11,-19,-10,-18,-10,-18,-9,-18,-8,-19,-7,-19,-2,-5,0,0,0,0,0,0,0,0,0,0,0,0,0,0,0,0,0,0,-3,-5,-9,-17,-8,-18,-7,-19,-7,-19,-7,-20,-6,-20,-6,-21,-6,-22,-6,-22,-5,-23,-5,-23,-5,-23,-5,-23,-6,-24,-6,-24,-6,-23,-7,-23,-7,-24,-7,-24,-7,-24,-8,-25,-9,-25,-9,-25,-9,-25,-9,-25,-10,-25]"
CSI_DATA,226442,d8:b1:90:db:e8:90,-51,11,1,6,0,0,1,0,0,0,1,-96,0,4,0,-794352840,0,100,0,128,1,"[100,-64,5,0,15,20,15,20,16,19,16,18,16,18,16,17,16,17,17,17,17,16,17,15,17,15,17,15,17,15,17,15,17,15,16,15,16,15,15,15,15,15,14,14,13,14,13,14,12,14,12,15,11,15,2,3,0,0,0,0,0,0,0,0,0,0,0,0,0,0,0,0,0,0,3,3,12,13,12,14,11,15,11,16,11,16,11,17,11,18,11,18,10,19,10,20,11,20,11,20,11,20,11,20,11,20,11,20,12,20,12,20,12,20,13,21,13,21,14,20,14,20,15,20,15,20,15,21]"
CSI_DATA,226443,d8:b1:90:db:e8:90,-52,11,1,6,0,0,1,0,0,0,1,-96,0,4,0,-794323851,0,100,0,128,1,"[100,-64,5,0,-29,5,-28,5,-28,5,-27,5,-27,6,-26,6,-26,7,-25,7,-25,7,-24,8,-24,8,-24,8,-24,8,-24,8,-23,8,-23,7,-23,7,-23,7,-22,6,-23,6,-23,5,-23,5,-22,4,-22,4,-22,3,-6,0,0,0,0,0,0,0,0,0,0,0,0,0,0,0,0,0,0,0,-5,1,-19,6,-20,5,-20,3,-21,2,-22,2,-22,2,-23,2,-24,2,-25,2,-25,1,-26,1,-26,1,-26,1,-26,1,-26,2,-26,2,-26,3,-26,3,-27,3,-27,4,-28,5,-27,5,-27,4,-27,4,-28,4,-28,4]"
CSI_DATA,226444,d8:b1:90:db:e8:90,-51,11,1,6,0,0,1,0,0,0,1,-96,0,4,0,-794313827,0,100,0,128,1,"[100,-64,5,0,-19,13,-19,11,-19,10,-19,11,-19,10,-18,10,-18,11,-17,11,-17,12,-15,13,-14,15,-13,15,-12,15,-11,13,-10,12,-10,12,-11,13,-12,13,-11,14,-11,15,-11,16,-11,15,-10,14,-10,15,-10,14,-3,2,0,0,0,0,0,0,0,0,0,0,0,0,0,0,0,0,0,0,-5,-2,-16,-6,-16,-6,-17,-7,-17,-8,-18,-8,-18,-7,-18,-6,-18,-5,-19,-6,-19,-6,-19,-6,-20,-5,-20,-5,-21,-4,-22,-3,-21,-2,-21,0,-21,2,-21,2,-21,1,-22,3,-23,3,-24,4,-23,5,-22,7,-26,7]"
CSI_DATA,226445,d8:b1:90:db:e8:90,-51,11,1,6,0,0,1,0,0,0,1,-96,0,4,0,-794299000,0,100,0,128,1,"[100,-64,5,0,26,-5,26,-5,25,-6,25,-6,24,-6,23,-7,23,-8,23,-8,22,-8,22,-9,22,-9,22,-9,22,-9,22,-9,22,-9,22,-8,21,-8,21,-8,21,-8,20,-7,20,-6,20,-6,20,-5,21,-2,21,-1,5,-1,0,0,0,0,0,0,0,0,0,0,0,0,0,0,0,0,0,0,4,-2,18,-4,19,-4,19,-3,20,-3,20,-2,21,-2,21,-2,22,-2,23,-2,23,-1,23,-1,23,0,23,0,23,0,23,0,23,-1,23,-1,23,-2,24,-2,24,-2,24,-3,25,-3,25,-4,25,-4,26,-4,26,-5]"
CSI_DATA,226446,d8:b1:90:db:e8:90,-51,11,1,6,0,0,1,0,0,0,1,-96,0,4,0,-794287915,0,100,0,128,1,"[100,-64,5,0,24,-8,24,-8,24,-9,23,-9,23,-9,22,-10,22,-10,21,-10,21,-11,20,-11,20,-11,20,-12,20,-12,20,-12,19,-12,19,-12,19,-11,19,-11,19,-10,19,-10,19,-10,19,-9,18,-8,18,-7,18,-7,4,-2,0,0,0,0,0,0,0,0,0,0,0,0,0,0,0,0,0,0,4,-3,16,-9,17,-9,17,-8,18,-7,18,-7,19,-6,20,-6,21,-5,21,-5,22,-5,22,-5,22,-5,22,-5,22,-5,22,-5,23,-6,23,-6,23,-6,23,-6,23,-7,23,-7,23,-8,24,-8,24,-9,24,-9,25,-9]"
CSI_DATA,226447,d8:b1:90:db:e8:90,-51,11,1,6,0,0,1,0,0,0,1,-96,0,4,0,-794275643,0,100,0,128,1,"[100,-64,5,0,0,-27,-1,-26,-1,-26,-1,-26,-2,-25,-2,-25,-2,-24,-3,-25,-4,-25,-4,-24,-5,-24,-5,-23,-5,-23,-5,-23,-5,-23,-5,-23,-4,-23,-4,-23,-4,-22,-3,-22,-3,-22,-2,-22,-2,-22,-1,-21,0,-21,0,-6,0,0,0,0,0,0,0,0,0,0,0,0,0,0,0,0,0,0,-1,-5,-2,-20,-1,-20,-1,-20,0,-21,0,-21,1,-21,2,-22,2,-23,2,-23,3,-23,3,-24,3,-24,3,-24,3,-24,2,-24,2,-25,2,-25,1,-25,1,-25,0,-25,0,-25,-1,-25,-1,-26,-1,-26,-1,-26,0,-27]"
CSI_DATA,226448,d8:b1:90:db:e8:90,-51,11,1,6,0,0,1,0,0,0,1,-96,0,4,0,-794265569,0,100,0,128,1,"[100,-64,5,0,14,-26,14,-25,13,-25,13,-25,12,-25,12,-25,11,-25,11,-25,10,-25,9,-25,9,-25,8,-25,8,-24,8,-24,8,-24,8,-24,8,-24,8,-23,9,-23,9,-22,10,-22,10,-21,10,-21,11,-20,11,-20,3,-5,0,0,0,0,0,0,0,0,0,0,0,0,0,0,0,0,0,0,1,-5,7,-20,8,-20,9,-20,10,-20,11,-20,11,-20,12,-21,13,-21,14,-22,14,-22,14,-22,15,-22,15,-22,15,-22,15,-22,15,-23,15,-23,14,-24,14,-24,13,-24,13,-24,12,-25,12,-25,12,-26,13,-26,14,-27]"
CSI_DATA,226449,d8:b1:90:db:e8:90,-51,11,1,6,0,0,1,0,0,0,1,-96,0,4,0,-794254155,0,100,0,128,1,"[100,-64,5,0,4,24,4,24,5,23,5,23,5,22,5,22,5,22,6,21,6,21,6,21,7,20,7,20,7,20,6,20,6,20,6,19,5,19,5,19,4,19,4,18,3,18,3,18,2,17,2,18,1,18,0,4,0,0,0,0,0,0,0,0,0,0,0,0,0,0,0,0,0,0,1,4,5,16,4,16,4,17,3,17,3,18,2,18,2,19,1,20,1,20,1,21,1,21,1,21,1,21,1,21,1,22,1,21,1,21,2,22,2,22,2,22,3,23,3,23,3,23,4,23,4,24,4,24]"
CSI_DATA,226450,d8:b1:90:db:e8:90,-51,11,1,6,0,0,1,0,0,0,1,-96,0,4,0,-794221993,0,100,0,128,1,"[100,-64,5,0,10,25,10,25,10,24,10,24,11,23,11,23,11,22,11,22,12,22,12,21,12,21,12,20,12,20,12,20,12,20,11,20,11,20,10,20,9,20,9,19,8,19,8,18,7,19,6,19,5,19,1,4,0,0,0,0,0,0,0,0,0,0,0,0,0,0,0,0,0,0,2,4,9,17,8,17,7,18,7,19,7,19,6,20,6,21,6,22,5,22,5,23,5,23,5,23,5,23,5,23,5,23,6,23,6,23,6,23,7,24,7,24,8,24,8,25,9,25,9,25,9,25,10,25]"
CSI_DATA,226451,d8:b1:90:db:e8:90,-52,11,1,6,0,0,1,0,0,0,1,-96,0,4,0,-794210973,0,100,0,128,1,"[100,-64,5,0,-13,-27,-13,-27,-13,-26,-13,-25,-14,-24,-14,-24,-14,-23,-14,-23,-14,-23,-14,-23,-14,-22,-14,-22,-13,-22,-13,-22,-13,-22,-13,-22,-13,-21,-14,-21,-13,-21,-13,-21,-14,-21,-13,-21,-10,-21,-9,-21,-10,-22,-3,-6,0,0,0,0,0,0,0,0,0,0,0,0,0,0,0,0,0,0,-3,-5,-10,-20,-10,-20,-9,-21,-9,-21,-8,-22,-8,-22,-7,-23,-7,-24,-7,-25,-7,-25,-6,-25,-6,-25,-6,-25,-6,-25,-6,-26,-7,-26,-7,-26,-8,-26,-9,-26,-10,-26,-10,-26,-11,-27,-11,-27,-12,-27,-12,-27,-11,-28]"
CSI_DATA,226452,d8:b1:90:db:e8:90,-51,11,1,6,0,0,1,0,0,0,1,-96,0,4,0,-794197783,0,100,0,128,1,"[100,-64,5,0,-3,25,-3,25,-2,25,-2,24,-1,24,-1,24,0,24,0,23,1,23,1,23,2,22,2,22,2,22,2,22,2,22,2,22,2,22,2,21,1,21,0,21,0,20,-1,20,-2,21,-3,19,-3,17,-1,4,0,0,0,0,0,0,0,0,0,0,0,0,0,0,0,0,0,0,0,4,-1,18,-2,18,-3,19,-4,19,-4,19,-5,20,-6,20,-6,20,-7,21,-7,21,-8,21,-8,21,-8,21,-8,22,-8,22,-7,23,-7,23,-7,23,-6,23,-5,23,-5,24,-4,24,-4,25,-4,25,-4,25,-4,26]"
CSI_DATA,226453,d8:b1:90:db:e8:90,-51,11,1,6,0,0,1,0,0,0,1,-96,0,4,0,-794186053,0,100,0,128,1,"[100,-64,5,0,10,-24,10,-24,9,-24,8,-24,8,-24,7,-24,7,-24,6,-24,6,-24,6,-24,5,-23,5,-23,5,-23,5,-23,5,-23,5,-22,5,-22,5,-22,5,-22,6,-21,6,-21,7,-20,7,-19,8,-19,9,-18,2,-5,0,0,0,0,0,0,0,0,0,0,0,0,0,0,0,0,0,0,1,-5,4,-19,5,-19,7,-18,8,-18,8,-19,9,-19,10,-19,10,-19,11,-19,12,-19,13,-19,13,-19,13,-19,13,-19,13,-20,13,-20,13,-21,12,-21,12,-22,11,-22,10,-23,10,-23,10,-24,10,-24,11,-24,10,-25]"
CSI_DATA,226454,d8:b1:90:db:e8:90,-52,11,1,6,0,0,1,0,0,0,1,-96,0,4,0,-794175686,0,100,0,128,1,"[100,-64,5,0,-27,1,-27,2,-25,2,-25,2,-25,2,-25,4,-24,4,-24,4,-24,4,-24,5,-23,5,-23,5,-23,5,-23,5,-22,5,-22,5,-23,4,-22,4,-21,4,-21,3,-22,2,-22,2,-21,2,-20,0,-20,-1,-5,-1,0,0,0,0,0,0,0,0,0,0,0,0,0,0,0,0,0,0,-5,1,-18,5,-19,4,-20,2,-21,2,-21,2,-21,0,-22,-1,-22,-1,-22,0,-22,-1,-23,-3,-23,-3,-23,-3,-23,-2,-23,-3,-24,-3,-25,-2,-24,-1,-24,-1,-25,-1,-26,0,-25,1,-25,2,-26,1,-27,2,-27,2]"
CSI_DATA,226455,d8:b1:90:db:e8:90,-51,11,1,6,0,0,1,0,0,0,1,-96,0,4,0,-794155367,0,100,0,128,1,"[100,-64,5,0,-25,16,-24,16,-24,16,-23,16,-23,16,-22,16,-21,16,-21,16,-20,16,-20,16,-20,17,-19,17,-19,17,-19,17,-19,17,-19,17,-19,16,-19,16,-19,15,-18,14,-18,13,-18,12,-19,12,-19,11,-19,11,-5,2,0,0,0,0,0,0,0,0,0,0,0,0,0,0,0,0,0,0,-4,3,-16,15,-17,14,-18,13,-19,12,-20,12,-20,12,-21,12,-22,12,-22,12,-23,12,-23,11,-23,11,-23,11,-23,11,-23,12,-24,12,-24,13,-23,13,-23,13,-23,14,-23,15,-23,15,-23,16,-23,16,-23,17,-24,17]"
CSI_DATA,226456,d8:b1:90:db:e8:90,-51,11,1,6,0,0,1,0,0,0,1,-96,0,4,0,-794145218,0,100,0,128,1,"[100,-64,5,0,20,15,21,14,21,14,21,14,20,13,20,12,20,12,20,12,20,12,20,12,20,11,20,11,20,10,20,11,20,11,20,11,19,11,19,11,18,11,18,11,18,11,17,11,16,11,15,12,14,13,3,3,0,0,0,0,0,0,0,0,0,0,0,0,0,0,0,0,0,0,3,2,15,10,15,11,15,12,15,13,15,13,15,14,14,14,15,15,15,15,15,16,15,16,15,16,15,16,15,16,15,16,15,16,16,16,17,16,17,16,18,16,18,16,19,15,20,15,20,15,20,16,20,16]"
CSI_DATA,226457,d8:b1:90:db:e8:90,-51,11,1,6,0,0,1,0,0,0,1,-96,0,4,0,-794132898,0,100,0,128,1,"[100,-64,5,0,26,-5,25,-5,25,-6,25,-6,25,-7,24,-7,23,-7,23,-8,22,-8,22,-8,22,-9,22,-9,22,-9,22,-9,22,-9,21,-9,21,-8,20,-8,20,-7,20,-7,20,-6,20,-5,19,-4,19,-3,19,-3,4,-1,0,0,0,0,0,0,0,0,0,0,0,0,0,0,0,0,0,0,4,-2,19,-6,19,-6,19,-5,20,-4,20,-4,21,-3,22,-2,22,-2,22,-2,23,-1,23,-1,23,-1,24,-1,24,-1,24,-2,24,-2,24,-3,24,-3,25,-3,25,-3,25,-4,25,-5,25,-5,25,-5,26,-5,26,-6]"
CSI_DATA,226458,d8:b1:90:db:e8:90,-63,11,1,6,0,0,1,0,0,0,1,-96,0,4,0,-794105333,0,100,0,128,1,"[100,-64,5,0,3,-19,3,-18,3,-18,4,-16,5,-15,5,-15,6,-16,7,-16,8,-16,9,-16,9,-15,9,-14,9,-13,10,-13,13,-11,15,-9,16,-6,16,-6,17,-6,19,-5,18,-5,17,-6,17,-6,18,-3,19,-1,4,0,0,0,0,0,0,0,0,0,0,0,0,0,0,0,0,0,0,0,5,-6,22,-20,23,-19,24,-17,25,-15,27,-14,27,-15,26,-17,26,-18,27,-17,27,-18,23,-22,21,-24,22,-23,20,-23,15,-24,13,-25,14,-25,12,-23,9,-21,7,-19,7,-19,7,-20,8,-21,8,-21,8,-21,6,-21]"
CSI_DATA,226459,d8:b1:90:db:e8:90,-51,11,1,6,0,0,1,0,0,0,1,-96,0,4,0,-794094661,0,100,0,128,1,"[100,-64,5,0,-27,5,-27,5,-26,5,-26,5,-25,6,-25,6,-24,6,-24,7,-24,7,-23,7,-23,7,-23,8,-23,8,-23,8,-22,7,-21,6,-21,6,-20,6,-20,5,-20,4,-21,3,-21,3,-20,2,-19,3,-18,3,-5,1,0,0,0,0,0,0,0,0,0,0,0,0,0,0,0,0,0,0,-5,1,-19,6,-20,5,-20,5,-20,4,-20,4,-21,3,-21,3,-22,2,-22,2,-23,2,-23,1,-24,1,-24,1,-24,1,-25,2,-25,2,-25,3,-25,3,-24,3,-24,3,-25,3,-25,4,-26,4,-26,5,-26,5,-26,4]"
CSI_DATA,226460,d8:b1:90:db:e8:90,-51,11,1,6,0,0,1,0,0,0,1,-96,0,4,0,-794077357,0,100,0,128,1,"[100,-64,5,0,8,28,8,28,8,27,9,27,10,26,10,26,10,25,10,25,10,24,10,24,11,23,11,23,11,23,11,23,11,23,10,22,10,22,9,21,8,21,8,21,7,21,6,21,6,21,6,21,5,21,1,5,0,0,0,0,0,0,0,0,0,0,0,0,0,0,0,0,0,0,2,4,7,20,6,20,5,20,5,21,4,21,4,22,4,22,4,22,3,23,3,24,3,24,3,25,3,25,3,25,3,26,4,26,4,26,4,26,4,26,5,26,6,26,6,26,7,27,8,27,8,28,8,28]"
CSI_DATA,226461,d8:b1:90:db:e8:90,-51,11,1,6,0,0,1,0,0,0,1,-96,0,4,0,-794065252,0,100,0,128,1,"[100,-64,5,0,3,25,4,25,4,25,4,25,5,24,5,24,5,23,6,22,6,22,6,22,6,21,7,21,7,21,7,21,7,21,7,21,7,20,6,20,6,20,5,19,5,18,5,18,4,18,3,19,2,19,0,4,0,0,0,0,0,0,0,0,0,0,0,0,0,0,0,0,0,0,1,4,4,18,3,19,2,19,1,20,1,20,0,21,0,21,0,22,0,22,-1,22,-1,22,-1,22,-1,23,-1,23,-1,24,0,24,0,24,0,24,0,24,1,24,1,24,2,25,2,25,3,26,3,26,3,26]"
CSI_DATA,226462,d8:b1:90:db:e8:90,-52,11,1,6,0,0,1,0,0,0,1,-96,0,4,0,-794054456,0,100,0,128,1,"[100,-64,5,0,-17,-20,-17,-19,-18,-19,-18,-18,-18,-18,-18,-17,-18,-17,-17,-17,-17,-17,-17,-16,-18,-16,-18,-16,-18,-16,-17,-16,-17,-16,-16,-17,-16,-17,-15,-17,-15,-16,-14,-16,-14,-16,-13,-16,-13,-16,-12,-16,-11,-16,-3,-4,0,0,0,0,0,0,0,0,0,0,0,0,0,0,0,0,0,0,-3,-4,-12,-16,-11,-16,-11,-17,-10,-17,-10,-18,-10,-18,-10,-19,-10,-20,-9,-21,-10,-21,-10,-22,-10,-22,-10,-22,-10,-22,-10,-21,-11,-21,-11,-21,-12,-21,-13,-21,-14,-21,-15,-21,-15,-21,-16,-20,-16,-20,-17,-21,-17,-21]"
CSI_DATA,226463,d8:b1:90:db:e8:90,-51,11,1,6,0,0,1,0,0,0,1,-96,0,4,0,-794037640,0,100,0,128,1,"[100,-64,5,0,-4,29,-4,29,-4,28,-3,28,-2,28,-1,28,-1,27,-2,26,-2,26,-2,26,-2,26,-2,26,-2,26,-2,26,-3,26,-3,25,-4,25,-4,24,-4,24,-5,23,-5,23,-5,22,-6,21,-7,21,-8,21,-2,5,0,0,0,0,0,0,0,0,0,0,0,0,0,0,0,0,0,0,-1,5,-3,22,-4,21,-5,21,-5,21,-6,21,-6,22,-7,23,-8,23,-9,23,-9,24,-10,24,-10,25,-10,25,-10,25,-9,25,-9,25,-8,25,-8,25,-7,27,-7,27,-6,28,-6,28,-5,28,-5,28,-5,29,-5,30]"
CSI_DATA,226464,d8:b1:90:db:e8:90,-52,11,1,3,0,0,1,0,1,0,0,-96,0,4,0,-794010607,0,100,0,128,1,"[100,-64,5,0,-8,-15,-15,-12,-20,-10,-24,-8,-28,-4,-32,-1,-33,1,-33,4,-33,6,-32,6,-29,6,-28,6,-27,3,-22,0,-20,-2,-18,-7,-15,-12,-11,-15,-10,-18,-8,-23,-6,-25,-6,-26,-5,-28,-4,-28,-4,-26,-1,-7,0,0,0,0,0,0,0,0,0,0,0,0,0,0,0,0,0,0,-3,-5,-12,-20,-11,-22,-12,-23,-13,-25,-12,-26,-11,-25,-10,-24,-8,-24,-4,-21,-2,-18,2,-15,8,-12,12,-8,16,-6,21,-5,25,-2,27,-2,31,-3,34,-4,33,-5,33,-8,32,-10,29,-11,24,-14,20,-16,17,-16]"
CSI_DATA,226465,d8:b1:90:db:e8:90,-52,11,1,3,0,0,1,0,1,0,0,-96,0,4,0,-793993684,0,100,0,128,1,"[100,-64,5,0,0,-14,-6,-16,-11,-17,-16,-17,-20,-16,-23,-15,-26,-14,-27,-13,-28,-12,-27,-10,-26,-10,-24,-9,-21,-10,-18,-11,-15,-12,-11,-14,-7,-16,-3,-18,0,-19,3,-21,5,-22,6,-24,8,-24,9,-23,9,-22,2,-6,0,0,0,0,0,0,0,0,0,0,0,0,0,0,0,0,0,0,0,-5,1,-19,1,-21,2,-23,2,-24,3,-24,3,-24,4,-23,5,-21,6,-18,8,-15,10,-10,12,-6,13,-2,16,2,18,5,20,8,22,10,25,11,26,11,27,10,28,8,28,6,26,3,24,0,21,-3,18,-5]"
CSI_DATA,226466,d8:b1:90:db:e8:90,-51,11,1,6,0,0,1,0,0,0,1,-96,0,4,0,-793978949,0,100,0,128,1,"[100,-64,5,0,19,-21,19,-20,18,-20,18,-20,17,-20,17,-20,16,-21,15,-21,14,-21,13,-21,13,-21,13,-21,12,-21,12,-21,12,-20,13,-20,13,-20,13,-19,13,-19,13,-17,14,-16,14,-15,13,-15,14,-15,14,-14,3,-4,0,0,0,0,0,0,0,0,0,0,0,0,0,0,0,0,0,0,3,-5,12,-16,13,-16,13,-16,14,-15,14,-15,16,-15,17,-15,18,-15,19,-15,19,-15,19,-15,19,-15,19,-15,19,-15,19,-16,19,-16,19,-17,19,-18,19,-18,18,-19,18,-19,19,-20,19,-19,19,-19,19,-19,20,-20]"
CSI_DATA,226467,d8:b1:90:db:e8:90,-51,11,1,6,0,0,1,0,0,0,1,-96,0,4,0,-793966398,0,100,0,128,1,"[100,-64,5,0,26,-8,25,-8,25,-8,25,-8,24,-8,24,-9,23,-9,22,-9,22,-9,22,-10,21,-10,21,-10,21,-10,21,-11,21,-10,22,-9,21,-8,21,-8,21,-7,20,-7,20,-6,20,-6,20,-5,19,-4,19,-4,4,-1,0,0,0,0,0,0,0,0,0,0,0,0,0,0,0,0,0,0,4,-2,18,-8,18,-7,18,-7,19,-6,19,-6,20,-5,21,-5,21,-5,22,-5,22,-4,22,-4,23,-4,23,-4,23,-4,23,-3,23,-4,23,-4,23,-4,23,-5,23,-5,24,-6,24,-6,25,-7,25,-7,25,-7,25,-8]"
CSI_DATA,226468,d8:b1:90:db:e8:90,-51,11,1,6,0,0,1,0,0,0,1,-96,0,4,0,-793945500,0,100,0,128,1,"[100,-64,5,0,20,-17,20,-17,20,-17,19,-17,19,-17,18,-17,18,-17,17,-17,16,-18,16,-18,16,-18,15,-18,15,-18,15,-18,15,-18,15,-17,15,-17,15,-16,15,-16,15,-15,15,-14,15,-14,15,-13,16,-12,16,-12,4,-3,0,0,0,0,0,0,0,0,0,0,0,0,0,0,0,0,0,0,3,-4,13,-14,14,-13,15,-13,15,-12,16,-12,17,-12,18,-12,19,-12,19,-12,19,-12,20,-12,20,-12,20,-12,20,-12,20,-12,21,-13,21,-13,20,-14,20,-14,20,-14,20,-15,20,-15,20,-16,20,-16,20,-16,21,-17]"
CSI_DATA,226469,d8:b1:90:db:e8:90,-51,11,1,6,0,0,1,0,0,0,1,-96,0,4,0,-793916115,0,100,0,128,1,"[100,-64,5,0,26,2,25,2,25,2,25,2,25,2,25,1,25,1,24,0,24,0,23,0,23,-1,23,-1,23,-1,23,-1,23,-1,23,0,22,0,22,0,22,0,22,0,21,1,21,1,20,2,20,2,19,3,4,0,0,0,0,0,0,0,0,0,0,0,0,0,0,0,0,0,0,0,4,-1,19,0,19,1,19,1,20,2,20,2,21,3,21,3,21,3,21,3,22,4,22,4,22,4,22,4,22,4,23,4,23,3,23,3,23,3,24,3,24,2,24,1,25,1,25,1,26,2,26,2,27,2]"
CSI_DATA,226470,d8:b1:90:db:e8:90,-51,11,1,6,0,0,1,0,0,0,1,-96,0,4,0,-793905553,0,100,0,128,1,"[100,-64,5,0,27,12,26,11,26,10,26,9,26,9,26,8,25,8,25,8,25,7,25,7,25,6,25,6,24,6,24,6,24,6,24,6,23,6,23,6,22,6,22,7,21,7,21,7,20,8,20,9,19,10,4,2,0,0,0,0,0,0,0,0,0,0,0,0,0,0,0,0,0,0,5,1,21,5,21,6,20,7,21,8,21,9,21,10,22,10,23,11,23,12,23,12,23,12,22,12,22,13,23,13,23,13,23,12,23,12,24,12,24,12,25,11,25,11,26,11,26,11,26,11,26,11,27,11]"
CSI_DATA,226471,d8:b1:90:db:e8:90,-51,11,1,6,0,0,1,0,0,0,1,-96,0,4,0,-793893034,0,100,0,128,1,"[100,-64,5,0,-25,12,-24,12,-24,12,-23,12,-23,12,-22,13,-22,13,-21,13,-20,13,-20,13,-20,14,-20,14,-20,14,-19,14,-19,14,-19,14,-18,14,-18,13,-18,12,-19,12,-20,11,-20,11,-20,12,-19,10,-18,7,-5,1,0,0,0,0,0,0,0,0,0,0,0,0,0,0,0,0,0,0,-5,2,-17,11,-18,10,-18,9,-19,8,-19,8,-20,8,-21,8,-22,8,-23,8,-23,8,-23,8,-23,8,-23,8,-23,8,-23,8,-23,8,-23,8,-23,9,-23,9,-24,10,-24,10,-24,11,-24,11,-24,12,-24,12,-25,12]"
CSI_DATA,226472,d8:b1:90:db:e8:90,-51,11,1,6,0,0,1,0,0,0,1,-96,0,4,0,-793881552,0,100,0,128,1,"[100,-64,5,0,-25,17,-24,17,-24,17,-23,17,-22,17,-22,17,-21,17,-20,17,-20,17,-19,18,-19,18,-19,19,-18,19,-18,19,-18,19,-18,19,-18,18,-18,17,-18,17,-18,16,-18,16,-18,15,-18,14,-18,13,-18,12,-5,3,0,0,0,0,0,0,0,0,0,0,0,0,0,0,0,0,0,0,-4,3,-16,14,-16,14,-17,14,-18,14,-18,14,-19,13,-20,13,-21,13,-21,13,-22,13,-22,13,-22,13,-22,13,-23,13,-23,13,-23,13,-23,13,-23,13,-23,13,-23,13,-23,14,-24,15,-24,16,-25,16,-25,17,-25,17]"
CSI_DATA,226473,d8:b1:90:db:e8:90,-51,11,1,6,0,0,1,0,0,0,1,-96,0,4,0,-793868431,0,100,0,128,1,"[100,-64,5,0,-25,10,-25,10,-24,10,-23,10,-23,11,-22,11,-22,11,-22,11,-21,11,-21,11,-21,11,-21,11,-21,11,-20,11,-20,11,-21,10,-21,10,-20,9,-20,9,-20,8,-20,8,-20,7,-20,6,-20,5,-20,4,-5,1,0,0,0,0,0,0,0,0,0,0,0,0,0,0,0,0,0,0,-5,2,-18,8,-18,8,-19,7,-19,6,-20,6,-20,6,-21,5,-22,5,-22,5,-22,4,-23,4,-23,4,-23,4,-23,4,-23,5,-24,5,-24,6,-24,6,-24,7,-25,8,-25,8,-25,9,-25,9,-25,9,-25,9,-25,9]"
CSI_DATA,226474,d8:b1:90:db:e8:90,-51,11,1,6,0,0,1,0,0,0,1,-96,0,4,0,-793850271,0,100,0,128,1,"[100,-64,5,0,-15,-19,-16,-19,-16,-18,-16,-18,-16,-17,-16,-17,-16,-16,-16,-15,-16,-15,-17,-15,-17,-14,-17,-14,-17,-14,-17,-14,-17,-14,-17,-14,-16,-14,-16,-14,-16,-14,-15,-14,-14,-13,-14,-13,-13,-13,-13,-14,-12,-15,-3,-4,0,0,0,0,0,0,0,0,0,0,0,0,0,0,0,0,0,0,-3,-4,-12,-13,-12,-14,-11,-15,-11,-15,-11,-16,-11,-16,-11,-17,-12,-17,-11,-18,-11,-18,-10,-19,-10,-19,-10,-19,-11,-19,-11,-19,-11,-19,-12,-19,-12,-19,-12,-19,-13,-19,-14,-19,-14,-19,-15,-19,-15,-19,-15,-19,-15,-20]"
CSI_DATA,226475,d8:b1:90:db:e8:90,-51,11,1,6,0,0,1,0,0,0,1,-96,0,4,0,-793837984,0,100,0,128,1,"[100,-64,5,0,7,-23,7,-23,6,-23,6,-23,5,-23,5,-23,4,-22,3,-22,3,-22,2,-22,2,-22,2,-22,2,-22,2,-22,2,-21,3,-21,3,-21,3,-21,3,-20,4,-20,4,-19,4,-19,4,-18,5,-18,6,-18,1,-5,0,0,0,0,0,0,0,0,0,0,0,0,0,0,0,0,0,0,0,-5,3,-17,3,-17,4,-17,4,-17,5,-18,6,-18,6,-19,7,-19,7,-20,7,-20,8,-19,8,-19,8,-19,8,-20,8,-20,8,-20,8,-20,8,-20,8,-21,8,-21,7,-22,7,-22,7,-22,7,-23,7,-23,7,-24]"
CSI_DATA,226476,d8:b1:90:db:e8:90,-51,11,1,6,0,0,1,0,0,0,1,-96,0,4,0,-793811491,0,100,0,128,1,"[100,-64,5,0,10,-1,12,-7,13,-13,13,-18,12,-23,11,-27,9,-29,8,-31,6,-31,4,-31,3,-30,3,-28,4,-25,6,-22,8,-19,11,-16,14,-12,17,-9,19,-7,22,-5,24,-3,25,-3,25,-2,25,-1,25,-1,6,-1,0,0,0,0,0,0,0,0,0,0,0,0,0,0,0,0,0,0,4,2,17,10,18,12,19,14,20,15,21,16,21,16,19,16,17,16,14,16,10,16,5,15,0,15,-4,15,-9,16,-14,17,-17,18,-19,20,-21,22,-21,24,-20,26,-18,26,-16,27,-12,26,-8,24,-4,21,-1,18]"
CSI_DATA,226477,d8:b1:90:db:e8:90,-51,11,1,6,0,0,1,0,0,0,1,-96,0,4,0,-793800095,0,100,0,128,1,"[100,-64,5,0,9,-3,10,-9,9,-14,8,-20,7,-24,5,-27,3,-29,1,-30,-1,-30,-2,-30,-3,-29,-2,-27,-1,-25,1,-22,4,-20,7,-18,11,-16,14,-13,17,-12,20,-11,22,-10,23,-10,23,-10,23,-9,23,-9,6,-3,0,0,0,0,0,0,0,0,0,0,0,0,0,0,0,0,0,0,4,1,17,6,19,8,20,9,21,10,22,11,22,11,21,12,19,12,16,12,12,13,8,14,3,15,-1,16,-5,17,-9,19,-11,21,-13,23,-14,25,-13,27,-12,28,-11,28,-8,28,-5,26,-2,23,1,20,3,16]"
CSI_DATA,226478,d8:b1:90:db:e8:90,-51,11,1,7,0,0,1,0,0,0,0,-96,0,4,0,-793788439,0,100,0,128,1,"[100,-64,5,0,-13,23,-13,23,-13,22,-12,22,-11,22,-10,22,-10,21,-10,21,-9,21,-9,20,-8,21,-8,22,-9,22,-8,22,-7,22,-8,21,-8,21,-8,20,-7,20,-7,19,-8,18,-11,18,-12,18,-12,17,-12,16,-4,4,0,0,0,0,0,0,0,0,0,0,0,0,0,0,0,0,0,0,-2,4,-8,18,-9,17,-10,17,-11,16,-11,16,-12,17,-13,17,-14,17,-14,18,-14,18,-14,17,-14,18,-14,18,-14,18,-14,19,-14,19,-14,19,-14,19,-14,19,-13,20,-13,20,-13,21,-12,21,-13,22,-13,23,-12,23]"
CSI_DATA,226479,d8:b1:90:db:e8:90,-51,11,1,7,0,0,1,0,0,0,0,-96,0,4,0,-793776828,0,100,0,128,1,"[100,-64,5,0,9,24,9,24,10,23,10,23,11,23,11,23,11,22,11,21,12,21,12,20,12,20,13,20,13,20,13,20,12,20,12,20,12,20,11,19,10,19,10,19,9,18,9,18,8,18,8,18,7,19,1,4,0,0,0,0,0,0,0,0,0,0,0,0,0,0,0,0,0,0,2,4,9,16,8,17,8,18,7,18,7,19,7,19,7,20,7,21,6,21,6,22,6,22,5,22,6,23,6,23,5,23,6,22,6,22,6,23,7,23,8,23,8,23,9,23,9,23,10,24,10,24,10,24]"
CSI_DATA,226480,d8:b1:90:db:e8:90,-51,11,1,7,0,0,1,0,0,0,0,-96,0,4,0,-793766410,0,100,0,128,1,"[100,-64,5,0,25,5,25,5,25,5,25,5,25,4,24,4,24,3,24,2,23,2,23,1,23,1,24,0,24,0,23,0,23,0,23,0,22,1,22,1,21,1,21,1,20,2,20,2,19,3,19,3,18,4,4,1,0,0,0,0,0,0,0,0,0,0,0,0,0,0,0,0,0,0,4,0,19,2,19,3,19,4,19,4,19,5,20,5,20,6,20,6,21,7,21,7,21,8,21,8,21,8,21,8,21,8,22,8,22,7,22,7,23,7,23,7,23,6,24,6,24,6,25,6,25,5,26,5]"
CSI_DATA,226481,d8:b1:90:db:e8:90,-51,11,1,7,0,0,1,0,0,0,0,-96,0,4,0,-793751056,0,100,0,128,1,"[100,-64,5,0,-20,-23,-20,-22,-20,-22,-20,-21,-21,-20,-21,-20,-21,-19,-21,-19,-21,-18,-21,-18,-22,-17,-22,-17,-22,-17,-22,-17,-21,-17,-21,-17,-21,-17,-20,-17,-19,-17,-18,-17,-18,-18,-17,-18,-16,-18,-15,-18,-14,-19,-4,-5,0,0,0,0,0,0,0,0,0,0,0,0,0,0,0,0,0,0,-5,-4,-17,-15,-16,-16,-16,-17,-15,-18,-15,-19,-15,-19,-15,-20,-16,-20,-16,-21,-15,-22,-15,-22,-15,-22,-16,-22,-16,-22,-16,-22,-16,-22,-16,-22,-17,-22,-18,-22,-19,-21,-20,-21,-20,-22,-20,-22,-21,-23,-21,-23,-21,-22]"
CSI_DATA,226482,d8:b1:90:db:e8:90,-52,11,1,7,0,0,1,0,0,0,0,-96,0,4,0,-793715765,0,100,0,128,1,"[100,-64,5,0,-28,-11,-27,-11,-27,-10,-27,-10,-26,-9,-26,-9,-26,-8,-26,-7,-26,-7,-26,-7,-26,-7,-25,-7,-25,-7,-25,-7,-24,-7,-24,-8,-23,-8,-23,-9,-22,-9,-22,-9,-21,-10,-21,-10,-20,-11,-19,-11,-18,-12,-5,-3,0,0,0,0,0,0,0,0,0,0,0,0,0,0,0,0,0,0,-6,-2,-21,-7,-20,-8,-20,-9,-21,-10,-21,-11,-21,-11,-22,-12,-22,-12,-22,-13,-22,-14,-22,-14,-22,-15,-22,-15,-22,-15,-23,-14,-23,-14,-23,-13,-24,-13,-24,-13,-25,-12,-25,-12,-26,-12,-26,-12,-27,-12,-27,-12,-27,-11]"
CSI_DATA,226483,d8:b1:90:db:e8:90,-51,11,1,7,0,0,1,0,0,0,0,-96,0,4,0,-793700627,0,100,0,128,1,"[100,-64,5,0,-5,25,-5,25,-5,25,-4,25,-3,24,-3,24,-2,24,-2,24,-1,23,-1,23,0,23,0,23,0,23,0,23,0,23,0,23,0,22,-1,22,-1,22,-2,21,-3,21,-3,20,-3,20,-4,20,-5,19,-2,4,0,0,0,0,0,0,0,0,0,0,0,0,0,0,0,0,0,0,-1,4,-3,19,-3,19,-4,19,-4,19,-5,20,-6,20,-6,21,-6,21,-7,22,-7,22,-7,22,-7,22,-7,22,-7,22,-7,23,-7,23,-7,23,-7,23,-7,23,-7,23,-7,24,-6,24,-6,25,-6,26,-6,26,-6,26]"
CSI_DATA,226484,d8:b1:90:db:e8:90,-52,11,1,7,0,0,1,0,0,0,0,-96,0,4,0,-793687840,0,100,0,128,1,"[100,-64,5,0,-3,-29,-3,-29,-4,-28,-4,-28,-4,-27,-5,-27,-5,-26,-6,-26,-6,-26,-7,-26,-7,-25,-8,-25,-8,-25,-8,-25,-7,-25,-7,-25,-7,-25,-7,-25,-6,-25,-5,-24,-4,-23,-3,-23,-2,-23,-2,-23,-1,-24,-1,-6,0,0,0,0,0,0,0,0,0,0,0,0,0,0,0,0,0,0,-1,-6,-4,-22,-3,-22,-3,-22,-2,-23,-1,-24,-1,-24,-1,-24,0,-25,0,-25,0,-26,1,-26,1,-26,0,-26,0,-27,0,-27,0,-27,-1,-28,-1,-28,0,-28,0,-27,-1,-28,-1,-28,-2,-29,-2,-29,-2,-30,-2,-30]"
CSI_DATA,226485,d8:b1:90:db:e8:90,-51,11,1,7,0,0,1,0,0,0,0,-96,0,4,0,-793675212,0,100,0,128,1,"[100,-64,5,0,-25,-17,-25,-16,-25,-16,-25,-15,-25,-15,-25,-14,-25,-13,-25,-12,-24,-11,-24,-11,-24,-11,-24,-10,-24,-10,-24,-9,-24,-10,-23,-10,-23,-10,-22,-10,-22,-10,-21,-10,-21,-10,-20,-11,-19,-12,-18,-12,-17,-13,-5,-4,0,0,0,0,0,0,0,0,0,0,0,0,0,0,0,0,0,0,-5,-3,-20,-10,-19,-11,-19,-12,-19,-13,-19,-14,-19,-14,-20,-15,-20,-16,-20,-16,-20,-17,-20,-18,-20,-18,-20,-18,-20,-19,-20,-19,-20,-19,-20,-18,-21,-19,-21,-19,-22,-18,-23,-18,-23,-18,-23,-18,-23,-18,-24,-18,-25,-17]"
CSI_DATA,226486,d8:b1:90:db:e8:90,-52,11,1,5,0,0,1,0,1,0,0,-96,0,4,0,-793661704,0,100,0,128,1,"[100,-64,5,0,-1,-10,-6,-11,-11,-12,-15,-12,-19,-11,-22,-9,-24,-8,-25,-7,-26,-6,-25,-5,-24,-4,-23,-4,-21,-5,-19,-6,-16,-8,-14,-10,-12,-12,-9,-15,-8,-17,-6,-19,-5,-20,-4,-21,-3,-22,-3,-22,-3,-21,-1,-6,0,0,0,0,0,0,0,0,0,0,0,0,0,0,0,0,0,0,2,-4,8,-14,9,-15,10,-17,11,-17,12,-18,12,-17,12,-17,12,-15,12,-13,13,-9,13,-6,13,-2,13,2,14,5,15,8,16,11,18,13,19,14,21,14,22,13,23,11,23,9,22,6,20,3,17,1,15,-2]"
CSI_DATA,226487,d8:b1:90:db:e8:90,-51,11,1,7,0,0,1,0,0,0,0,-96,0,4,0,-793644987,0,100,0,128,1,"[100,-64,5,0,4,-26,4,-26,4,-26,4,-25,4,-25,3,-24,3,-24,2,-25,1,-25,1,-25,0,-25,1,-25,1,-24,1,-24,2,-24,2,-24,2,-23,3,-23,3,-22,4,-21,4,-21,4,-20,4,-20,4,-20,5,-20,1,-5,0,0,0,0,0,0,0,0,0,0,0,0,0,0,0,0,0,0,0,-5,1,-20,2,-20,3,-20,3,-21,4,-21,5,-21,6,-21,6,-21,6,-22,6,-22,7,-23,7,-23,7,-23,7,-24,7,-24,7,-24,6,-24,6,-24,6,-24,6,-24,5,-24,5,-25,4,-25,4,-25,4,-26,4,-27]"
CSI_DATA,226488,d8:b1:90:db:e8:90,-51,11,1,7,0,0,1,0,0,0,0,-96,0,4,0,-793632760,0,100,0,128,1,"[100,-64,5,0,-23,-14,-23,-14,-22,-13,-22,-13,-22,-13,-21,-12,-21,-12,-22,-11,-22,-11,-22,-11,-22,-10,-22,-10,-22,-10,-22,-10,-21,-11,-21,-11,-20,-11,-20,-11,-19,-11,-18,-11,-18,-11,-17,-11,-17,-11,-16,-12,-16,-13,-4,-4,0,0,0,0,0,0,0,0,0,0,0,0,0,0,0,0,0,0,-5,-3,-18,-9,-18,-10,-17,-11,-17,-12,-17,-12,-17,-13,-17,-13,-17,-14,-18,-15,-18,-15,-18,-16,-18,-16,-18,-16,-19,-16,-19,-16,-19,-16,-20,-15,-20,-15,-20,-15,-20,-15,-20,-14,-21,-14,-21,-14,-22,-14,-22,-14,-23,-14]"
CSI_DATA,226489,d8:b1:90:db:e8:90,-51,11,1,7,0,0,1,0,0,0,0,-96,0,4,0,-793613908,0,100,0,128,1,"[100,-64,5,0,-17,17,-17,17,-16,17,-16,16,-15,16,-15,16,-14,16,-14,17,-13,17,-13,17,-13,17,-12,17,-12,17,-12,17,-12,17,-12,17,-12,17,-12,16,-12,15,-12,14,-13,14,-13,13,-13,13,-13,12,-13,12,-4,2,0,0,0,0,0,0,0,0,0,0,0,0,0,0,0,0,0,0,-3,3,-11,13,-12,13,-13,13,-13,12,-13,12,-14,12,-15,12,-15,12,-16,13,-16,13,-16,13,-17,13,-17,14,-17,14,-17,14,-17,14,-17,14,-17,15,-16,15,-16,15,-16,16,-16,16,-16,17,-17,17,-16,17,-16,18]"
CSI_DATA,226490,d8:b1:90:db:e8:90,-52,11,1,6,0,0,1,0,0,0,1,-96,0,4,0,-793600166,0,100,0,128,1,"[100,-64,5,0,-30,1,-29,1,-29,1,-28,1,-27,1,-27,2,-27,2,-27,3,-27,3,-26,4,-26,4,-26,4,-26,4,-26,4,-25,4,-25,4,-25,3,-25,3,-24,2,-24,2,-24,1,-23,0,-23,0,-22,-1,-22,-2,-6,-1,0,0,0,0,0,0,0,0,0,0,0,0,0,0,0,0,0,0,-6,1,-21,4,-21,3,-22,2,-22,1,-23,1,-23,1,-23,1,-24,0,-25,0,-25,-1,-26,-1,-26,-1,-26,-1,-26,-1,-26,-1,-26,-1,-27,-1,-27,0,-27,0,-27,0,-28,1,-28,1,-29,1,-29,1,-29,2,-29,2]"
CSI_DATA,226491,d8:b1:90:db:e8:90,-51,11,1,6,0,0,1,0,0,0,1,-96,0,4,0,-793586861,0,100,0,128,1,"[100,-64,5,0,-11,-24,-11,-24,-11,-23,-11,-23,-12,-23,-12,-22,-12,-22,-12,-21,-13,-21,-13,-21,-13,-20,-13,-20,-13,-20,-12,-20,-12,-20,-12,-20,-12,-19,-11,-19,-10,-19,-11,-19,-11,-18,-10,-18,-8,-19,-7,-19,-8,-20,-3,-5,0,0,0,0,0,0,0,0,0,0,0,0,0,0,0,0,0,0,-3,-5,-10,-17,-9,-18,-8,-19,-7,-19,-7,-20,-7,-21,-7,-21,-7,-21,-6,-22,-6,-22,-6,-22,-6,-22,-6,-23,-6,-23,-6,-23,-7,-24,-7,-24,-8,-23,-8,-23,-9,-23,-9,-23,-10,-24,-10,-23,-11,-24,-11,-24,-11,-24]"
CSI_DATA,226492,d8:b1:90:db:e8:90,-51,11,1,6,0,0,1,0,0,0,1,-96,0,4,0,-793576359,0,100,0,128,1,"[100,-64,5,0,-24,9,-24,10,-23,10,-24,10,-24,11,-23,11,-23,12,-23,12,-22,12,-21,12,-20,12,-21,12,-21,12,-21,12,-20,11,-20,11,-20,11,-20,12,-20,11,-20,11,-20,10,-20,10,-19,9,-19,8,-19,8,-5,1,0,0,0,0,0,0,0,0,0,0,0,0,0,0,0,0,0,0,-5,2,-19,8,-19,7,-20,6,-21,6,-21,5,-21,5,-21,4,-22,4,-22,4,-23,4,-23,4,-23,4,-23,4,-23,4,-24,5,-24,6,-24,6,-24,6,-24,7,-24,7,-24,8,-24,8,-24,9,-25,9,-25,10,-25,11]"
CSI_DATA,226493,d8:b1:90:db:e8:90,-51,11,1,7,0,0,1,0,0,0,1,-96,0,4,0,-793562766,0,100,0,128,1,"[100,-64,5,0,7,26,7,25,8,24,8,24,8,24,9,23,9,23,9,22,9,22,9,22,9,21,9,21,9,21,9,21,9,21,9,20,9,20,8,20,8,20,8,20,7,19,7,19,6,19,4,19,4,20,0,5,0,0,0,0,0,0,0,0,0,0,0,0,0,0,0,0,0,0,2,4,8,17,7,18,6,18,5,19,5,19,5,20,5,20,4,20,4,21,4,22,4,22,4,23,4,23,4,23,4,23,4,23,4,23,4,23,4,24,5,24,6,24,6,24,6,25,6,25,6,25,7,25]"
CSI_DATA,226494,d8:b1:90:db:e8:90,-51,11,1,7,0,0,1,0,0,0,1,-96,0,4,0,-793552420,0,100,0,128,1,"[100,-64,5,0,-24,15,-24,15,-23,15,-22,15,-22,15,-21,15,-21,15,-20,15,-20,15,-19,15,-19,16,-19,16,-19,16,-19,16,-19,16,-18,15,-18,15,-18,14,-18,13,-18,13,-18,12,-18,12,-18,11,-18,11,-19,10,-5,2,0,0,0,0,0,0,0,0,0,0,0,0,0,0,0,0,0,0,-4,3,-16,13,-17,12,-17,11,-18,11,-19,11,-20,11,-20,11,-21,11,-21,11,-21,11,-22,11,-22,11,-22,11,-22,11,-23,11,-23,11,-23,11,-22,12,-23,12,-23,13,-23,14,-22,14,-22,14,-23,15,-23,15,-23,16]"
CSI_DATA,226495,d8:b1:90:db:e8:90,-52,11,1,7,0,0,1,0,0,0,1,-96,0,4,0,-793541544,0,100,0,128,1,"[100,-64,5,0,-22,-20,-22,-20,-22,-19,-22,-18,-22,-18,-21,-18,-21,-17,-22,-16,-22,-16,-22,-16,-22,-15,-22,-15,-22,-15,-22,-14,-22,-15,-21,-14,-21,-14,-20,-14,-20,-14,-19,-15,-19,-15,-18,-15,-17,-15,-17,-16,-16,-16,-4,-4,0,0,0,0,0,0,0,0,0,0,0,0,0,0,0,0,0,0,-5,-4,-18,-13,-17,-14,-16,-15,-16,-16,-16,-17,-16,-18,-16,-18,-16,-18,-16,-19,-16,-20,-16,-21,-16,-21,-17,-21,-17,-21,-17,-21,-17,-20,-17,-20,-18,-20,-19,-20,-19,-20,-20,-20,-20,-20,-21,-20,-21,-20,-22,-20,-22,-20]"
CSI_DATA,226496,d8:b1:90:db:e8:90,-51,11,1,7,0,0,1,0,0,0,1,-96,0,4,0,-793530900,0,100,0,128,1,"[100,-64,5,0,-19,-20,-19,-19,-19,-19,-19,-18,-20,-18,-20,-17,-20,-16,-20,-16,-20,-16,-20,-15,-20,-15,-21,-15,-21,-15,-20,-15,-20,-14,-20,-14,-20,-14,-19,-14,-19,-14,-18,-14,-18,-14,-17,-14,-16,-14,-15,-15,-14,-16,-4,-4,0,0,0,0,0,0,0,0,0,0,0,0,0,0,0,0,0,0,-4,-3,-16,-12,-15,-13,-15,-14,-15,-15,-15,-15,-15,-16,-15,-17,-16,-17,-16,-18,-15,-19,-15,-19,-15,-19,-15,-20,-15,-20,-15,-20,-15,-20,-16,-20,-16,-20,-16,-20,-17,-19,-17,-19,-18,-19,-18,-19,-18,-19,-19,-20,-19,-20]"
CSI_DATA,226497,d8:b1:90:db:e8:90,-51,11,1,7,0,0,1,0,0,0,1,-96,0,4,0,-793508860,0,100,0,128,1,"[100,-64,5,0,-14,-23,-14,-22,-14,-22,-15,-21,-15,-21,-15,-20,-15,-20,-16,-19,-16,-19,-16,-18,-17,-18,-17,-18,-17,-18,-17,-18,-17,-17,-17,-17,-16,-17,-16,-17,-15,-17,-15,-17,-14,-16,-13,-16,-13,-16,-11,-17,-11,-18,-3,-5,0,0,0,0,0,0,0,0,0,0,0,0,0,0,0,0,0,0,-4,-4,-12,-15,-12,-16,-12,-17,-11,-17,-11,-18,-11,-19,-11,-19,-11,-20,-11,-21,-11,-21,-11,-21,-11,-22,-11,-22,-11,-22,-10,-23,-11,-22,-11,-22,-12,-22,-12,-22,-12,-22,-13,-22,-13,-22,-13,-22,-14,-22,-14,-22,-15,-23]"
CSI_DATA,226498,d8:b1:90:db:e8:90,-51,11,1,7,0,0,1,0,0,0,1,-96,0,4,0,-793498508,0,100,0,128,1,"[100,-64,5,0,23,7,23,5,25,4,25,5,24,5,23,4,22,3,23,2,24,3,23,4,21,3,21,1,22,-1,24,0,24,2,22,3,20,1,21,0,22,1,22,3,19,4,19,2,20,2,20,4,19,6,4,1,0,0,0,0,0,0,0,0,0,0,0,0,0,0,0,0,0,0,4,1,19,7,18,9,16,10,15,9,17,9,18,10,18,12,17,12,16,11,18,11,20,12,19,14,18,13,18,12,19,10,21,11,21,12,20,12,20,10,20,8,23,8,24,9,23,9,22,8,23,6,25,6]"
CSI_DATA,226499,d8:b1:90:db:e8:90,-51,11,1,7,0,0,1,0,0,0,1,-96,0,4,0,-793488415,0,100,0,128,1,"[100,-64,5,0,-25,-10,-25,-10,-24,-9,-24,-8,-24,-8,-24,-7,-23,-7,-23,-7,-23,-7,-23,-6,-23,-6,-23,-6,-23,-6,-23,-6,-22,-6,-22,-7,-22,-7,-21,-7,-20,-8,-20,-8,-20,-8,-20,-7,-19,-7,-17,-9,-17,-9,-4,-3,0,0,0,0,0,0,0,0,0,0,0,0,0,0,0,0,0,0,-5,-2,-19,-7,-18,-8,-18,-9,-18,-10,-18,-10,-18,-11,-18,-11,-19,-12,-19,-12,-19,-12,-19,-13,-19,-13,-20,-13,-20,-13,-20,-13,-20,-13,-21,-12,-21,-12,-21,-12,-22,-11,-22,-11,-23,-11,-23,-10,-24,-10,-24,-10,-25,-10]"
CSI_DATA,226500,d8:b1:90:db:e8:90,-51,11,1,7,0,0,1,0,0,0,1,-96,0,4,0,-793473761,0,100,0,128,1,"[100,-64,5,0,-21,12,-20,12,-20,12,-19,12,-19,13,-18,13,-18,13,-18,12,-17,12,-17,12,-17,13,-16,13,-16,13,-16,13,-16,13,-16,13,-16,13,-16,12,-16,12,-15,11,-15,11,-15,10,-15,10,-15,9,-16,8,-4,2,0,0,0,0,0,0,0,0,0,0,0,0,0,0,0,0,0,0,-4,2,-15,10,-15,10,-16,9,-16,9,-17,9,-18,8,-18,8,-18,8,-19,8,-19,8,-20,7,-20,7,-20,7,-20,8,-20,8,-20,8,-20,8,-19,9,-19,10,-19,10,-19,11,-20,11,-20,12,-20,12,-20,12,-21,12]"
CSI_DATA,226501,d8:b1:90:db:e8:90,-52,11,1,7,0,0,1,0,0,0,1,-96,0,4,0,-793460879,0,100,0,128,1,"[100,-64,5,0,27,7,26,7,26,6,26,6,25,6,25,5,25,4,25,4,25,3,24,3,25,2,25,3,25,3,25,3,25,3,24,3,24,3,23,3,23,3,23,3,22,3,22,4,21,4,21,5,20,6,5,1,0,0,0,0,0,0,0,0,0,0,0,0,0,0,0,0,0,0,5,1,21,4,20,5,20,7,20,8,20,8,21,9,21,9,21,10,22,10,22,11,22,12,22,12,22,12,22,12,22,12,22,11,23,11,24,11,24,10,25,10,25,9,26,9,26,8,26,8,27,8,27,8]"
CSI_DATA,226502,d8:b1:90:db:e8:90,-51,11,1,7,0,0,1,0,0,0,1,-96,0,4,0,-793444248,0,100,0,128,1,"[100,-64,5,0,-23,-8,-23,-8,-22,-8,-22,-7,-22,-7,-22,-6,-22,-6,-21,-5,-21,-5,-21,-4,-21,-4,-22,-4,-22,-4,-21,-4,-21,-4,-20,-4,-20,-5,-19,-5,-19,-5,-18,-5,-18,-5,-18,-5,-18,-6,-17,-6,-17,-7,-5,-2,0,0,0,0,0,0,0,0,0,0,0,0,0,0,0,0,0,0,-5,-1,-18,-4,-18,-5,-17,-7,-17,-7,-18,-7,-18,-8,-19,-8,-19,-9,-19,-9,-19,-9,-19,-9,-19,-9,-20,-9,-20,-9,-20,-9,-20,-9,-20,-9,-20,-9,-20,-9,-20,-9,-21,-9,-21,-9,-22,-9,-22,-9,-22,-9,-23,-8]"
CSI_DATA,226503,d8:b1:90:db:e8:90,-51,11,1,7,0,0,1,0,0,0,1,-96,0,4,0,-793432481,0,100,0,128,1,"[100,-64,5,0,24,-12,24,-13,23,-13,23,-13,22,-13,22,-13,21,-14,21,-14,20,-14,20,-15,19,-15,20,-15,20,-15,19,-15,19,-15,19,-14,18,-13,18,-13,18,-13,18,-12,18,-11,18,-11,18,-10,18,-10,18,-9,4,-3,0,0,0,0,0,0,0,0,0,0,0,0,0,0,0,0,0,0,4,-3,17,-12,18,-11,18,-10,19,-9,20,-9,20,-9,21,-9,22,-9,22,-9,23,-9,23,-9,23,-9,23,-9,23,-9,23,-9,23,-10,23,-10,23,-11,23,-10,23,-10,24,-11,24,-11,24,-11,24,-12,25,-12,25,-13]"
CSI_DATA,226504,d8:b1:90:db:e8:90,-51,11,1,7,0,0,1,0,0,0,1,-96,0,4,0,-793403260,0,100,0,128,1,"[100,-64,5,0,-31,1,-30,1,-29,2,-29,2,-29,3,-29,3,-28,4,-27,4,-27,5,-26,6,-26,6,-26,6,-26,6,-25,6,-25,6,-25,6,-25,5,-24,5,-24,4,-24,4,-24,3,-24,3,-23,2,-23,2,-23,1,-6,0,0,0,0,0,0,0,0,0,0,0,0,0,0,0,0,0,0,0,-5,1,-20,5,-20,3,-21,1,-22,0,-22,0,-23,-1,-24,-1,-25,-1,-25,-2,-26,-2,-26,-2,-27,-2,-27,-2,-27,-2,-27,-2,-26,-2,-26,-2,-27,-2,-27,-1,-28,0,-28,0,-29,0,-29,1,-29,1,-30,2,-30,2]"
CSI_DATA,226505,d8:b1:90:db:e8:90,-51,11,1,7,0,0,1,0,0,0,1,-96,0,4,0,-793386618,0,100,0,128,1,"[100,-64,5,0,21,17,21,16,21,16,21,15,21,14,21,13,21,13,21,12,21,11,21,11,21,11,22,10,22,10,22,9,21,9,21,9,21,9,21,9,21,9,19,9,18,9,18,9,17,9,15,10,15,12,3,3,0,0,0,0,0,0,0,0,0,0,0,0,0,0,0,0,0,0,4,2,17,10,16,11,16,12,15,13,15,14,16,14,16,15,16,16,17,17,17,17,17,18,16,18,16,19,17,19,17,18,17,18,17,18,18,18,18,19,18,18,19,18,20,17,20,17,20,18,21,18,21,18]"
CSI_DATA,226506,d8:b1:90:db:e8:90,-51,11,1,7,0,0,1,0,0,0,1,-96,0,4,0,-793375187,0,100,0,128,1,"[100,-64,5,0,13,-23,12,-23,12,-22,11,-22,11,-22,11,-22,10,-22,9,-22,9,-22,8,-22,7,-22,7,-22,7,-22,7,-22,7,-22,7,-22,7,-22,7,-21,8,-21,8,-20,8,-19,9,-19,9,-18,9,-17,9,-17,2,-5,0,0,0,0,0,0,0,0,0,0,0,0,0,0,0,0,0,0,1,-5,6,-18,7,-18,8,-18,9,-18,10,-18,10,-18,11,-18,12,-19,13,-19,13,-19,14,-19,14,-19,14,-19,14,-19,14,-19,14,-19,14,-19,14,-20,14,-20,14,-21,14,-21,14,-22,13,-22,13,-22,13,-23,13,-23]"
CSI_DATA,226507,d8:b1:90:db:e8:90,-51,11,1,7,0,0,1,0,0,0,1,-96,0,4,0,-793363379,0,100,0,128,1,"[100,-64,5,0,20,21,20,20,20,19,20,19,19,18,19,17,20,17,19,17,19,16,19,16,19,16,19,16,19,15,19,15,19,15,19,15,18,15,18,15,17,15,17,15,16,15,15,15,15,15,14,15,13,16,3,4,0,0,0,0,0,0,0,0,0,0,0,0,0,0,0,0,0,0,4,3,16,12,16,13,15,14,15,15,15,15,15,16,16,16,16,17,16,18,16,18,16,19,16,19,16,19,17,19,16,19,17,19,17,19,18,19,18,19,19,19,19,19,20,19,20,19,20,19,21,20,21,20]"
CSI_DATA,226508,d8:b1:90:db:e8:90,-51,11,1,7,0,0,1,0,0,0,1,-96,0,4,0,-793352603,0,100,0,128,1,"[100,-64,5,0,26,0,26,0,26,-1,25,-1,24,-1,24,-2,24,-2,23,-2,23,-2,23,-2,23,-3,23,-3,23,-3,23,-3,22,-3,22,-3,22,-2,21,-2,21,-2,21,-1,20,-1,20,-1,19,0,19,1,19,2,4,0,0,0,0,0,0,0,0,0,0,0,0,0,0,0,0,0,0,0,4,-1,19,-3,19,-2,19,-1,20,-1,20,0,21,0,21,0,21,1,22,1,22,1,23,1,23,2,23,2,23,2,23,1,23,1,23,1,24,0,24,0,24,0,25,-1,25,-1,25,-1,25,0,26,0,26,-1]"
CSI_DATA,226509,d8:b1:90:db:e8:90,-51,11,1,7,0,0,1,0,0,0,1,-96,0,4,0,-793338881,0,100,0,128,1,"[100,-64,5,0,-27,-4,-27,-3,-27,-4,-26,-4,-26,-4,-25,-3,-25,-3,-24,-2,-24,-2,-24,-1,-24,-1,-24,0,-24,0,-24,0,-24,0,-23,0,-23,0,-22,-1,-22,-1,-21,-1,-21,-2,-21,-2,-21,-3,-21,-3,-20,-4,-5,-1,0,0,0,0,0,0,0,0,0,0,0,0,0,0,0,0,0,0,-5,-1,-20,-2,-20,-2,-20,-3,-20,-4,-20,-4,-20,-5,-21,-6,-21,-6,-22,-7,-22,-7,-22,-8,-23,-8,-23,-9,-23,-8,-23,-8,-23,-7,-23,-7,-23,-7,-23,-7,-24,-6,-24,-6,-25,-6,-26,-5,-26,-4,-27,-4,-27,-4]"
CSI_DATA,226510,d8:b1:90:db:e8:90,-52,11,1,7,0,0,1,0,0,0,1,-96,0,4,0,-793305860,0,100,0,128,1,"[100,-64,5,0,15,20,15,20,15,19,16,19,16,18,16,17,16,17,16,17,16,16,16,16,16,15,16,15,16,15,16,15,16,15,16,15,15,14,15,14,14,15,14,15,13,15,12,15,12,15,11,15,10,16,2,4,0,0,0,0,0,0,0,0,0,0,0,0,0,0,0,0,0,0,0,0,2,3,4,6,9,11,11,15,11,15,11,16,11,17,11,18,11,18,11,19,11,19,11,19,11,19,11,19,12,19,12,19,12,19,13,19,13,20,13,20,14,19,14,19,15,19,15,19,15,19,16,20]"
CSI_DATA,226511,d8:b1:90:db:e8:90,-51,11,1,7,0,0,1,0,0,0,1,-96,0,4,0,-793293826,0,100,0,128,1,"[100,-64,5,0,22,14,22,14,22,13,21,13,21,12,21,12,21,11,21,10,21,10,21,9,21,9,21,9,21,9,21,9,21,9,21,9,20,9,20,10,19,10,18,10,18,10,17,10,16,11,16,11,15,12,3,3,0,0,0,0,0,0,0,0,0,0,0,0,0,0,0,0,0,0,4,2,16,8,16,9,15,10,15,11,15,11,15,12,16,13,16,14,16,14,16,15,16,15,17,16,17,16,17,16,17,15,17,15,17,15,18,15,18,15,19,14,20,14,20,14,21,14,21,14,22,14,22,15]"
CSI_DATA,226512,d8:b1:90:db:e8:90,-51,11,1,7,0,0,1,0,0,0,1,-96,0,4,0,-793277704,0,100,0,128,1,"[100,-64,5,0,29,-2,28,-2,28,-3,28,-3,28,-4,27,-5,26,-5,26,-5,25,-5,25,-5,25,-6,25,-6,25,-7,25,-7,24,-7,24,-7,24,-7,23,-7,22,-7,23,-6,23,-5,23,-5,22,-5,21,-3,20,1,5,0,0,0,0,0,0,0,0,0,0,0,0,0,0,0,0,0,0,0,5,-1,21,-3,21,-2,22,-1,22,0,22,0,23,1,23,1,24,1,24,2,25,2,25,3,25,4,25,4,25,4,25,3,26,3,26,2,26,2,27,2,27,1,27,0,27,-1,28,-1,28,-1,29,-2,29,-2]"
CSI_DATA,226513,d8:b1:90:db:e8:90,-51,11,1,7,0,0,1,0,0,0,1,-96,0,4,0,-793262935,0,100,0,128,1,"[100,-64,5,0,0,26,0,26,1,26,1,25,1,25,1,24,2,24,2,23,3,23,3,23,3,22,4,22,4,22,4,22,4,22,4,22,3,22,3,22,2,21,2,21,1,20,1,19,1,19,0,20,-1,19,-1,4,0,0,0,0,0,0,0,0,0,0,0,0,0,0,0,0,0,0,0,4,2,20,1,20,1,20,0,20,-1,21,-1,21,-2,21,-2,21,-2,22,-3,22,-3,23,-3,23,-3,23,-3,24,-4,24,-4,24,-4,24,-3,24,-3,25,-2,25,-2,25,-1,26,-1,26,0,26,0,26,0,26]"
CSI_DATA,226514,d8:b1:90:db:e8:90,-51,11,1,7,0,0,1,0,0,0,1,-96,0,4,0,-793250947,0,100,0,128,1,"[100,-64,5,0,-24,-15,-23,-15,-23,-14,-23,-13,-23,-13,-23,-13,-23,-12,-23,-11,-22,-11,-22,-10,-23,-10,-23,-9,-22,-9,-22,-10,-22,-10,-22,-10,-22,-10,-22,-11,-21,-11,-20,-11,-19,-11,-19,-10,-18,-11,-18,-12,-18,-12,-5,-4,0,0,0,0,0,0,0,0,0,0,0,0,0,0,0,0,0,0,-5,-2,-19,-8,-18,-10,-18,-11,-18,-11,-18,-12,-18,-12,-18,-13,-18,-13,-18,-14,-19,-14,-19,-15,-19,-15,-19,-15,-19,-16,-19,-16,-19,-17,-20,-16,-20,-16,-21,-16,-21,-16,-22,-15,-22,-15,-22,-15,-23,-14,-23,-14,-23,-14]"
CSI_DATA,226515,d8:b1:90:db:e8:90,-51,11,1,7,0,0,1,0,0,0,1,-96,0,4,0,-793237080,0,100,0,128,1,"[100,-64,5,0,-27,-1,-27,-1,-27,-1,-26,-1,-26,0,-26,0,-25,1,-25,1,-25,1,-25,2,-25,2,-25,2,-25,2,-25,2,-24,2,-24,2,-23,2,-23,1,-22,0,-21,0,-21,-1,-21,-1,-22,-2,-22,-2,-21,-4,-6,-2,0,0,0,0,0,0,0,0,0,0,0,0,0,0,0,0,0,0,-5,-1,-21,-2,-20,-3,-20,-4,-20,-4,-21,-5,-21,-5,-22,-5,-22,-5,-23,-6,-23,-6,-23,-6,-24,-6,-24,-7,-24,-7,-24,-6,-24,-6,-25,-5,-25,-5,-25,-4,-26,-4,-26,-3,-26,-3,-27,-2,-27,-2,-27,-2,-28,-1]"
CSI_DATA,226516,d8:b1:90:db:e8:90,-51,11,1,7,0,0,1,0,0,0,1,-96,0,4,0,-793225703,0,100,0,128,1,"[100,-64,5,0,25,8,25,7,25,7,24,7,24,6,24,6,24,5,24,5,24,5,24,5,24,4,23,4,23,4,23,4,23,5,22,5,22,5,22,4,21,5,20,6,20,6,20,7,19,8,18,9,18,11,4,3,0,0,0,0,0,0,0,0,0,0,0,0,0,0,0,0,0,0,4,1,19,6,19,6,18,7,18,8,19,8,19,9,19,9,20,10,20,10,20,11,21,11,21,11,21,12,21,11,21,11,22,11,22,11,22,10,22,10,23,10,23,9,24,9,24,8,25,8,25,8,26,8]"
CSI_DATA,226517,d8:b1:90:db:e8:90,-51,11,1,7,0,0,1,0,0,0,1,-96,0,4,0,-793199232,0,100,0,128,1,"[100,-64,5,0,-7,25,-6,25,-6,25,-5,25,-5,25,-4,25,-4,24,-3,24,-3,24,-2,24,-2,24,-1,24,-1,24,-1,24,-1,23,-1,23,-1,23,-1,23,-2,22,-4,21,-4,20,-3,20,-4,20,-6,21,-7,20,-2,5,0,0,0,0,0,0,0,0,0,0,0,0,0,0,0,0,0,0,-1,4,-3,18,-3,18,-4,18,-5,18,-5,19,-6,19,-8,20,-9,20,-9,21,-9,21,-10,21,-10,21,-9,21,-9,21,-9,22,-9,22,-9,22,-9,23,-8,23,-7,24,-7,24,-7,24,-7,25,-7,25,-7,25,-7,25]"
CSI_DATA,226518,d8:b1:90:db:e8:90,-52,11,1,7,0,0,1,0,0,0,1,-96,0,4,0,-793186714,0,100,0,128,1,"[100,-64,5,0,-18,-24,-18,-23,-18,-22,-19,-22,-19,-21,-18,-20,-19,-20,-19,-19,-19,-19,-19,-18,-19,-18,-20,-18,-20,-17,-20,-17,-19,-18,-19,-18,-18,-18,-18,-18,-17,-18,-16,-18,-15,-18,-15,-18,-14,-18,-14,-18,-13,-18,-4,-5,0,0,0,0,0,0,0,0,0,0,0,0,0,0,0,0,0,0,-4,-4,-15,-16,-15,-16,-14,-18,-14,-18,-14,-19,-14,-20,-14,-20,-14,-20,-14,-21,-14,-22,-13,-22,-12,-23,-13,-23,-13,-24,-12,-24,-12,-24,-13,-24,-14,-24,-14,-24,-15,-24,-16,-24,-16,-24,-16,-24,-17,-24,-17,-24,-17,-24]"
CSI_DATA,226519,d8:b1:90:db:e8:90,-52,11,1,5,0,0,1,0,1,0,0,-96,0,4,0,-793171777,0,100,0,128,1,"[100,-64,5,0,7,8,13,5,18,2,22,-2,25,-5,28,-9,29,-12,29,-14,28,-16,26,-17,25,-17,23,-15,22,-13,21,-9,20,-5,19,-1,19,3,18,8,17,13,17,16,17,18,16,20,15,21,16,21,16,19,3,4,0,0,0,0,0,0,0,0,0,0,0,0,0,0,0,0,0,0,1,4,5,20,5,22,5,24,5,26,5,26,4,26,3,25,1,24,-1,21,-4,18,-7,15,-11,11,-15,8,-19,5,-23,3,-26,2,-29,1,-31,2,-33,3,-33,5,-33,6,-31,8,-28,10,-24,12,-18,12,-14,13]"
CSI_DATA,226520,d8:b1:90:db:e8:90,-51,11,1,7,0,0,1,0,0,0,1,-96,0,4,0,-793158678,0,100,0,128,1,"[100,-64,5,0,1,27,1,26,1,26,2,25,2,25,2,24,3,24,3,24,3,24,4,23,4,23,4,23,4,23,4,23,4,23,4,22,4,22,3,22,3,21,2,21,2,21,2,20,1,20,0,20,-1,20,-1,5,0,0,0,0,0,0,0,0,0,0,0,0,0,0,0,0,0,0,1,4,4,19,3,19,2,19,2,20,1,20,1,21,0,22,-1,23,-1,23,-1,24,-1,24,-2,24,-2,24,-2,25,-2,24,-2,24,-1,24,-1,24,0,25,0,25,1,26,1,26,1,26,1,26,1,26,1,27]"
CSI_DATA,226521,d8:b1:90:db:e8:90,-51,11,1,7,0,0,1,0,0,0,1,-96,0,4,0,-793148022,0,100,0,128,1,"[100,-64,5,0,-22,10,-22,10,-21,10,-20,10,-20,11,-20,11,-19,11,-19,11,-19,11,-19,11,-18,12,-18,12,-18,12,-18,12,-18,12,-18,12,-17,11,-17,11,-17,11,-17,10,-17,10,-17,9,-17,9,-17,8,-17,7,-5,1,0,0,0,0,0,0,0,0,0,0,0,0,0,0,0,0,0,0,-4,2,-15,9,-16,8,-16,7,-16,7,-17,7,-17,7,-19,7,-20,6,-20,6,-21,6,-21,6,-21,6,-21,6,-21,6,-21,6,-21,6,-21,7,-21,7,-21,8,-21,8,-21,9,-21,9,-21,9,-21,9,-22,9,-22,10]"
CSI_DATA,226522,d8:b1:90:db:e8:90,-51,11,1,7,0,0,1,0,0,0,1,-96,0,4,0,-793130341,0,100,0,128,1,"[100,-64,5,0,-18,-21,-18,-21,-19,-20,-19,-19,-19,-19,-18,-18,-19,-18,-19,-18,-19,-17,-19,-17,-20,-16,-20,-17,-20,-16,-19,-16,-19,-16,-19,-16,-18,-16,-18,-16,-17,-16,-17,-16,-16,-15,-15,-15,-15,-16,-14,-16,-13,-17,-4,-5,0,0,0,0,0,0,0,0,0,0,0,0,0,0,0,0,0,0,-4,-4,-16,-13,-15,-14,-15,-14,-14,-15,-14,-16,-14,-17,-14,-18,-14,-19,-14,-20,-14,-20,-14,-20,-14,-21,-14,-21,-14,-21,-14,-21,-15,-20,-15,-20,-16,-20,-16,-20,-17,-20,-17,-20,-17,-20,-18,-20,-18,-20,-18,-21,-19,-21]"
CSI_DATA,226523,d8:b1:90:db:e8:90,-52,11,1,7,0,0,1,0,0,0,1,-96,0,4,0,-793100941,0,100,0,128,1,"[100,-64,5,0,21,19,21,18,21,17,21,17,21,16,21,16,21,15,21,14,21,14,21,14,21,13,22,13,21,13,21,13,21,13,20,13,20,13,19,13,19,13,19,14,18,14,17,13,16,14,15,15,14,15,3,4,0,0,0,0,0,0,0,0,0,0,0,0,0,0,0,0,0,0,4,2,17,10,17,12,17,13,16,14,16,14,16,15,16,16,16,16,16,17,16,17,17,17,17,17,17,18,17,18,18,18,18,18,18,18,19,18,19,19,19,18,20,18,21,18,21,18,21,18,22,18,23,19]"
CSI_DATA,226524,d8:b1:90:db:e8:90,-51,11,1,7,0,0,1,0,0,0,1,-96,0,4,0,-793087824,0,100,0,128,1,"[100,-64,5,0,26,7,26,6,25,6,25,5,25,5,25,4,25,4,24,3,24,3,24,2,24,2,24,1,24,2,23,2,23,2,23,2,23,2,22,3,22,3,22,3,21,4,20,4,20,4,19,5,18,6,4,1,0,0,0,0,0,0,0,0,0,0,0,0,0,0,0,0,0,0,4,0,19,1,19,1,19,3,19,4,20,4,20,5,21,5,21,5,22,6,22,6,23,7,23,7,23,7,23,8,22,8,22,8,22,8,22,8,23,8,24,7,24,7,24,7,25,7,25,7,26,7,26,7]"
CSI_DATA,226525,d8:b1:90:db:e8:90,-51,11,1,7,0,0,1,0,0,0,1,-96,0,4,0,-793072617,0,100,0,128,1,"[100,-64,5,0,4,26,5,26,5,26,5,26,5,26,6,25,6,24,6,24,6,24,6,23,6,23,7,23,7,23,7,23,7,23,7,23,6,22,6,22,5,22,5,21,5,20,4,20,3,20,3,19,2,19,0,4,0,0,0,0,0,0,0,0,0,0,0,0,0,0,0,0,0,0,1,4,4,19,4,19,2,20,2,20,1,20,1,21,1,21,1,22,0,23,0,23,0,23,0,24,0,24,0,24,0,24,0,24,0,24,1,24,2,24,2,24,3,24,3,25,3,25,3,26,3,26,4,27]"
CSI_DATA,226526,d8:b1:90:db:e8:90,-51,11,1,7,0,0,1,0,0,0,1,-96,0,4,0,-793061206,0,100,0,128,1,"[100,-64,5,0,-27,-1,-27,-1,-27,-1,-27,-1,-26,-1,-26,0,-26,0,-25,1,-25,1,-24,1,-25,2,-24,3,-24,3,-24,3,-24,2,-24,2,-23,1,-23,1,-22,1,-21,0,-21,0,-21,0,-20,-1,-20,-2,-20,-2,-5,-1,0,0,0,0,0,0,0,0,0,0,0,0,0,0,0,0,0,0,-6,0,-21,0,-21,-1,-21,-2,-21,-3,-21,-3,-21,-4,-22,-4,-23,-4,-23,-5,-23,-5,-24,-5,-24,-6,-24,-6,-24,-6,-24,-6,-25,-5,-25,-5,-25,-4,-25,-4,-25,-3,-25,-3,-25,-2,-26,-3,-26,-2,-27,-2,-27,-2]"
CSI_DATA,226527,d8:b1:90:db:e8:90,-51,11,1,7,0,0,1,0,0,0,1,-96,0,4,0,-793049312,0,100,0,128,1,"[100,-64,5,0,-7,-26,-7,-26,-7,-26,-6,-25,-6,-25,-6,-25,-6,-24,-6,-24,-6,-24,-7,-24,-7,-23,-8,-23,-8,-23,-8,-23,-7,-23,-7,-23,-7,-23,-6,-22,-6,-22,-6,-22,-5,-21,-5,-20,-3,-21,-2,-21,-1,-20,0,-5,0,0,0,0,0,0,0,0,0,0,0,0,0,0,0,0,0,0,-2,-5,-6,-19,-5,-20,-5,-20,-4,-21,-4,-21,-3,-21,-3,-21,-3,-22,-2,-22,-2,-23,-1,-23,-1,-24,-1,-24,-2,-24,-1,-24,-2,-24,-2,-24,-3,-25,-3,-25,-4,-25,-5,-26,-5,-26,-6,-27,-6,-27,-6,-27,-6,-26]"
CSI_DATA,226528,d8:b1:90:db:e8:90,-51,11,1,7,0,0,1,0,0,0,1,-96,0,4,0,-793025622,0,100,0,128,1,"[100,-64,5,0,25,-5,25,-5,24,-5,24,-5,24,-6,23,-6,23,-6,23,-7,23,-7,23,-7,23,-7,23,-8,22,-8,22,-8,22,-7,22,-6,22,-6,21,-6,21,-5,20,-5,20,-5,20,-4,19,-3,19,-2,19,-1,4,-1,0,0,0,0,0,0,0,0,0,0,0,0,0,0,0,0,0,0,4,-2,19,-5,19,-5,19,-4,20,-3,20,-3,21,-2,21,-2,21,-2,22,-2,22,-1,22,0,22,0,22,0,23,0,23,0,23,-1,23,-1,23,-2,23,-2,24,-3,24,-3,24,-4,25,-4,25,-4,25,-4,26,-4]"
CSI_DATA,226529,d8:b1:90:db:e8:90,-51,11,1,7,0,0,1,0,0,0,1,-96,0,4,0,-793000419,0,100,0,128,1,"[100,-64,5,0,-27,-4,-27,-4,-27,-4,-26,-3,-26,-3,-25,-2,-25,-2,-25,-2,-25,-2,-25,-1,-25,-1,-25,0,-25,0,-25,0,-25,-1,-24,-1,-24,-2,-23,-2,-23,-2,-22,-3,-22,-3,-22,-3,-21,-4,-21,-4,-20,-5,-5,-2,0,0,0,0,0,0,0,0,0,0,0,0,0,0,0,0,0,0,-6,-1,-21,-2,-21,-3,-21,-4,-21,-5,-22,-5,-22,-5,-22,-6,-22,-6,-22,-7,-23,-7,-22,-8,-22,-8,-22,-8,-22,-8,-23,-8,-24,-7,-24,-7,-24,-7,-25,-6,-25,-6,-25,-5,-26,-5,-26,-5,-27,-5,-27,-5,-27,-4]"
CSI_DATA,226530,d8:b1:90:db:e8:90,-51,11,1,7,0,0,1,0,0,0,1,-96,0,4,0,-792983862,0,100,0,128,1,"[100,-64,5,0,-14,23,-13,23,-13,22,-12,22,-12,22,-11,22,-11,22,-11,21,-11,21,-10,21,-10,21,-10,21,-10,21,-10,21,-10,21,-10,20,-10,20,-10,19,-11,19,-12,18,-12,18,-12,17,-12,16,-12,15,-12,13,-3,3,0,0,0,0,0,0,0,0,0,0,0,0,0,0,0,0,0,0,-3,4,-10,17,-10,17,-11,17,-11,16,-12,16,-13,17,-14,17,-14,17,-14,17,-15,18,-15,18,-15,17,-15,18,-14,18,-15,18,-15,18,-15,19,-14,19,-14,20,-14,21,-14,21,-14,21,-14,21,-14,22,-14,22,-14,23]"
CSI_DATA,226531,d8:b1:90:db:e8:90,-52,11,1,7,0,0,1,0,0,0,1,-96,0,4,0,-792973644,0,100,0,128,1,"[100,-64,5,0,-13,-24,-13,-23,-13,-23,-13,-22,-12,-22,-13,-21,-13,-21,-13,-21,-13,-20,-14,-20,-14,-19,-15,-19,-15,-19,-15,-19,-15,-18,-14,-18,-14,-17,-14,-17,-14,-18,-14,-18,-14,-18,-13,-18,-13,-17,-11,-18,-8,-18,-2,-5,0,0,0,0,0,0,0,0,0,0,0,0,0,0,0,0,0,0,-3,-5,-10,-17,-9,-17,-8,-18,-7,-19,-7,-20,-7,-20,-7,-20,-7,-20,-7,-21,-7,-21,-7,-22,-6,-22,-7,-23,-7,-23,-7,-23,-8,-24,-8,-24,-9,-23,-9,-23,-10,-22,-10,-22,-11,-23,-11,-23,-11,-24,-12,-24,-12,-25]"
CSI_DATA,226532,d8:b1:90:db:e8:90,-52,11,1,7,0,0,1,0,0,0,1,-96,0,4,0,-792962209,0,100,0,128,1,"[100,-64,5,0,-23,-12,-23,-11,-23,-11,-23,-11,-23,-10,-23,-10,-23,-10,-23,-9,-22,-9,-22,-8,-23,-8,-23,-7,-22,-7,-22,-7,-22,-8,-22,-8,-21,-8,-20,-8,-20,-8,-19,-8,-19,-8,-19,-8,-18,-9,-18,-10,-17,-10,-5,-3,0,0,0,0,0,0,0,0,0,0,0,0,0,0,0,0,0,0,-5,-2,-18,-7,-18,-8,-18,-9,-18,-11,-18,-11,-18,-12,-17,-12,-17,-12,-17,-13,-18,-14,-18,-14,-18,-14,-18,-14,-18,-14,-18,-14,-19,-14,-19,-13,-20,-14,-21,-14,-21,-14,-22,-14,-22,-13,-22,-12,-22,-12,-23,-12,-23,-12]"
CSI_DATA,226533,d8:b1:90:db:e8:90,-52,11,1,7,0,0,1,0,0,0,1,-96,0,4,0,-792947330,0,100,0,128,1,"[100,-64,5,0,-28,10,-27,10,-27,10,-26,11,-26,11,-26,12,-25,12,-24,12,-24,12,-23,12,-23,13,-23,13,-23,13,-22,12,-22,12,-22,12,-22,12,-22,11,-22,11,-21,10,-21,10,-21,9,-21,9,-21,8,-21,8,-6,1,0,0,0,0,0,0,0,0,0,0,0,0,0,0,0,0,0,0,-5,2,-20,9,-20,8,-21,6,-22,6,-23,5,-23,5,-23,4,-23,4,-24,4,-24,4,-25,3,-25,3,-25,3,-25,4,-26,4,-26,4,-26,5,-26,6,-27,6,-28,7,-28,7,-27,8,-27,9,-26,9,-27,9,-28,10]"
CSI_DATA,226534,d8:b1:90:db:e8:90,-51,11,1,7,0,0,1,0,0,0,1,-96,0,4,0,-792931409,0,100,0,128,1,"[100,-64,5,0,16,-25,16,-25,16,-25,15,-24,15,-24,14,-24,14,-24,13,-24,12,-24,11,-24,11,-24,11,-24,11,-24,11,-24,11,-24,11,-24,12,-24,12,-23,12,-23,12,-22,12,-21,12,-20,13,-20,13,-19,13,-18,3,-5,0,0,0,0,0,0,0,0,0,0,0,0,0,0,0,0,0,0,2,-5,10,-20,11,-19,12,-19,13,-18,13,-18,14,-18,15,-19,15,-19,15,-19,16,-19,16,-20,17,-20,17,-20,16,-20,17,-20,17,-21,17,-21,17,-22,16,-22,16,-23,16,-23,16,-24,15,-24,15,-24,16,-25,16,-25]"
CSI_DATA,226535,d8:b1:90:db:e8:90,-52,11,1,7,0,0,1,0,0,0,1,-96,0,4,0,-792919782,0,100,0,128,1,"[100,-64,5,0,22,13,21,13,21,12,21,12,21,12,21,11,21,11,21,10,20,9,21,9,21,8,21,8,21,8,21,8,20,8,20,8,20,8,19,9,19,9,18,9,17,10,17,10,16,10,15,11,15,11,3,2,0,0,0,0,0,0,0,0,0,0,0,0,0,0,0,0,0,0,4,1,16,7,16,8,16,9,15,10,16,10,16,11,16,11,16,12,17,13,17,13,17,13,17,14,17,14,17,14,17,14,17,14,18,14,18,14,19,14,19,14,20,13,20,13,21,13,21,13,21,13,22,13]"
CSI_DATA,226536,d8:b1:90:db:e8:90,-51,11,1,7,0,0,1,0,0,0,1,-96,0,4,0,-792895053,0,100,0,128,1,"[100,-64,5,0,18,-15,18,-16,18,-16,18,-15,18,-15,17,-15,17,-15,16,-15,16,-15,15,-16,15,-16,15,-16,15,-15,15,-15,15,-15,15,-15,15,-14,14,-14,14,-14,15,-13,15,-13,15,-12,15,-11,15,-11,15,-10,3,-3,0,0,0,0,0,0,0,0,0,0,0,0,0,0,0,0,0,0,3,-4,12,-13,13,-12,14,-12,14,-12,15,-12,15,-11,16,-11,16,-11,17,-11,17,-11,18,-11,18,-11,18,-11,18,-11,18,-12,17,-12,17,-13,17,-13,17,-13,17,-14,18,-14,18,-15,19,-15,19,-15,19,-15,19,-15]"
CSI_DATA,226537,d8:b1:90:db:e8:90,-51,11,1,7,0,0,1,0,0,0,1,-96,0,4,0,-792884562,0,100,0,128,1,"[100,-64,5,0,-23,15,-22,15,-22,15,-21,16,-20,16,-20,16,-20,16,-19,17,-18,17,-18,17,-18,17,-18,17,-18,17,-18,17,-17,17,-16,17,-16,17,-16,16,-16,16,-16,15,-17,14,-17,13,-17,12,-17,12,-17,11,-5,2,0,0,0,0,0,0,0,0,0,0,0,0,0,0,0,0,0,0,-4,3,-16,12,-17,11,-17,11,-18,10,-19,10,-19,10,-20,10,-21,10,-21,10,-22,10,-22,9,-22,9,-22,9,-22,9,-22,9,-23,9,-23,10,-23,10,-22,11,-22,11,-23,12,-23,13,-23,14,-23,14,-23,14,-23,15]"
CSI_DATA,226538,d8:b1:90:db:e8:90,-51,11,1,7,0,0,1,0,0,0,1,-96,0,4,0,-792873243,0,100,0,128,1,"[100,-64,5,0,-12,-25,-12,-24,-13,-23,-13,-23,-13,-23,-14,-23,-14,-22,-14,-22,-15,-21,-15,-21,-16,-21,-16,-20,-16,-20,-15,-20,-15,-20,-14,-20,-14,-20,-13,-19,-13,-19,-12,-18,-12,-19,-12,-18,-10,-18,-9,-19,-8,-20,-2,-5,0,0,0,0,0,0,0,0,0,0,0,0,0,0,0,0,0,0,-3,-5,-10,-17,-10,-18,-9,-19,-8,-19,-8,-20,-8,-21,-8,-22,-8,-22,-7,-23,-7,-23,-6,-23,-6,-23,-6,-23,-7,-24,-7,-24,-7,-24,-8,-24,-8,-24,-8,-24,-9,-24,-10,-24,-10,-25,-11,-24,-11,-25,-12,-25,-12,-25]"
CSI_DATA,226539,d8:b1:90:db:e8:90,-51,11,1,7,0,0,1,0,0,0,1,-96,0,4,0,-792860598,0,100,0,128,1,"[100,-64,5,0,25,-2,25,-2,25,-2,25,-2,24,-2,24,-3,24,-3,23,-3,23,-3,23,-4,23,-4,22,-4,22,-4,22,-4,22,-4,22,-4,21,-4,21,-4,21,-4,20,-3,20,-3,20,-2,19,-2,19,-1,19,0,4,0,0,0,0,0,0,0,0,0,0,0,0,0,0,0,0,0,0,0,4,-1,18,-3,18,-2,19,-2,19,-1,19,-1,20,-1,21,0,21,0,22,0,22,1,22,2,22,3,22,3,22,3,22,3,22,2,22,2,23,1,23,1,24,0,24,0,25,0,25,-1,25,0,26,-1,26,-1]"
CSI_DATA,226540,d8:b1:90:db:e8:90,-51,11,1,7,0,0,1,0,0,0,1,-96,0,4,0,-792844484,0,100,0,128,1,"[100,-64,5,0,7,-27,7,-26,6,-26,6,-26,5,-26,5,-25,5,-25,5,-25,4,-25,4,-25,3,-25,3,-24,3,-24,3,-24,3,-24,3,-24,3,-24,3,-23,3,-23,3,-22,3,-22,4,-21,4,-20,5,-20,6,-20,1,-5,0,0,0,0,0,0,0,0,0,0,0,0,0,0,0,0,0,0,0,-5,3,-20,4,-20,4,-20,5,-20,5,-20,6,-21,6,-21,7,-22,7,-22,8,-22,9,-22,9,-22,9,-22,9,-22,10,-22,10,-22,9,-22,9,-23,8,-24,8,-24,7,-25,7,-25,7,-25,7,-26,7,-26,7,-26]"
CSI_DATA,226541,d8:b1:90:db:e8:90,-51,11,1,7,0,0,1,0,0,0,1,-96,0,4,0,-792829636,0,100,0,128,1,"[100,-64,5,0,22,-16,21,-16,21,-17,21,-16,20,-16,19,-16,19,-17,18,-17,18,-17,17,-17,17,-17,17,-17,16,-17,16,-18,16,-18,16,-17,16,-17,16,-17,16,-16,16,-16,16,-15,16,-14,16,-14,17,-13,17,-12,4,-3,0,0,0,0,0,0,0,0,0,0,0,0,0,0,0,0,0,0,3,-4,15,-14,16,-13,17,-12,17,-11,18,-11,18,-11,19,-11,20,-11,20,-11,20,-11,21,-10,21,-10,21,-10,21,-11,22,-11,22,-11,22,-12,22,-13,21,-13,21,-14,21,-14,21,-15,21,-15,22,-15,22,-16,23,-16]"
CSI_DATA,226542,d8:b1:90:db:e8:90,-52,11,1,6,0,0,1,0,0,0,1,-96,0,4,0,-792819547,0,100,0,128,1,"[100,-64,5,0,-2,-8,-6,-9,-11,-9,-15,-8,-18,-7,-21,-6,-23,-5,-24,-3,-24,-2,-23,-1,-23,-1,-21,-1,-19,-2,-17,-3,-15,-5,-13,-7,-11,-10,-9,-12,-8,-15,-7,-17,-6,-18,-5,-19,-5,-19,-5,-19,-5,-19,-2,-5,0,0,0,0,0,0,0,0,0,0,0,0,0,0,0,0,0,0,1,-3,7,-13,8,-14,9,-15,10,-16,11,-16,11,-16,11,-15,11,-14,11,-11,11,-8,11,-5,11,-2,11,2,12,5,13,8,14,10,16,12,17,13,19,13,20,12,21,11,20,9,20,6,18,4,15,1,13,-1]"
CSI_DATA,226543,d8:b1:90:db:e8:90,-52,11,1,6,0,0,1,0,0,0,1,-96,0,4,0,-792789083,0,100,0,128,1,"[100,-64,5,0,-6,5,-4,9,-2,13,1,16,4,18,7,20,9,20,11,20,12,20,12,19,12,18,11,17,10,16,7,15,4,15,1,14,-2,14,-5,14,-7,14,-10,15,-11,15,-13,15,-13,14,-13,14,-13,14,-4,3,0,0,0,0,0,0,0,0,0,0,0,0,0,0,0,0,0,0,-4,0,-16,1,-17,1,-19,0,-20,0,-20,0,-20,0,-20,-1,-18,-2,-17,-3,-14,-5,-12,-7,-9,-10,-6,-12,-4,-14,-3,-17,-2,-19,-1,-21,-2,-23,-2,-24,-4,-25,-5,-24,-7,-23,-8,-21,-9,-17,-9,-14,-9,-11]"
CSI_DATA,226544,d8:b1:90:db:e8:90,-52,11,1,6,0,0,1,0,0,0,1,-96,0,4,0,-792778304,0,100,0,128,1,"[100,-64,5,0,-11,4,-11,9,-10,15,-8,19,-6,23,-4,26,-2,28,0,29,2,29,3,28,3,27,2,24,1,22,-1,20,-4,17,-7,14,-11,12,-14,9,-17,6,-20,5,-23,4,-24,4,-25,3,-25,2,-24,1,-6,0,0,0,0,0,0,0,0,0,0,0,0,0,0,0,0,0,0,0,-5,0,-20,2,-22,2,-24,1,-25,1,-25,1,-25,0,-24,-1,-22,-2,-20,-4,-16,-6,-12,-8,-8,-11,-4,-14,-1,-17,2,-20,4,-23,5,-25,5,-28,5,-30,4,-30,2,-30,0,-30,-2,-27,-5,-24,-6,-20,-8,-17]"
CSI_DATA,226545,d8:b1:90:db:e8:90,-51,11,1,6,0,0,1,0,0,0,1,-96,0,4,0,-792767829,0,100,0,128,1,"[100,-64,5,0,-9,-4,-14,1,-17,6,-20,11,-21,15,-22,19,-21,22,-20,24,-19,25,-17,25,-16,24,-14,22,-14,19,-14,16,-15,11,-16,7,-17,3,-19,-2,-20,-6,-21,-9,-23,-11,-23,-12,-22,-13,-23,-14,-24,-14,-6,-4,0,0,0,0,0,0,0,0,0,0,0,0,0,0,0,0,0,0,-4,-4,-14,-16,-15,-18,-16,-20,-16,-22,-16,-23,-16,-23,-15,-22,-12,-21,-9,-20,-6,-18,-1,-16,4,-14,9,-12,14,-11,18,-10,22,-10,25,-11,27,-12,29,-14,29,-16,28,-17,25,-19,22,-19,17,-19,13,-18,9,-16]"
CSI_DATA,226546,d8:b1:90:db:e8:90,-51,11,1,6,0,0,1,0,0,0,1,-96,0,4,0,-792756818,0,100,0,128,1,"[100,-64,5,0,3,-9,-1,-13,-6,-16,-10,-19,-14,-20,-18,-21,-21,-20,-23,-20,-24,-18,-24,-17,-24,-15,-22,-14,-20,-14,-17,-14,-13,-15,-9,-16,-6,-18,-2,-19,1,-20,3,-22,5,-23,7,-23,7,-23,7,-23,8,-22,2,-6,0,0,0,0,0,0,0,0,0,0,0,0,0,0,0,0,0,0,4,-2,17,-8,19,-9,21,-9,22,-9,23,-9,23,-9,23,-7,22,-6,20,-3,18,0,15,3,13,7,10,11,9,15,8,18,8,22,8,24,9,26,10,27,12,27,14,26,15,24,16,21,16,16,15,12,14,8]"
CSI_DATA,226547,d8:b1:90:db:e8:90,-51,11,1,6,0,0,1,0,0,0,1,-96,0,4,0,-792742580,0,100,0,128,1,"[100,-64,5,0,7,9,12,7,16,5,20,4,23,1,26,-1,29,-3,30,-5,30,-7,29,-8,26,-9,23,-8,20,-6,18,-2,15,3,14,7,13,10,11,13,9,16,7,18,5,20,3,21,1,22,0,23,0,24,0,6,0,0,0,0,0,0,0,0,0,0,0,0,0,0,0,0,0,0,2,3,10,15,11,18,12,20,12,21,12,22,12,22,11,21,8,19,5,17,1,15,-3,12,-8,9,-12,8,-16,6,-19,4,-23,3,-25,2,-28,2,-30,2,-31,3,-31,5,-30,7,-28,9,-24,11,-19,12,-14,13]"
CSI_DATA,226548,d8:b1:90:db:e8:90,-52,11,1,6,0,0,1,0,0,0,1,-96,0,4,0,-792721858,0,100,0,128,1,"[100,-64,5,0,3,7,8,6,13,5,17,3,19,1,22,-1,23,-3,24,-5,23,-6,22,-7,21,-7,20,-6,18,-5,17,-2,15,0,13,3,12,6,11,9,9,12,9,14,8,16,8,17,7,18,7,18,7,18,1,4,0,0,0,0,0,0,0,0,0,0,0,0,0,0,0,0,0,0,0,3,0,14,0,16,0,18,0,19,-1,20,-1,20,-2,19,-3,17,-4,15,-6,13,-8,10,-10,7,-12,4,-15,1,-17,-2,-19,-3,-21,-4,-23,-4,-25,-3,-25,-2,-25,-1,-24,1,-22,3,-20,5,-16,6,-13,7]"
CSI_DATA,226549,d8:b1:90:db:e8:90,-51,11,1,6,0,0,1,0,0,0,1,-96,0,4,0,-792696077,0,100,0,128,1,"[100,-64,5,0,1,-10,-4,-13,-10,-15,-15,-16,-19,-16,-23,-16,-26,-15,-28,-13,-29,-12,-29,-10,-28,-9,-26,-8,-24,-9,-22,-10,-19,-11,-15,-14,-12,-16,-10,-19,-8,-22,-6,-23,-4,-24,-3,-25,-3,-26,-2,-26,0,-26,0,-7,0,0,0,0,0,0,0,0,0,0,0,0,0,0,0,0,0,0,4,-3,17,-9,19,-10,21,-10,23,-11,24,-11,24,-10,24,-9,22,-7,21,-5,19,-2,17,2,15,6,13,10,12,14,12,18,12,21,12,24,14,25,16,26,17,26,19,24,20,22,20,18,19,14,18,9,16,6]"
CSI_DATA,226550,d8:b1:90:db:e8:90,-51,11,1,6,0,0,1,0,0,0,1,-96,0,4,0,-792675774,0,100,0,128,1,"[100,-64,5,0,-10,8,-6,13,-3,18,1,22,4,24,7,26,10,27,11,27,13,26,14,25,13,23,11,22,9,20,6,19,2,17,-2,16,-7,14,-11,12,-15,10,-18,10,-21,9,-22,7,-22,7,-22,7,-23,7,-6,1,0,0,0,0,0,0,0,0,0,0,0,0,0,0,0,0,0,0,-4,3,-14,14,-15,15,-17,16,-18,17,-19,17,-19,16,-19,15,-18,13,-17,9,-16,5,-14,1,-13,-4,-11,-9,-10,-14,-9,-18,-8,-22,-9,-25,-10,-28,-11,-29,-12,-29,-14,-28,-15,-26,-16,-24,-17,-20,-16,-15,-16,-11]"
CSI_DATA,226551,d8:b1:90:db:e8:90,-51,11,1,6,0,0,1,0,0,0,1,-96,0,4,0,-792664355,0,100,0,128,1,"[100,-64,5,0,11,-12,7,-17,4,-21,1,-25,-3,-28,-6,-29,-9,-30,-11,-30,-12,-29,-12,-28,-12,-27,-10,-25,-8,-23,-4,-21,-1,-19,4,-17,8,-15,12,-13,16,-11,19,-10,21,-8,23,-7,24,-6,25,-6,25,-5,6,-2,0,0,0,0,0,0,0,0,0,0,0,0,0,0,0,0,0,0,1,-5,8,-19,9,-20,10,-22,11,-23,12,-23,12,-22,13,-20,13,-18,13,-15,12,-10,12,-5,12,0,11,5,12,10,12,15,13,19,14,22,15,24,16,25,18,25,19,24,21,22,21,19,21,15,20,11,20,7]"
CSI_DATA,226552,d8:b1:90:db:e8:90,-52,11,1,6,0,0,1,0,0,0,1,-96,0,4,0,-792652041,0,100,0,128,1,"[100,-64,5,0,-7,-4,-11,-1,-14,2,-16,6,-18,9,-19,12,-19,14,-19,16,-18,17,-16,18,-15,17,-14,16,-14,14,-13,11,-13,7,-14,4,-15,0,-15,-3,-15,-5,-16,-8,-17,-10,-17,-11,-17,-12,-17,-13,-16,-12,-4,-3,0,0,0,0,0,0,0,0,0,0,0,0,0,0,0,0,0,0,-2,-4,-7,-15,-7,-17,-7,-19,-7,-20,-7,-20,-6,-20,-6,-20,-4,-19,-3,-17,0,-15,3,-12,6,-10,9,-8,12,-6,16,-5,18,-4,21,-4,23,-5,24,-6,24,-7,24,-9,22,-10,19,-11,16,-12,12,-11,9,-11]"
CSI_DATA,226553,d8:b1:90:db:e8:90,-51,11,1,6,0,0,1,0,0,0,1,-96,0,4,0,-792635936,0,100,0,128,1,"[100,-64,5,0,0,10,6,12,12,12,17,13,22,12,25,11,27,9,29,7,29,5,29,4,28,3,26,3,23,4,20,6,17,9,13,11,10,14,7,17,4,19,1,21,-1,22,-2,24,-1,25,-1,24,-2,25,-1,6,0,0,0,0,0,0,0,0,0,0,0,0,0,0,0,0,0,0,-2,4,-7,18,-8,20,-9,21,-10,23,-10,23,-11,23,-12,22,-12,19,-12,16,-13,12,-14,8,-15,3,-16,-1,-18,-5,-19,-10,-21,-13,-23,-15,-25,-16,-27,-16,-28,-16,-29,-14,-29,-11,-27,-8,-25,-4,-22,-1,-19,2]"
CSI_DATA,226554,d8:b1:90:db:e8:90,-51,11,1,7,0,0,1,0,0,0,1,-96,0,4,0,-792619789,0,100,0,128,1,"[100,-64,5,0,-9,22,-9,22,-9,22,-9,22,-8,21,-8,21,-7,21,-7,21,-6,21,-6,21,-6,21,-5,21,-5,20,-5,21,-5,20,-6,20,-7,20,-7,20,-7,19,-7,19,-7,18,-7,18,-8,17,-9,16,-10,16,-3,4,0,0,0,0,0,0,0,0,0,0,0,0,0,0,0,0,0,0,-2,4,-7,16,-8,16,-8,16,-9,16,-9,17,-10,17,-10,17,-11,17,-11,17,-12,18,-12,18,-12,18,-12,18,-12,18,-12,18,-13,18,-12,18,-12,19,-12,19,-11,20,-11,21,-11,21,-10,21,-10,22,-10,22,-10,23]"
CSI_DATA,226555,d8:b1:90:db:e8:90,-51,11,1,7,0,0,1,0,0,0,1,-96,0,4,0,-792588844,0,100,0,128,1,"[100,-64,5,0,20,-18,20,-18,20,-18,19,-18,18,-18,17,-18,17,-19,16,-19,15,-19,15,-19,15,-19,14,-19,14,-19,14,-19,14,-19,14,-19,14,-18,14,-18,14,-17,14,-17,14,-16,14,-15,14,-15,14,-14,15,-14,3,-4,0,0,0,0,0,0,0,0,0,0,0,0,0,0,0,0,0,0,3,-4,14,-14,14,-14,15,-14,15,-13,16,-13,17,-13,17,-13,18,-13,18,-13,19,-13,19,-13,19,-14,19,-14,19,-14,19,-14,19,-15,19,-15,20,-15,19,-15,19,-15,19,-16,19,-16,20,-17,20,-17,21,-17,21,-17]"
CSI_DATA,226556,d8:b1:90:db:e8:90,-52,11,1,7,0,0,1,0,0,0,1,-96,0,4,0,-792578829,0,100,0,128,1,"[100,-64,5,0,-25,-15,-25,-15,-25,-14,-25,-14,-24,-13,-24,-13,-24,-12,-24,-11,-24,-11,-24,-10,-24,-10,-24,-10,-24,-10,-24,-10,-24,-10,-23,-10,-22,-10,-22,-10,-21,-11,-20,-11,-20,-11,-20,-11,-19,-12,-18,-13,-17,-14,-5,-4,0,0,0,0,0,0,0,0,0,0,0,0,0,0,0,0,0,0,-5,-3,-19,-9,-19,-11,-18,-12,-18,-13,-18,-14,-18,-14,-19,-15,-19,-15,-19,-16,-20,-16,-20,-17,-20,-17,-20,-17,-20,-18,-19,-18,-20,-18,-20,-17,-21,-17,-22,-17,-23,-16,-23,-16,-24,-16,-24,-16,-24,-16,-24,-16,-24,-16]"
CSI_DATA,226557,d8:b1:90:db:e8:90,-51,11,1,7,0,0,1,0,0,0,1,-96,0,4,0,-792567503,0,100,0,128,1,"[100,-64,5,0,26,3,26,2,26,2,25,2,25,2,24,1,24,1,24,0,24,-1,23,-1,23,-1,24,-1,23,-2,23,-1,23,-1,22,-1,22,-1,21,-1,21,0,21,0,21,0,20,1,20,3,19,4,19,4,4,0,0,0,0,0,0,0,0,0,0,0,0,0,0,0,0,0,0,0,4,-1,18,-1,18,0,19,2,19,3,19,3,20,3,20,4,21,4,21,5,22,5,22,6,22,6,22,6,22,6,22,7,22,6,22,6,23,6,24,5,24,5,25,4,25,4,25,4,25,4,25,4,26,3]"
CSI_DATA,226558,d8:b1:90:db:e8:90,-51,11,1,7,0,0,1,0,0,0,1,-96,0,4,0,-792557474,0,100,0,128,1,"[100,-64,5,0,26,1,26,1,25,1,25,0,25,0,24,-1,24,-1,24,-1,24,-1,24,-1,24,-1,23,-2,23,-2,23,-2,23,-1,23,-1,22,0,22,1,21,1,21,1,20,2,20,2,19,1,18,1,17,1,4,0,0,0,0,0,0,0,0,0,0,0,0,0,0,0,0,0,0,0,4,-1,19,-3,19,-2,19,-1,20,-1,20,0,20,0,20,1,20,1,21,2,22,2,23,2,23,2,23,3,23,3,23,3,23,2,23,2,23,2,24,2,24,1,24,1,25,1,26,0,26,0,26,0,27,0]"
CSI_DATA,226559,d8:b1:90:db:e8:90,-52,11,1,7,0,0,1,0,0,0,1,-96,0,4,0,-792547453,0,100,0,128,1,"[100,-64,5,0,20,-21,19,-21,19,-21,18,-21,18,-21,17,-21,17,-21,16,-21,16,-21,16,-21,15,-21,15,-21,15,-21,15,-21,15,-20,15,-20,15,-20,15,-19,15,-18,15,-18,15,-17,15,-16,15,-16,15,-15,16,-15,4,-4,0,0,0,0,0,0,0,0,0,0,0,0,0,0,0,0,0,0,3,-5,12,-18,13,-17,14,-17,15,-17,15,-17,16,-16,17,-16,17,-16,17,-16,18,-16,19,-17,19,-17,20,-17,19,-17,19,-17,19,-17,19,-17,19,-18,19,-19,19,-19,19,-19,19,-20,19,-21,19,-22,19,-22,19,-23]"
CSI_DATA,226560,d8:b1:90:db:e8:90,-52,11,1,7,0,0,1,0,0,0,1,-96,0,4,0,-792534822,0,100,0,128,1,"[100,-64,5,0,12,-26,12,-26,12,-26,11,-26,11,-25,10,-25,10,-25,10,-25,9,-25,9,-25,8,-25,7,-25,8,-25,8,-25,8,-24,8,-24,8,-23,9,-23,9,-22,10,-21,10,-21,10,-20,10,-19,10,-19,10,-19,2,-5,0,0,0,0,0,0,0,0,0,0,0,0,0,0,0,0,0,0,1,-6,7,-21,7,-21,8,-20,9,-21,10,-21,11,-21,11,-20,12,-20,12,-21,12,-21,13,-22,13,-22,13,-22,13,-22,13,-22,13,-22,13,-23,13,-23,13,-24,12,-24,12,-24,12,-25,12,-26,11,-26,11,-27,11,-27]"
CSI_DATA,226561,d8:b1:90:db:e8:90,-51,11,1,7,0,0,1,0,0,0,1,-96,0,4,0,-792520897,0,100,0,128,1,"[100,-64,5,0,22,8,22,8,22,8,22,8,22,7,22,7,21,6,21,6,20,5,20,5,20,4,21,4,21,4,21,4,21,5,20,5,20,5,20,5,19,5,18,5,18,5,17,5,17,6,16,7,16,7,4,2,0,0,0,0,0,0,0,0,0,0,0,0,0,0,0,0,0,0,4,1,16,5,16,6,16,7,16,8,16,8,17,8,17,8,17,9,17,9,17,10,18,10,18,10,18,11,18,11,18,11,18,10,18,10,19,10,19,10,20,9,20,9,20,9,21,8,21,8,22,8,22,8]"
CSI_DATA,226562,d8:b1:90:db:e8:90,-51,11,1,7,0,0,1,0,0,0,1,-96,0,4,0,-792508868,0,100,0,128,1,"[100,-64,5,0,-23,14,-23,14,-22,14,-22,14,-22,14,-22,14,-21,15,-21,15,-20,15,-20,14,-20,14,-19,15,-19,15,-19,15,-18,14,-18,14,-18,14,-18,14,-18,13,-18,13,-18,12,-18,11,-18,11,-19,10,-19,9,-5,2,0,0,0,0,0,0,0,0,0,0,0,0,0,0,0,0,0,0,-4,3,-16,12,-16,11,-17,11,-17,10,-17,10,-18,10,-19,10,-19,10,-20,10,-21,10,-22,9,-22,9,-22,9,-22,9,-22,9,-23,10,-22,10,-22,11,-22,11,-22,12,-22,13,-22,13,-22,14,-23,14,-23,14,-23,15]"
CSI_DATA,226563,d8:b1:90:db:e8:90,-51,11,1,7,0,0,1,0,0,0,1,-96,0,4,0,-792497667,0,100,0,128,1,"[100,-64,5,0,29,1,29,1,29,1,28,1,28,1,28,0,27,-1,27,-1,27,-1,26,-1,26,-2,26,-2,26,-3,25,-3,25,-2,25,-2,24,-2,24,-2,23,-1,23,-1,23,-1,22,0,22,1,22,2,22,2,5,0,0,0,0,0,0,0,0,0,0,0,0,0,0,0,0,0,0,0,5,-1,21,0,21,0,21,1,21,2,21,2,22,3,22,3,23,3,23,4,24,5,24,5,25,6,25,6,25,6,25,6,25,5,26,5,26,4,27,4,27,3,27,3,28,2,28,2,28,2,29,2,30,2]"
CSI_DATA,226564,d8:b1:90:db:e8:90,-52,11,1,7,0,0,1,0,0,0,1,-96,0,4,0,-792474628,0,100,0,128,1,"[100,-64,5,0,-14,-27,-14,-26,-14,-26,-14,-25,-15,-25,-15,-24,-15,-24,-14,-24,-14,-23,-14,-23,-15,-22,-15,-23,-15,-23,-15,-22,-14,-22,-13,-21,-13,-21,-12,-21,-12,-21,-11,-21,-11,-21,-10,-20,-9,-21,-8,-21,-8,-21,-2,-6,0,0,0,0,0,0,0,0,0,0,0,0,0,0,0,0,0,0,-3,-5,-10,-17,-9,-18,-10,-19,-10,-20,-10,-21,-10,-21,-9,-22,-9,-22,-8,-23,-8,-23,-8,-24,-8,-24,-8,-24,-8,-25,-8,-25,-9,-25,-9,-25,-10,-25,-10,-25,-11,-25,-12,-26,-12,-26,-13,-26,-13,-26,-14,-27,-14,-27]"
CSI_DATA,226565,d8:b1:90:db:e8:90,-52,11,1,7,0,0,1,0,0,0,1,-96,0,4,0,-792460880,0,100,0,128,1,"[100,-64,5,0,22,-12,22,-12,22,-12,22,-12,21,-12,21,-13,20,-13,20,-13,19,-13,19,-13,19,-14,18,-14,18,-14,18,-14,18,-13,18,-13,18,-13,17,-12,17,-11,17,-10,17,-10,16,-9,16,-8,16,-8,17,-7,4,-2,0,0,0,0,0,0,0,0,0,0,0,0,0,0,0,0,0,0,4,-3,16,-10,16,-9,17,-9,17,-8,18,-8,19,-8,19,-7,20,-7,20,-7,21,-7,21,-7,21,-7,21,-7,22,-7,22,-7,22,-7,22,-8,22,-8,22,-9,22,-9,22,-10,23,-10,23,-11,23,-11,23,-11,23,-11]"
CSI_DATA,226566,d8:b1:90:db:e8:90,-51,11,1,7,0,0,1,0,0,0,1,-96,0,4,0,-792449419,0,100,0,128,1,"[100,-64,5,0,-23,14,-23,13,-22,14,-22,14,-22,15,-21,15,-21,15,-20,15,-19,15,-19,15,-19,15,-18,15,-18,15,-18,15,-18,15,-18,15,-18,14,-18,14,-17,13,-17,12,-18,12,-17,11,-18,10,-18,9,-19,8,-5,2,0,0,0,0,0,0,0,0,0,0,0,0,0,0,0,0,0,0,-4,2,-16,11,-17,11,-17,10,-18,10,-19,9,-20,9,-20,9,-21,9,-21,9,-22,9,-22,9,-22,9,-22,9,-23,9,-23,9,-23,9,-23,10,-23,10,-23,11,-23,11,-23,12,-23,12,-23,13,-23,13,-23,14,-23,14]"
CSI_DATA,226567,d8:b1:90:db:e8:90,-51,11,1,7,0,0,1,0,0,0,1,-96,0,4,0,-792437310,0,100,0,128,1,"[100,-64,5,0,-27,-7,-27,-7,-27,-6,-27,-5,-26,-5,-26,-5,-26,-4,-25,-4,-25,-3,-25,-3,-25,-3,-25,-3,-24,-3,-24,-3,-24,-3,-24,-3,-24,-3,-23,-3,-23,-4,-22,-4,-22,-4,-22,-5,-21,-5,-20,-6,-20,-8,-5,-2,0,0,0,0,0,0,0,0,0,0,0,0,0,0,0,0,0,0,-5,-1,-20,-3,-20,-3,-20,-4,-20,-5,-20,-6,-21,-6,-21,-6,-22,-7,-22,-7,-22,-8,-22,-8,-23,-9,-23,-9,-23,-9,-23,-9,-24,-9,-24,-8,-24,-8,-24,-8,-25,-7,-25,-7,-25,-7,-26,-6,-26,-6,-27,-7,-28,-7]"
CSI_DATA,226568,d8:b1:90:db:e8:90,-51,11,1,7,0,0,1,0,0,0,1,-96,0,4,0,-792425865,0,100,0,128,1,"[100,-64,5,0,-18,-26,-17,-26,-17,-25,-18,-24,-18,-24,-18,-23,-18,-23,-18,-22,-18,-22,-18,-21,-19,-21,-19,-21,-18,-21,-18,-20,-18,-20,-18,-20,-17,-20,-17,-20,-16,-20,-16,-20,-15,-20,-14,-20,-13,-20,-12,-21,-12,-21,-3,-6,0,0,0,0,0,0,0,0,0,0,0,0,0,0,0,0,0,0,-4,-5,-15,-17,-14,-18,-14,-19,-13,-20,-13,-20,-13,-21,-13,-21,-12,-22,-12,-23,-12,-23,-12,-24,-12,-24,-12,-25,-12,-25,-13,-25,-13,-25,-14,-25,-14,-25,-14,-25,-15,-25,-15,-25,-16,-25,-16,-25,-16,-25,-17,-25,-18,-26]"
CSI_DATA,226569,d8:b1:90:db:e8:90,-51,11,1,7,0,0,1,0,0,0,1,-96,0,4,0,-792415754,0,100,0,128,1,"[100,-64,5,0,-23,-16,-23,-16,-22,-15,-22,-14,-22,-14,-22,-13,-22,-13,-22,-13,-23,-12,-23,-12,-23,-11,-23,-11,-22,-11,-22,-11,-22,-10,-22,-10,-21,-10,-20,-10,-20,-11,-19,-11,-19,-11,-19,-11,-18,-11,-17,-12,-16,-12,-4,-4,0,0,0,0,0,0,0,0,0,0,0,0,0,0,0,0,0,0,-5,-3,-18,-9,-18,-11,-18,-12,-17,-13,-18,-13,-18,-13,-18,-14,-18,-14,-18,-15,-18,-16,-18,-16,-18,-16,-18,-16,-18,-17,-19,-17,-19,-17,-19,-16,-20,-17,-20,-16,-21,-16,-21,-16,-21,-16,-22,-16,-22,-16,-23,-16,-23,-16]"
CSI_DATA,226570,d8:b1:90:db:e8:90,-51,11,1,7,0,0,1,0,0,0,1,-96,0,4,0,-792385380,0,100,0,128,1,"[100,-64,5,0,1,27,1,27,2,26,2,26,3,25,3,25,4,25,4,25,4,24,4,24,5,24,5,23,5,23,5,23,5,23,5,22,5,22,4,22,4,21,4,21,3,21,2,20,2,20,1,20,0,19,0,4,0,0,0,0,0,0,0,0,0,0,0,0,0,0,0,0,0,0,1,5,3,20,2,20,1,21,0,21,0,21,0,22,-1,22,-1,23,-1,23,-2,24,-2,24,-2,24,-2,24,-2,24,-2,25,-2,25,-2,25,-1,25,-1,26,-1,26,0,26,0,27,1,27,1,27,1,27,2,27]"
CSI_DATA,226571,d8:b1:90:db:e8:90,-51,11,1,7,0,0,1,0,0,0,1,-96,0,4,0,-792372843,0,100,0,128,1,"[100,-64,5,0,19,13,19,13,19,13,18,13,18,13,18,12,18,12,17,11,17,10,18,10,18,9,18,9,19,8,18,8,18,8,18,8,18,8,17,8,17,9,16,9,15,9,15,10,14,10,13,10,13,11,3,2,0,0,0,0,0,0,0,0,0,0,0,0,0,0,0,0,0,0,3,2,14,9,14,10,13,10,13,11,14,11,14,12,13,12,13,12,14,13,14,13,14,14,14,14,14,14,14,14,15,14,15,14,15,14,16,14,16,14,16,15,16,14,17,14,17,14,18,14,18,14,18,13]"
CSI_DATA,226572,d8:b1:90:db:e8:90,-51,11,1,7,0,0,1,0,0,0,1,-96,0,4,0,-792361015,0,100,0,128,1,"[100,-64,5,0,21,-21,21,-21,20,-21,20,-21,19,-21,18,-21,18,-21,18,-21,17,-20,17,-20,17,-21,17,-21,16,-21,16,-20,16,-20,16,-20,16,-20,16,-20,17,-19,17,-18,18,-16,17,-14,16,-14,16,-15,16,-14,4,-4,0,0,0,0,0,0,0,0,0,0,0,0,0,0,0,0,0,0,3,-5,14,-17,15,-16,15,-16,16,-16,17,-16,18,-15,18,-15,19,-16,20,-16,20,-15,21,-15,21,-16,21,-16,21,-16,21,-16,21,-16,21,-17,21,-17,20,-18,20,-18,20,-19,21,-19,20,-19,20,-20,21,-20,21,-21]"
CSI_DATA,226573,d8:b1:90:db:e8:90,-51,11,1,7,0,0,1,0,0,0,1,-96,0,4,0,-792350698,0,100,0,128,1,"[100,-64,5,0,-25,2,-24,2,-24,2,-23,3,-23,3,-23,3,-22,4,-22,3,-22,3,-22,4,-21,4,-21,4,-21,5,-21,5,-21,4,-21,4,-20,4,-20,4,-20,3,-20,2,-20,1,-20,1,-19,0,-18,0,-18,-1,-5,-1,0,0,0,0,0,0,0,0,0,0,0,0,0,0,0,0,0,0,-5,0,-18,2,-18,1,-18,0,-18,0,-19,-1,-20,-1,-20,-1,-20,-1,-21,-2,-21,-2,-21,-2,-21,-3,-21,-3,-21,-3,-21,-2,-22,-2,-22,-1,-22,-1,-22,-1,-23,0,-23,0,-23,1,-23,1,-23,1,-24,1,-24,2]"
CSI_DATA,226574,d8:b1:90:db:e8:90,-51,11,1,7,0,0,1,0,0,0,1,-96,0,4,0,-792338705,0,100,0,128,1,"[100,-64,5,0,26,6,26,6,26,5,26,4,25,4,25,3,25,3,24,3,24,3,24,2,24,2,24,2,24,1,24,2,24,2,23,2,23,2,22,2,22,3,22,4,22,5,21,5,20,6,19,6,18,7,4,1,0,0,0,0,0,0,0,0,0,0,0,0,0,0,0,0,0,0,4,0,19,3,19,4,19,5,19,6,20,6,20,7,20,7,21,8,21,8,21,9,22,9,22,9,22,9,22,9,22,9,22,8,22,8,23,8,23,8,24,7,24,7,25,6,25,6,25,6,26,6,27,6]"
CSI_DATA,226575,d8:b1:90:db:e8:90,-51,11,1,7,0,0,1,0,0,0,1,-96,0,4,0,-792326257,0,100,0,128,1,"[100,-64,5,0,24,-17,23,-17,22,-17,22,-17,22,-17,21,-17,20,-17,20,-17,20,-18,19,-18,19,-18,18,-18,18,-18,18,-18,18,-18,18,-18,18,-18,17,-17,17,-17,18,-16,18,-15,18,-14,18,-13,18,-13,18,-12,4,-3,0,0,0,0,0,0,0,0,0,0,0,0,0,0,0,0,0,0,4,-4,17,-13,18,-12,18,-12,19,-12,20,-11,20,-11,21,-11,22,-11,22,-11,23,-10,23,-10,24,-9,24,-10,24,-10,24,-10,24,-11,24,-12,24,-12,24,-12,23,-13,23,-14,24,-15,24,-15,24,-15,24,-16,24,-16]"
CSI_DATA,226576,d8:b1:90:db:e8:90,-51,11,1,7,0,0,1,0,0,0,1,-96,0,4,0,-792312300,0,100,0,128,1,"[100,-64,5,0,15,-23,15,-23,14,-23,13,-23,13,-22,12,-22,12,-22,11,-22,11,-22,11,-22,10,-22,10,-22,10,-22,10,-22,10,-22,10,-21,10,-21,10,-21,10,-20,10,-19,11,-19,11,-18,11,-17,11,-17,12,-17,3,-4,0,0,0,0,0,0,0,0,0,0,0,0,0,0,0,0,0,0,2,-5,9,-18,10,-18,11,-18,12,-18,12,-18,13,-18,13,-18,14,-18,15,-18,15,-19,16,-19,16,-19,16,-19,16,-19,16,-18,16,-19,16,-19,16,-20,15,-20,15,-21,15,-21,15,-21,15,-22,15,-22,15,-23,15,-23]"
CSI_DATA,226577,d8:b1:90:db:e8:90,-52,11,1,7,0,0,1,0,0,0,1,-96,0,4,0,-792277298,0,100,0,128,1,"[100,-64,5,0,-17,23,-17,23,-16,22,-16,22,-15,23,-14,23,-14,23,-13,22,-12,22,-12,22,-12,22,-11,22,-11,22,-11,22,-11,22,-11,21,-11,21,-11,21,-11,20,-11,20,-11,19,-12,19,-12,18,-13,18,-13,17,-4,4,0,0,0,0,0,0,0,0,0,0,0,0,0,0,0,0,0,0,-3,4,-10,17,-11,17,-13,16,-14,16,-14,16,-15,16,-16,17,-17,17,-18,17,-18,17,-19,17,-19,17,-19,17,-18,18,-18,18,-18,18,-18,19,-18,19,-18,19,-18,20,-18,21,-17,21,-17,21,-17,22,-17,22,-17,23]"
CSI_DATA,226578,d8:b1:90:db:e8:90,-51,11,1,7,0,0,1,0,0,0,1,-96,0,4,0,-792264832,0,100,0,128,1,"[100,-64,5,0,-26,-7,-26,-7,-26,-7,-26,-6,-26,-6,-26,-5,-26,-5,-26,-5,-26,-4,-26,-4,-26,-3,-25,-3,-25,-3,-25,-3,-25,-3,-25,-3,-24,-4,-24,-4,-23,-4,-22,-4,-22,-4,-21,-4,-21,-6,-20,-6,-19,-6,-5,-2,0,0,0,0,0,0,0,0,0,0,0,0,0,0,0,0,0,0,-5,-1,-20,-3,-20,-4,-20,-6,-20,-7,-20,-7,-21,-8,-21,-8,-22,-8,-22,-9,-22,-9,-23,-10,-23,-10,-23,-10,-23,-10,-23,-10,-23,-9,-24,-9,-24,-9,-24,-8,-25,-8,-25,-8,-25,-7,-26,-7,-26,-7,-27,-7,-27,-7]"
CSI_DATA,226579,d8:b1:90:db:e8:90,-51,11,1,7,0,0,1,0,0,0,1,-96,0,4,0,-792254073,0,100,0,128,1,"[100,-64,5,0,14,21,16,18,18,16,17,16,17,13,17,12,16,11,16,11,16,11,18,9,19,9,18,8,19,6,17,6,16,6,15,7,16,9,17,9,17,8,18,7,19,7,19,7,18,8,19,6,19,8,4,2,0,0,0,0,0,0,0,0,0,0,0,0,0,0,0,0,0,0,0,4,2,15,2,16,1,18,1,18,1,19,2,19,3,18,3,19,3,19,3,20,3,20,4,20,4,20,5,20,6,20,7,19,7,19,7,19,8,19,9,20,11,19,12,18,12,16,13,16,12,18,11,16]"
CSI_DATA,226580,d8:b1:90:db:e8:90,-51,11,1,7,0,0,1,0,0,0,1,-96,0,4,0,-792242757,0,100,0,128,1,"[100,-64,5,0,-9,25,-8,26,-7,25,-7,25,-7,25,-6,24,-5,23,-5,24,-4,23,-4,23,-4,23,-4,23,-4,23,-4,23,-4,23,-5,22,-6,22,-6,22,-6,20,-7,20,-6,20,-6,19,-7,19,-7,19,-8,18,-2,4,0,0,0,0,0,0,0,0,0,0,0,0,0,0,0,0,0,0,-1,4,-4,19,-5,19,-6,19,-7,19,-7,20,-8,20,-9,20,-9,21,-9,21,-10,21,-11,21,-11,21,-11,21,-11,21,-11,21,-11,20,-12,20,-11,21,-11,22,-11,22,-10,23,-9,23,-9,23,-9,24,-9,24,-9,25]"
CSI_DATA,226581,d8:b1:90:db:e8:90,-52,11,1,7,0,0,1,0,0,0,1,-96,0,4,0,-792232043,0,100,0,128,1,"[100,-64,5,0,18,-23,18,-23,17,-23,16,-23,16,-23,15,-23,14,-23,14,-22,13,-23,13,-23,12,-23,12,-23,12,-23,12,-23,13,-22,13,-21,13,-21,13,-21,13,-20,13,-20,13,-19,13,-18,13,-18,14,-18,14,-17,3,-4,0,0,0,0,0,0,0,0,0,0,0,0,0,0,0,0,0,0,2,-5,11,-18,12,-17,13,-17,14,-17,15,-17,16,-17,17,-18,17,-18,18,-18,18,-18,19,-17,19,-17,19,-17,19,-17,20,-16,20,-16,20,-17,20,-18,19,-18,19,-19,19,-20,19,-20,18,-21,18,-21,18,-22,19,-23]"
CSI_DATA,226582,d8:b1:90:db:e8:90,-52,11,1,7,0,0,1,0,0,0,1,-96,0,4,0,-792221172,0,100,0,128,1,"[100,-64,5,0,23,-12,22,-12,22,-12,22,-12,21,-13,21,-13,20,-13,19,-13,19,-12,19,-12,19,-13,19,-13,19,-13,19,-13,19,-13,19,-13,18,-12,18,-12,18,-11,18,-11,18,-11,18,-10,18,-9,17,-8,18,-7,4,-2,0,0,0,0,0,0,0,0,0,0,0,0,0,0,0,0,0,0,4,-3,16,-10,16,-10,17,-9,17,-8,18,-8,19,-8,19,-7,19,-7,20,-7,21,-7,21,-6,22,-6,22,-6,22,-7,22,-7,22,-7,22,-8,22,-8,22,-9,22,-9,22,-10,22,-10,22,-11,23,-11,23,-11,24,-12]"
CSI_DATA,226583,d8:b1:90:db:e8:90,-51,11,1,7,0,0,1,0,0,0,1,-96,0,4,0,-792211000,0,100,0,128,1,"[100,-64,5,0,6,24,6,24,7,24,7,23,7,23,8,23,8,22,7,21,7,21,8,20,8,20,8,20,8,20,8,21,8,21,8,21,7,20,7,20,6,20,6,19,6,19,5,19,4,19,3,19,3,19,0,4,0,0,0,0,0,0,0,0,0,0,0,0,0,0,0,0,0,0,1,4,6,17,5,18,5,18,4,19,4,19,4,19,3,20,2,20,2,21,2,21,2,22,2,22,2,22,2,23,2,22,2,23,2,23,3,23,3,23,4,23,5,24,5,24,6,24,6,24,6,25,6,25]"
CSI_DATA,226584,d8:b1:90:db:e8:90,-51,11,1,7,0,0,1,0,0,0,1,-96,0,4,0,-792198761,0,100,0,128,1,"[100,-64,5,0,-8,25,-8,25,-7,25,-7,24,-6,24,-6,24,-5,23,-5,23,-5,23,-4,23,-4,23,-4,22,-4,22,-4,22,-3,22,-3,22,-3,22,-4,22,-4,21,-5,21,-5,20,-5,19,-6,19,-7,18,-8,18,-2,4,0,0,0,0,0,0,0,0,0,0,0,0,0,0,0,0,0,0,-2,4,-5,18,-6,18,-7,18,-7,18,-8,19,-8,19,-9,19,-9,19,-10,19,-10,20,-11,20,-11,21,-11,21,-11,21,-10,21,-10,20,-10,21,-9,21,-9,22,-8,23,-8,23,-8,24,-8,24,-8,25,-8,25,-8,25]"
CSI_DATA,226585,d8:b1:90:db:e8:90,-51,11,1,7,0,0,1,0,0,0,1,-96,0,4,0,-792175387,0,100,0,128,1,"[100,-64,5,0,-30,5,-30,5,-29,5,-29,6,-28,6,-28,6,-28,6,-27,6,-26,7,-26,7,-26,7,-26,7,-25,7,-25,7,-25,7,-25,7,-25,7,-24,6,-24,5,-24,5,-24,4,-24,4,-23,3,-22,2,-22,0,-6,0,0,0,0,0,0,0,0,0,0,0,0,0,0,0,0,0,0,0,-6,1,-22,6,-22,5,-22,4,-23,3,-23,3,-24,2,-24,2,-25,2,-25,1,-26,1,-27,1,-27,1,-27,1,-27,1,-27,1,-27,2,-27,2,-27,2,-27,3,-28,4,-28,4,-29,4,-29,5,-30,5,-30,6,-30,6]"
CSI_DATA,226586,d8:b1:90:db:e8:90,-52,11,1,7,0,0,1,0,0,0,1,-96,0,4,0,-792164806,0,100,0,128,1,"[100,-64,5,0,27,7,27,7,27,6,26,5,26,4,26,4,26,3,26,2,25,2,25,1,25,1,25,1,25,1,25,0,25,0,24,0,24,0,24,0,23,0,22,1,22,1,21,2,20,2,20,2,20,4,5,1,0,0,0,0,0,0,0,0,0,0,0,0,0,0,0,0,0,0,5,0,20,3,20,4,20,5,20,5,21,6,21,6,21,7,21,7,22,8,22,8,22,9,22,9,22,9,22,10,23,10,23,10,23,10,24,10,24,10,24,10,25,9,25,9,26,9,26,9,27,8,27,8]"
CSI_DATA,226587,d8:b1:90:db:e8:90,-51,11,1,7,0,0,1,0,0,0,1,-96,0,4,0,-792149571,0,100,0,128,1,"[100,-64,5,0,29,-7,28,-7,28,-7,27,-7,27,-8,26,-8,25,-9,25,-9,24,-10,24,-10,24,-10,24,-10,24,-10,24,-10,23,-10,23,-10,23,-9,22,-9,22,-8,21,-9,21,-9,20,-8,20,-5,21,-4,21,-5,5,-2,0,0,0,0,0,0,0,0,0,0,0,0,0,0,0,0,0,0,5,-3,20,-8,21,-7,21,-6,21,-5,22,-5,23,-4,23,-4,23,-4,24,-4,25,-3,25,-2,26,-2,26,-2,26,-2,26,-3,26,-3,26,-4,26,-4,26,-4,27,-5,27,-6,27,-6,28,-6,28,-6,29,-6,29,-6]"
CSI_DATA,226588,d8:b1:90:db:e8:90,-51,11,1,7,0,0,1,0,0,0,1,-96,0,4,0,-792130505,0,100,0,128,1,"[100,-64,5,0,-27,-11,-27,-11,-27,-11,-26,-10,-26,-10,-26,-9,-26,-9,-26,-8,-25,-7,-25,-7,-25,-7,-25,-7,-25,-7,-24,-7,-24,-7,-24,-7,-24,-7,-23,-7,-23,-8,-22,-8,-22,-8,-21,-9,-20,-10,-20,-10,-20,-11,-5,-3,0,0,0,0,0,0,0,0,0,0,0,0,0,0,0,0,0,0,-5,-2,-20,-6,-20,-7,-20,-8,-20,-9,-20,-10,-20,-10,-21,-10,-21,-11,-21,-11,-22,-12,-22,-12,-22,-13,-22,-13,-22,-13,-22,-13,-22,-13,-23,-12,-23,-12,-23,-12,-24,-11,-25,-11,-26,-11,-27,-11,-27,-12,-27,-12,-27,-11]"
CSI_DATA,226589,d8:b1:90:db:e8:90,-51,11,1,7,0,0,1,0,0,0,1,-96,0,4,0,-792108331,0,100,0,128,1,"[100,-64,5,0,-26,-9,-26,-8,-26,-8,-26,-8,-26,-7,-25,-6,-25,-6,-24,-5,-24,-5,-24,-4,-24,-4,-25,-3,-24,-3,-24,-3,-24,-3,-24,-3,-23,-3,-23,-4,-22,-4,-22,-4,-22,-5,-21,-5,-21,-5,-20,-6,-19,-7,-5,-2,0,0,0,0,0,0,0,0,0,0,0,0,0,0,0,0,0,0,-5,-2,-20,-5,-20,-6,-20,-8,-20,-9,-20,-9,-20,-10,-21,-10,-21,-10,-21,-11,-21,-11,-21,-11,-21,-12,-21,-12,-22,-12,-22,-12,-23,-12,-23,-11,-23,-11,-24,-11,-24,-11,-25,-10,-25,-10,-25,-9,-26,-9,-26,-9,-26,-9]"
CSI_DATA,226590,d8:b1:90:db:e8:90,-51,11,1,7,0,0,1,0,0,0,1,-96,0,4,0,-792077573,0,100,0,128,1,"[100,-64,5,0,26,-13,25,-13,25,-13,25,-13,24,-13,24,-14,23,-14,22,-14,22,-14,21,-15,21,-15,22,-15,22,-15,21,-15,21,-15,21,-14,21,-14,20,-13,20,-13,19,-12,20,-11,20,-10,20,-9,20,-9,20,-8,5,-2,0,0,0,0,0,0,0,0,0,0,0,0,0,0,0,0,0,0,4,-3,18,-11,19,-11,19,-10,20,-9,21,-9,22,-8,22,-8,23,-8,23,-8,24,-8,24,-8,25,-8,25,-8,25,-7,25,-8,25,-8,25,-8,25,-9,25,-10,25,-10,25,-11,26,-11,26,-12,26,-12,26,-12,26,-13]"
CSI_DATA,226591,d8:b1:90:db:e8:90,-51,11,1,7,0,0,1,0,0,0,1,-96,0,4,0,-792066063,0,100,0,128,1,"[100,-64,5,0,-27,-4,-27,-4,-26,-4,-26,-3,-26,-3,-26,-2,-25,-1,-24,-1,-24,0,-24,0,-24,0,-24,0,-24,0,-23,0,-23,0,-23,0,-23,0,-23,0,-22,-1,-22,-1,-22,-2,-21,-3,-21,-3,-20,-4,-20,-4,-5,-1,0,0,0,0,0,0,0,0,0,0,0,0,0,0,0,0,0,0,-5,-1,-20,-1,-20,-2,-20,-4,-20,-5,-21,-6,-21,-6,-21,-6,-22,-6,-22,-7,-22,-7,-23,-8,-23,-8,-23,-8,-23,-8,-23,-8,-23,-7,-23,-7,-24,-6,-24,-6,-25,-5,-25,-5,-25,-4,-26,-4,-26,-4,-26,-4,-26,-3]"
CSI_DATA,226592,d8:b1:90:db:e8:90,-51,11,1,7,0,0,1,0,0,0,1,-96,0,4,0,-792055709,0,100,0,128,1,"[100,-64,5,0,22,-16,21,-16,21,-16,20,-16,20,-17,19,-17,19,-17,18,-17,17,-17,17,-17,16,-17,16,-17,16,-17,16,-17,16,-17,17,-17,16,-17,16,-16,16,-15,16,-14,15,-13,15,-12,15,-13,16,-13,15,-11,3,-3,0,0,0,0,0,0,0,0,0,0,0,0,0,0,0,0,0,0,3,-4,14,-14,15,-13,16,-12,17,-11,18,-11,18,-11,18,-11,19,-11,20,-11,20,-11,20,-11,21,-11,21,-11,21,-11,21,-11,20,-12,20,-12,20,-13,20,-13,20,-14,20,-14,20,-15,20,-15,21,-16,21,-16,21,-16]"
CSI_DATA,226593,d8:b1:90:db:e8:90,-51,11,1,7,0,0,1,0,0,0,1,-96,0,4,0,-792044923,0,100,0,128,1,"[100,-64,5,0,25,14,24,14,24,13,24,13,24,12,24,11,24,11,24,10,24,10,24,10,24,9,23,9,24,9,23,9,23,9,23,9,23,9,23,9,21,10,20,10,19,10,19,9,17,10,16,11,15,12,3,3,0,0,0,0,0,0,0,0,0,0,0,0,0,0,0,0,0,0,4,2,19,9,19,10,18,11,18,11,18,12,19,13,19,13,19,14,19,14,19,15,19,16,19,16,19,17,20,17,20,16,20,16,21,16,21,16,22,16,22,15,22,15,23,15,22,14,22,14,23,14,25,15]"
CSI_DATA,226594,d8:b1:90:db:e8:90,-52,11,1,7,0,0,1,0,0,0,1,-96,0,4,0,-792033776,0,100,0,128,1,"[100,-64,5,0,-23,18,-23,18,-22,17,-21,16,-21,17,-20,17,-19,17,-18,17,-18,17,-18,18,-18,18,-18,18,-18,18,-18,19,-18,18,-18,17,-18,17,-18,16,-17,15,-17,15,-17,14,-16,13,-16,13,-17,12,-18,11,-5,2,0,0,0,0,0,0,0,0,0,0,0,0,0,0,0,0,0,0,-4,3,-15,13,-17,13,-18,13,-19,12,-19,12,-20,12,-20,11,-21,12,-21,12,-21,12,-21,12,-22,12,-21,12,-21,12,-21,12,-21,12,-21,13,-22,14,-22,14,-22,15,-22,16,-22,16,-21,16,-22,17,-22,18,-22,18]"
CSI_DATA,226595,d8:b1:90:db:e8:90,-51,11,1,7,0,0,1,0,0,0,1,-96,0,4,0,-792022192,0,100,0,128,1,"[100,-64,5,0,-20,-19,-20,-19,-20,-18,-20,-18,-19,-17,-19,-17,-20,-16,-20,-16,-21,-15,-21,-15,-21,-14,-21,-14,-21,-14,-20,-14,-20,-14,-20,-14,-20,-15,-19,-15,-18,-15,-17,-14,-17,-14,-16,-14,-16,-14,-15,-15,-14,-15,-4,-4,0,0,0,0,0,0,0,0,0,0,0,0,0,0,0,0,0,0,-4,-3,-15,-13,-15,-14,-15,-15,-15,-16,-14,-16,-15,-17,-15,-17,-15,-18,-14,-18,-14,-18,-14,-18,-15,-19,-15,-19,-15,-19,-15,-19,-15,-19,-16,-18,-17,-18,-17,-19,-18,-19,-19,-19,-19,-19,-20,-19,-20,-18,-20,-19,-20,-19]"
CSI_DATA,226596,d8:b1:90:db:e8:90,-51,11,1,7,0,0,1,0,0,0,1,-96,0,4,0,-792005957,0,100,0,128,1,"[100,-64,5,0,19,18,19,17,19,16,19,16,19,15,18,15,19,14,19,13,19,13,19,12,19,12,19,11,19,11,19,11,19,11,19,11,18,11,18,11,17,11,17,11,16,11,16,11,15,11,14,12,14,13,3,3,0,0,0,0,0,0,0,0,0,0,0,0,0,0,0,0,0,0,4,2,16,11,15,12,14,13,13,14,13,15,14,15,13,16,14,16,14,17,14,17,14,18,13,18,13,19,14,19,14,19,14,18,14,18,15,18,15,18,16,18,16,18,17,18,18,18,18,18,18,18,19,18]"
CSI_DATA,226597,d8:b1:90:db:e8:90,-51,11,1,7,0,0,1,0,0,0,1,-96,0,4,0,-791994742,0,100,0,128,1,"[100,-64,5,0,29,1,29,1,28,0,28,-1,28,-1,27,-2,27,-3,26,-3,26,-4,26,-4,25,-5,25,-5,25,-6,25,-6,25,-5,25,-5,24,-5,24,-4,24,-4,23,-4,23,-4,22,-3,22,-2,22,-1,22,0,5,0,0,0,0,0,0,0,0,0,0,0,0,0,0,0,0,0,0,0,5,-1,22,-1,22,0,22,2,22,3,22,3,23,4,23,4,23,4,24,5,24,5,24,6,24,6,25,6,25,6,25,6,25,5,25,5,26,5,26,5,27,4,27,3,28,3,28,3,29,2,29,2,29,2]"
CSI_DATA,226598,d8:b1:90:db:e8:90,-52,11,1,7,0,0,1,0,0,0,1,-96,0,4,0,-791962614,0,100,0,128,1,"[100,-64,5,0,-10,27,-10,26,-9,26,-9,25,-8,25,-8,25,-7,25,-7,25,-6,25,-6,25,-6,25,-6,25,-7,25,-7,25,-7,25,-6,25,-6,24,-6,24,-6,23,-6,22,-6,22,-7,21,-7,21,-8,21,-9,20,-3,5,0,0,0,0,0,0,0,0,0,0,0,0,0,0,0,0,0,0,-2,5,-6,20,-7,20,-8,20,-8,20,-8,20,-9,21,-10,21,-11,21,-11,21,-11,22,-12,22,-12,22,-12,22,-12,22,-12,22,-12,23,-12,23,-12,23,-11,24,-11,24,-10,25,-10,25,-10,26,-10,26,-10,26,-10,27]"
CSI_DATA,226599,d8:b1:90:db:e8:90,-51,11,1,7,0,0,1,0,0,0,1,-96,0,4,0,-791949682,0,100,0,128,1,"[100,-64,5,0,24,9,24,9,24,8,24,8,25,7,24,6,24,6,24,6,24,5,24,5,23,5,23,5,23,5,22,5,22,5,22,5,21,5,21,6,21,6,20,6,20,6,20,6,19,7,18,8,18,8,4,2,0,0,0,0,0,0,0,0,0,0,0,0,0,0,0,0,0,0,4,1,19,4,19,5,19,6,18,7,19,8,19,8,19,8,20,8,20,9,20,9,21,10,21,10,21,10,22,10,22,11,22,11,22,11,23,10,22,9,23,9,23,8,24,8,25,9,25,9,25,9,25,9]"
CSI_DATA,226600,d8:b1:90:db:e8:90,-51,11,1,7,0,0,1,0,0,0,1,-96,0,4,0,-791935059,0,100,0,128,1,"[100,-64,5,0,21,10,21,9,21,9,21,8,21,8,21,7,21,7,20,7,20,7,20,6,20,6,19,5,19,5,19,5,19,5,19,5,19,5,18,6,18,5,18,5,18,4,17,4,16,5,16,6,15,9,3,2,0,0,0,0,0,0,0,0,0,0,0,0,0,0,0,0,0,0,4,1,16,5,16,6,15,7,15,7,16,8,16,8,16,9,17,10,17,10,17,11,17,11,17,11,18,11,18,11,18,11,18,11,18,11,18,11,18,11,19,11,19,10,20,10,20,10,21,10,21,10,21,10]"
CSI_DATA,226601,d8:b1:90:db:e8:90,-51,11,1,7,0,0,1,0,0,0,1,-96,0,4,0,-791924153,0,100,0,128,1,"[100,-64,5,0,26,-4,25,-4,25,-4,25,-5,25,-5,24,-6,24,-6,24,-6,23,-6,23,-6,23,-7,22,-7,22,-7,22,-7,22,-7,22,-7,22,-6,21,-6,21,-6,21,-5,20,-5,20,-4,20,-3,19,-2,19,-2,4,-1,0,0,0,0,0,0,0,0,0,0,0,0,0,0,0,0,0,0,4,-2,18,-6,18,-5,19,-4,19,-4,20,-3,21,-3,21,-3,22,-2,22,-2,23,-2,23,-2,23,-1,23,-1,24,-1,24,-1,24,-1,24,-1,24,-1,24,-1,25,-2,25,-3,25,-3,25,-3,26,-3,26,-4,26,-4]"
CSI_DATA,226602,d8:b1:90:db:e8:90,-51,11,1,7,0,0,1,0,0,0,1,-96,0,4,0,-791898999,0,100,0,128,1,"[100,-64,5,0,-25,12,-24,12,-23,12,-23,12,-22,13,-22,13,-21,13,-21,13,-21,13,-20,14,-20,14,-20,14,-20,14,-19,14,-19,14,-19,13,-19,13,-19,12,-19,12,-19,11,-19,11,-19,10,-18,9,-19,8,-19,7,-5,1,0,0,0,0,0,0,0,0,0,0,0,0,0,0,0,0,0,0,-4,2,-16,10,-17,9,-18,8,-19,7,-20,7,-20,7,-21,7,-21,7,-22,7,-22,7,-23,6,-23,5,-23,5,-23,6,-23,6,-23,7,-23,8,-23,8,-23,9,-23,9,-23,10,-23,11,-23,12,-23,13,-24,13,-25,13]"
CSI_DATA,226603,d8:b1:90:db:e8:90,-51,11,1,7,0,0,1,0,0,0,1,-96,0,4,0,-791885327,0,100,0,128,1,"[100,-64,5,0,20,-13,20,-13,20,-13,19,-13,18,-14,17,-14,17,-14,17,-14,17,-14,16,-15,16,-15,16,-14,16,-14,16,-14,16,-14,16,-14,16,-13,15,-13,15,-12,15,-12,15,-11,15,-10,15,-10,15,-9,15,-8,3,-2,0,0,0,0,0,0,0,0,0,0,0,0,0,0,0,0,0,0,3,-3,13,-12,14,-11,15,-10,16,-10,16,-10,17,-9,17,-9,18,-10,18,-9,19,-9,19,-8,20,-8,20,-8,20,-8,20,-9,20,-9,19,-10,20,-10,19,-11,19,-11,19,-12,19,-13,19,-13,19,-14,20,-14,20,-14]"
CSI_DATA,226604,d8:b1:90:db:e8:90,-51,11,1,7,0,0,1,0,0,0,1,-96,0,4,0,-791865609,0,100,0,128,1,"[100,-64,5,0,3,26,3,26,3,25,4,25,4,25,5,24,5,24,5,23,5,23,5,23,6,23,6,23,6,23,6,22,6,22,5,22,5,21,5,21,4,21,3,21,3,20,2,20,1,20,0,20,0,20,-1,5,0,0,0,0,0,0,0,0,0,0,0,0,0,0,0,0,0,0,1,4,4,18,3,19,2,19,2,19,1,20,1,20,1,21,0,22,0,22,0,23,-1,23,-1,23,-1,23,-1,23,-1,23,-1,23,0,23,0,23,1,24,1,24,2,24,2,25,2,25,3,26,3,26,3,27]"
CSI_DATA,226605,d8:b1:90:db:e8:90,-52,11,1,7,0,0,1,0,0,0,1,-96,0,4,0,-791854414,0,100,0,128,1,"[100,-64,5,0,-10,-25,-10,-24,-11,-24,-11,-23,-11,-23,-11,-22,-11,-22,-11,-21,-11,-21,-12,-20,-13,-20,-13,-20,-13,-20,-13,-20,-13,-20,-12,-20,-11,-19,-11,-19,-10,-19,-10,-19,-10,-18,-9,-18,-9,-18,-8,-19,-7,-20,-2,-6,0,0,0,0,0,0,0,0,0,0,0,0,0,0,0,0,0,0,-3,-5,-10,-18,-9,-18,-7,-19,-7,-20,-6,-20,-6,-20,-6,-21,-6,-21,-6,-22,-5,-22,-5,-23,-5,-23,-5,-24,-5,-24,-4,-23,-4,-23,-5,-23,-5,-23,-6,-23,-7,-23,-8,-24,-8,-24,-9,-24,-9,-24,-10,-25,-10,-25]"
CSI_DATA,226606,d8:b1:90:db:e8:90,-52,11,1,7,0,0,1,0,0,0,1,-96,0,4,0,-791840235,0,100,0,128,1,"[100,-64,5,0,-8,-25,-8,-25,-8,-24,-8,-24,-9,-24,-9,-23,-9,-23,-10,-22,-10,-22,-10,-22,-11,-22,-11,-22,-11,-22,-11,-22,-11,-21,-10,-21,-10,-20,-10,-20,-9,-20,-9,-20,-8,-20,-8,-19,-7,-19,-6,-19,-5,-20,-2,-5,0,0,0,0,0,0,0,0,0,0,0,0,0,0,0,0,0,0,-2,-5,-7,-18,-6,-18,-6,-19,-5,-19,-5,-20,-4,-20,-4,-20,-3,-21,-3,-21,-3,-22,-3,-22,-2,-23,-3,-23,-3,-23,-3,-23,-3,-23,-4,-23,-4,-23,-5,-24,-5,-24,-6,-24,-6,-25,-7,-25,-7,-25,-7,-25,-7,-26]"
CSI_DATA,226607,d8:b1:90:db:e8:90,-51,11,1,7,0,0,1,0,1,0,1,-96,0,4,0,-791828353,0,100,0,128,1,"[100,-64,5,0,6,9,12,6,17,4,21,1,24,-3,27,-6,28,-9,28,-11,28,-12,26,-13,25,-13,23,-12,22,-10,20,-7,19,-3,17,1,16,5,15,9,14,13,14,16,13,18,13,20,13,21,13,21,12,22,3,5,0,0,0,0,0,0,0,0,0,0,0,0,0,0,0,0,0,0,1,4,4,18,4,20,4,23,4,24,4,25,4,25,3,24,1,22,-1,20,-4,17,-7,14,-10,10,-14,7,-18,4,-21,2,-24,0,-27,0,-29,0,-31,1,-32,3,-31,5,-30,7,-27,9,-23,10,-19,11,-15,11]"
CSI_DATA,226608,d8:b1:90:db:e8:90,-52,11,1,7,0,0,1,0,1,0,1,-96,0,4,0,-791818233,0,100,0,128,1,"[100,-64,5,0,1,7,5,8,10,8,14,7,17,6,20,5,22,3,23,2,23,1,23,0,22,-1,20,0,18,0,16,2,14,4,12,6,10,9,9,11,7,14,6,16,5,17,4,18,4,18,4,19,3,18,0,4,0,0,0,0,0,0,0,0,0,0,0,0,0,0,0,0,0,0,-2,3,-8,12,-9,14,-10,15,-10,16,-11,16,-11,16,-11,15,-11,13,-12,11,-12,8,-12,5,-12,1,-13,-2,-14,-6,-15,-9,-16,-11,-18,-12,-19,-13,-20,-13,-21,-12,-22,-11,-22,-9,-21,-6,-19,-4,-16,-1,-14,0]"
CSI_DATA,226609,d8:b1:90:db:e8:90,-51,11,1,7,0,0,1,0,1,0,1,-96,0,4,0,-791802894,0,100,0,128,1,"[100,-64,5,0,-10,-1,-12,4,-14,10,-14,15,-14,19,-12,23,-11,25,-10,27,-8,28,-7,27,-6,26,-6,25,-6,22,-8,19,-10,17,-12,14,-14,10,-17,8,-19,5,-21,3,-23,2,-24,1,-25,1,-24,0,-24,0,-6,0,0,0,0,0,0,0,0,0,0,0,0,0,0,0,0,0,0,0,-4,-4,-14,-14,-15,-16,-16,-17,-17,-18,-17,-19,-17,-19,-16,-19,-14,-18,-11,-18,-7,-17,-3,-16,1,-15,6,-15,10,-15,14,-16,17,-16,19,-18,21,-19,21,-21,20,-22,19,-23,16,-24,13,-23,9,-22,5,-20,2,-17]"
CSI_DATA,226610,d8:b1:90:db:e8:90,-51,11,1,7,0,0,1,0,1,0,1,-96,0,4,0,-791791457,0,100,0,128,1,"[100,-64,5,0,-11,3,-11,9,-11,14,-9,20,-8,24,-5,27,-3,29,-1,30,0,30,2,29,2,28,1,26,0,23,-2,21,-5,18,-8,16,-12,13,-15,11,-18,9,-21,7,-23,6,-25,5,-25,4,-25,4,-24,3,-6,0,0,0,0,0,0,0,0,0,0,0,0,0,0,0,0,0,0,0,-5,-1,-20,-2,-22,-3,-24,-4,-25,-4,-26,-5,-26,-5,-25,-5,-23,-7,-20,-8,-16,-10,-12,-12,-7,-14,-3,-16,1,-18,4,-21,6,-23,8,-26,9,-28,8,-30,7,-31,6,-31,3,-31,0,-29,-3,-26,-5,-21,-6,-18]"
CSI_DATA,226611,d8:b1:90:db:e8:90,-52,11,1,6,0,0,1,0,1,0,1,-96,0,4,0,-791769208,0,100,0,128,1,"[100,-64,5,0,6,4,10,1,13,-2,15,-5,17,-8,18,-11,18,-14,18,-16,17,-17,16,-17,15,-17,14,-16,13,-14,13,-11,13,-8,14,-5,14,-2,15,1,15,4,16,6,17,7,17,8,17,9,17,9,16,9,4,2,0,0,0,0,0,0,0,0,0,0,0,0,0,0,0,0,0,0,1,3,5,13,5,15,5,17,5,18,5,19,5,19,4,18,2,17,0,16,-2,14,-4,12,-7,10,-10,8,-13,6,-16,5,-19,5,-21,5,-23,6,-23,7,-23,8,-23,9,-21,10,-19,11,-15,12,-12,11,-9,11]"
CSI_DATA,226612,d8:b1:90:db:e8:90,-51,11,1,6,0,0,1,0,1,0,1,-96,0,4,0,-791756990,0,100,0,128,1,"[100,-64,5,0,-4,-7,-9,-6,-14,-5,-18,-3,-21,-1,-24,1,-25,3,-26,5,-25,6,-24,7,-23,7,-22,7,-20,5,-18,3,-16,0,-14,-3,-13,-7,-12,-10,-11,-14,-10,-16,-9,-18,-9,-19,-9,-20,-9,-20,-8,-20,-2,-5,0,0,0,0,0,0,0,0,0,0,0,0,0,0,0,0,0,0,0,-4,3,-17,4,-19,4,-20,5,-21,5,-22,6,-22,6,-20,7,-19,7,-16,8,-13,9,-9,11,-5,12,-2,14,2,16,5,18,8,20,9,22,10,24,9,25,8,25,7,25,5,23,2,21,0,17,-2,14,-4]"
CSI_DATA,226613,d8:b1:90:db:e8:90,-51,11,1,6,0,0,1,0,1,0,1,-96,0,4,0,-791745349,0,100,0,128,1,"[100,-64,5,0,5,8,11,6,16,4,21,1,24,-2,26,-5,28,-7,28,-9,28,-11,27,-12,25,-12,23,-11,21,-9,20,-6,19,-2,17,2,15,6,13,10,12,13,11,17,11,19,11,19,11,21,12,21,10,21,2,5,0,0,0,0,0,0,0,0,0,0,0,0,0,0,0,0,0,0,0,4,3,19,3,21,3,23,3,24,3,25,2,25,1,24,0,22,-2,20,-5,17,-8,13,-11,9,-14,6,-18,2,-21,0,-24,-2,-27,-2,-29,-2,-31,-1,-32,0,-32,2,-30,4,-28,6,-24,8,-19,9,-15,9]"
CSI_DATA,226614,d8:b1:90:db:e8:90,-51,11,1,7,0,0,1,0,0,0,1,-96,0,4,0,-791734186,0,100,0,128,1,"[100,-64,5,0,-19,16,-18,16,-18,16,-17,15,-17,15,-16,16,-16,16,-16,15,-15,15,-15,15,-15,16,-15,16,-14,16,-14,16,-14,15,-14,14,-14,14,-14,13,-14,13,-14,12,-14,12,-14,11,-14,11,-15,10,-15,10,-4,2,0,0,0,0,0,0,0,0,0,0,0,0,0,0,0,0,0,0,-3,3,-12,12,-13,11,-14,11,-14,11,-14,11,-15,11,-16,11,-17,11,-17,11,-18,11,-18,11,-18,11,-19,11,-19,11,-18,12,-18,12,-18,13,-18,13,-18,14,-18,14,-17,15,-17,15,-17,15,-17,16,-17,16,-18,16]"
CSI_DATA,226615,d8:b1:90:db:e8:90,-51,11,1,7,0,0,1,0,0,0,1,-96,0,4,0,-791718192,0,100,0,128,1,"[100,-64,5,0,-26,7,-26,7,-25,7,-25,7,-25,7,-24,8,-24,8,-24,8,-24,8,-23,9,-23,9,-22,9,-22,9,-22,9,-22,9,-22,9,-21,8,-21,8,-20,7,-21,8,-21,7,-21,7,-21,6,-20,5,-20,4,-5,1,0,0,0,0,0,0,0,0,0,0,0,0,0,0,0,0,0,0,-5,1,-19,6,-19,5,-20,4,-20,4,-20,4,-21,3,-22,3,-22,3,-23,3,-23,3,-24,2,-23,2,-23,3,-24,2,-24,2,-25,2,-25,3,-25,3,-24,3,-25,4,-25,5,-25,5,-26,5,-26,5,-26,5,-26,5]"
CSI_DATA,226616,d8:b1:90:db:e8:90,-51,11,1,7,0,0,1,0,0,0,1,-96,0,4,0,-791698407,0,100,0,128,1,"[100,-64,5,0,-16,21,-16,21,-16,21,-15,20,-15,20,-15,20,-14,20,-14,20,-13,20,-13,20,-12,20,-12,20,-12,20,-12,20,-12,19,-12,19,-11,19,-11,18,-11,18,-11,18,-12,18,-12,17,-12,16,-13,15,-14,14,-4,3,0,0,0,0,0,0,0,0,0,0,0,0,0,0,0,0,0,0,-3,4,-11,16,-12,15,-12,15,-13,15,-14,15,-14,15,-15,16,-15,16,-16,16,-16,16,-17,16,-17,16,-17,16,-17,16,-18,16,-18,16,-18,17,-17,17,-17,17,-17,18,-16,18,-16,19,-17,19,-17,19,-17,20,-17,20]"
CSI_DATA,226617,d8:b1:90:db:e8:90,-51,11,1,6,0,0,1,0,0,0,1,-96,0,4,0,-791688193,0,100,0,128,1,"[100,-64,5,0,9,3,13,-1,16,-6,18,-11,19,-15,19,-19,19,-22,18,-24,16,-25,15,-25,13,-25,13,-23,13,-20,14,-17,14,-14,15,-10,17,-7,19,-3,20,0,21,3,22,4,23,5,23,6,23,7,22,7,5,1,0,0,0,0,0,0,0,0,0,0,0,0,0,0,0,0,0,0,2,3,9,16,10,18,10,20,11,21,11,22,11,22,9,22,7,21,5,20,1,18,-2,16,-6,14,-11,12,-15,11,-18,11,-22,11,-24,11,-26,12,-27,14,-27,16,-25,17,-23,18,-20,18,-15,18,-11,17,-8,16]"
CSI_DATA,226618,d8:b1:90:db:e8:90,-52,11,1,6,0,0,1,0,0,0,1,-96,0,4,0,-791666577,0,100,0,128,1,"[100,-64,5,0,-5,7,-2,11,1,14,5,16,8,18,11,18,13,19,15,18,17,17,17,16,16,15,15,14,13,14,10,13,7,13,4,13,0,14,-3,14,-6,15,-8,15,-10,16,-12,16,-13,16,-12,16,-12,15,-3,3,0,0,0,0,0,0,0,0,0,0,0,0,0,0,0,0,0,0,-4,1,-14,7,-15,8,-17,9,-18,9,-18,9,-19,9,-18,8,-17,6,-16,4,-15,1,-13,-2,-11,-6,-9,-9,-8,-12,-8,-16,-8,-18,-8,-21,-9,-22,-10,-23,-11,-23,-13,-22,-14,-21,-14,-18,-14,-15,-14,-11,-13,-8]"
CSI_DATA,226619,d8:b1:90:db:e8:90,-51,11,1,6,0,0,1,0,0,0,1,-96,0,4,0,-791655275,0,100,0,128,1,"[100,-64,5,0,1,10,7,10,13,11,18,10,23,8,26,7,28,5,30,3,30,1,29,0,27,-1,25,-1,23,0,20,3,17,5,14,9,12,12,9,15,7,18,5,20,4,22,2,23,2,24,1,24,1,24,0,6,0,0,0,0,0,0,0,0,0,0,0,0,0,0,0,0,0,0,-2,4,-6,18,-6,20,-8,22,-8,23,-9,24,-9,24,-10,23,-10,20,-11,17,-12,13,-13,9,-14,4,-15,-1,-17,-5,-19,-9,-21,-12,-24,-14,-26,-15,-28,-15,-29,-13,-30,-12,-29,-9,-28,-6,-25,-3,-21,0,-18,3]"
CSI_DATA,226620,d8:b1:90:db:e8:90,-51,11,1,6,0,0,1,0,0,0,1,-96,0,4,0,-791644574,0,100,0,128,1,"[100,-64,5,0,-12,1,-12,8,-12,13,-11,18,-10,23,-8,26,-6,28,-4,30,-3,30,-1,29,-1,28,-1,26,-2,24,-4,21,-7,18,-10,15,-14,13,-17,10,-19,7,-21,5,-23,3,-24,2,-24,1,-25,1,-26,2,-7,0,0,0,0,0,0,0,0,0,0,0,0,0,0,0,0,0,0,0,-5,-2,-20,-5,-21,-6,-23,-7,-25,-8,-25,-8,-25,-9,-24,-9,-22,-10,-19,-11,-15,-12,-10,-13,-6,-15,-1,-16,3,-18,7,-20,10,-22,11,-24,12,-27,12,-29,11,-30,9,-30,7,-30,4,-28,1,-26,-2,-22,-4,-18]"
CSI_DATA,226621,d8:b1:90:db:e8:90,-52,11,1,6,0,0,1,0,0,0,1,-96,0,4,0,-791632827,0,100,0,128,1,"[100,-64,5,0,-6,6,-3,10,1,13,4,16,7,17,10,18,12,19,14,18,15,17,16,16,15,15,14,14,12,14,10,14,7,14,4,14,1,14,-2,15,-4,16,-7,16,-9,16,-10,17,-10,17,-10,17,-10,16,-3,4,0,0,0,0,0,0,0,0,0,0,0,0,0,0,0,0,0,0,-4,0,-15,3,-17,3,-18,3,-19,3,-20,3,-20,3,-20,2,-18,1,-17,-1,-15,-3,-13,-5,-10,-8,-8,-11,-6,-14,-5,-17,-5,-19,-5,-21,-5,-23,-6,-24,-7,-24,-9,-23,-10,-22,-11,-19,-12,-16,-12,-12,-11,-10]"
CSI_DATA,226622,d8:b1:90:db:e8:90,-51,11,1,6,0,0,1,0,0,0,1,-96,0,4,0,-791620324,0,100,0,128,1,"[100,-64,5,0,-10,5,-9,10,-7,16,-5,20,-2,24,0,27,3,29,5,29,7,29,8,28,8,26,7,24,5,23,2,20,-1,18,-5,16,-9,15,-12,13,-16,11,-19,10,-21,10,-23,9,-24,9,-23,8,-23,7,-6,1,0,0,0,0,0,0,0,0,0,0,0,0,0,0,0,0,0,0,-5,0,-20,1,-22,1,-24,0,-26,0,-26,0,-26,-1,-25,-1,-23,-3,-21,-4,-17,-7,-13,-9,-9,-12,-5,-15,-2,-18,1,-21,3,-24,4,-27,5,-29,4,-31,3,-32,1,-32,-1,-30,-4,-28,-6,-25,-8,-20,-8,-16]"
CSI_DATA,226623,d8:b1:90:db:e8:90,-52,11,1,6,0,0,1,0,0,0,1,-96,0,4,0,-791608993,0,100,0,128,1,"[100,-64,5,0,7,-4,6,-9,5,-13,3,-17,1,-20,-1,-22,-2,-24,-4,-24,-6,-24,-7,-23,-7,-22,-6,-21,-4,-19,-2,-17,1,-15,4,-14,7,-12,9,-11,12,-9,15,-8,17,-8,18,-7,18,-7,18,-6,18,-6,4,-2,0,0,0,0,0,0,0,0,0,0,0,0,0,0,0,0,0,0,3,-1,15,-2,16,-2,18,-1,19,-1,20,-1,20,0,19,0,17,1,15,3,13,4,10,6,6,8,3,10,0,13,-2,16,-4,18,-5,20,-5,22,-4,23,-3,24,-2,24,0,23,2,21,4,19,5,15,6,12]"
CSI_DATA,226624,d8:b1:90:db:e8:90,-51,11,1,6,0,0,1,0,0,0,1,-96,0,4,0,-791598695,0,100,0,128,1,"[100,-64,5,0,7,3,12,-1,15,-5,18,-10,19,-14,20,-18,20,-21,19,-23,17,-25,16,-25,15,-25,14,-23,14,-21,14,-18,15,-15,17,-11,18,-8,20,-5,21,-2,22,0,23,1,24,3,24,3,24,4,24,3,6,1,0,0,0,0,0,0,0,0,0,0,0,0,0,0,0,0,0,0,0,4,2,18,1,20,1,23,0,24,0,25,0,25,-1,25,-2,23,-4,21,-6,18,-9,15,-12,12,-15,10,-19,8,-22,6,-25,5,-27,5,-29,6,-30,7,-30,9,-29,10,-27,12,-24,13,-20,14,-15,13,-11,13]"
CSI_DATA,226625,d8:b1:90:db:e8:90,-51,11,1,6,0,0,1,0,0,0,1,-96,0,4,0,-791567506,0,100,0,128,1,"[100,-64,5,0,4,10,10,8,16,7,21,4,25,1,27,-1,29,-4,29,-6,29,-7,28,-8,27,-8,25,-7,23,-6,21,-3,19,0,17,4,15,8,14,12,12,15,11,18,11,20,9,22,9,23,8,23,8,23,2,5,0,0,0,0,0,0,0,0,0,0,0,0,0,0,0,0,0,0,0,4,1,19,0,21,0,23,0,24,-1,25,-1,25,-2,24,-3,22,-5,20,-7,16,-10,12,-12,8,-15,4,-18,1,-21,-2,-24,-4,-27,-5,-29,-5,-31,-4,-32,-3,-32,-1,-31,1,-28,4,-25,6,-20,7,-17,8]"
CSI_DATA,226626,d8:b1:90:db:e8:90,-51,11,1,6,0,0,1,0,0,0,1,-96,0,4,0,-791555756,0,100,0,128,1,"[100,-64,5,0,5,8,10,7,16,5,20,2,24,0,26,-3,27,-6,28,-8,28,-10,27,-11,25,-11,24,-10,23,-8,21,-5,20,-1,18,2,17,6,16,10,15,13,15,16,14,18,14,19,13,20,13,20,13,20,3,5,0,0,0,0,0,0,0,0,0,0,0,0,0,0,0,0,0,0,-1,4,-2,18,-2,20,-3,22,-3,24,-4,24,-4,24,-5,23,-6,22,-8,19,-9,16,-11,12,-14,8,-16,4,-19,1,-22,-2,-25,-4,-27,-5,-29,-5,-30,-4,-31,-3,-31,-1,-30,1,-27,3,-24,6,-19,7,-16,8]"
CSI_DATA,226627,d8:b1:90:db:e8:90,-51,11,1,6,0,0,1,0,0,0,1,-96,0,4,0,-791544764,0,100,0,128,1,"[100,-64,5,0,11,-1,12,-7,13,-13,13,-18,12,-23,11,-26,9,-29,8,-30,6,-30,4,-30,4,-29,4,-27,5,-24,6,-21,8,-18,11,-14,14,-11,17,-9,19,-6,22,-3,24,-2,25,-2,24,-1,24,0,26,0,6,0,0,0,0,0,0,0,0,0,0,0,0,0,0,0,0,0,0,0,4,1,18,6,20,7,21,9,22,9,23,10,23,11,22,11,19,11,16,12,12,12,7,13,3,14,-2,15,-7,16,-10,18,-13,20,-16,22,-17,24,-17,26,-16,27,-14,28,-12,28,-8,27,-5,24,-1,21,1,18]"
CSI_DATA,226628,d8:b1:90:db:e8:90,-51,11,1,6,0,0,1,0,0,0,1,-96,0,4,0,-791534414,0,100,0,128,1,"[100,-64,5,0,-3,9,2,12,7,15,12,16,17,17,20,16,23,15,25,14,26,12,26,11,25,10,24,9,21,10,18,11,15,12,12,14,9,16,6,18,3,19,0,21,-1,23,-2,24,-4,25,-4,24,-4,23,-1,6,0,0,0,0,0,0,0,0,0,0,0,0,0,0,0,0,0,0,-4,2,-16,10,-18,11,-20,12,-21,12,-22,13,-23,12,-22,11,-21,9,-20,7,-18,3,-17,-1,-15,-6,-14,-9,-14,-13,-13,-17,-14,-21,-15,-23,-16,-25,-18,-25,-19,-25,-21,-23,-21,-21,-22,-17,-21,-14,-19,-9,-17,-6]"
CSI_DATA,226629,d8:b1:90:db:e8:90,-51,11,1,6,0,0,1,0,0,0,1,-96,0,4,0,-791524070,0,100,0,128,1,"[100,-64,5,0,-10,-1,-14,4,-16,8,-17,12,-17,18,-16,21,-17,23,-16,25,-16,25,-16,26,-16,24,-17,23,-15,19,-16,15,-16,12,-17,7,-19,3,-19,-2,-20,-7,-21,-9,-20,-12,-20,-15,-19,-16,-18,-17,-18,-15,-5,-4,0,0,0,0,0,0,0,0,0,0,0,0,0,0,0,0,0,0,-4,2,-17,6,-21,2,-23,1,-23,0,-25,0,-25,0,-24,-4,-23,-5,-19,-7,-15,-9,-10,-9,-6,-13,-2,-15,3,-18,4,-21,8,-23,10,-26,10,-27,12,-28,11,-29,10,-28,9,-29,6,-27,3,-25,0,-21,1,-14]"
CSI_DATA,226630,d8:b1:90:db:e8:90,-51,11,1,6,0,0,1,0,0,0,1,-96,0,4,0,-791513304,0,100,0,128,1,"[100,-64,5,0,2,8,8,8,14,8,19,6,24,4,27,1,29,-1,30,-3,29,-5,29,-6,27,-7,26,-6,24,-5,22,-2,21,1,19,4,18,8,16,11,15,14,14,17,14,19,13,20,13,21,13,21,12,21,3,5,0,0,0,0,0,0,0,0,0,0,0,0,0,0,0,0,0,0,-3,3,-11,16,-12,17,-14,19,-15,20,-16,21,-16,20,-16,19,-16,17,-16,14,-16,11,-17,6,-17,2,-18,-3,-19,-7,-21,-10,-22,-13,-24,-15,-26,-15,-28,-15,-29,-14,-30,-12,-29,-9,-27,-6,-25,-3,-21,0,-17,2]"
CSI_DATA,226631,d8:b1:90:db:e8:90,-51,11,1,6,0,0,1,0,0,0,1,-96,0,4,0,-791500759,0,100,0,128,1,"[100,-64,5,0,-1,10,5,12,10,13,15,14,20,13,23,12,26,11,28,9,28,8,28,6,27,6,25,6,22,6,19,8,16,9,12,12,8,14,5,16,2,19,-1,21,-3,22,-4,23,-5,24,-5,24,-5,23,-2,5,0,0,0,0,0,0,0,0,0,0,0,0,0,0,0,0,0,0,-2,4,-9,17,-10,19,-11,20,-12,21,-13,22,-13,21,-14,20,-14,18,-14,15,-14,11,-14,6,-14,1,-15,-4,-16,-8,-17,-12,-19,-15,-21,-18,-23,-19,-24,-19,-26,-19,-26,-17,-26,-15,-26,-12,-24,-8,-21,-4,-18,-2]"
CSI_DATA,226632,d8:b1:90:db:e8:90,-51,11,1,6,0,0,1,0,0,0,1,-96,0,4,0,-791487711,0,100,0,128,1,"[100,-64,5,0,-5,-11,-11,-11,-16,-10,-21,-8,-25,-5,-28,-3,-30,-1,-31,1,-31,3,-30,4,-29,4,-27,4,-25,2,-22,0,-20,-3,-17,-7,-15,-11,-13,-14,-11,-18,-10,-20,-9,-22,-8,-24,-8,-24,-7,-25,-7,-24,-2,-6,0,0,0,0,0,0,0,0,0,0,0,0,0,0,0,0,0,0,0,-5,1,-20,2,-22,2,-24,3,-25,3,-26,4,-26,4,-25,5,-23,6,-20,8,-16,10,-12,12,-8,15,-4,18,0,20,3,23,6,25,7,28,8,30,7,31,6,31,4,30,2,27,-1,24,-4,20,-6,17,-7]"
CSI_DATA,226633,d8:b1:90:db:e8:90,-52,11,1,6,0,0,1,0,0,0,1,-96,0,4,0,-791458283,0,100,0,128,1,"[100,-64,5,0,6,-5,4,-10,2,-14,-1,-17,-3,-19,-6,-21,-8,-22,-10,-22,-11,-22,-12,-21,-12,-20,-11,-19,-9,-18,-7,-17,-4,-16,-1,-15,2,-15,5,-15,8,-15,10,-15,12,-15,13,-15,13,-15,13,-14,13,-14,3,-4,0,0,0,0,0,0,0,0,0,0,0,0,0,0,0,0,0,0,3,-1,14,-1,16,0,17,0,18,0,19,1,19,1,18,2,17,2,15,4,13,5,10,7,7,9,4,11,2,14,0,16,-1,18,-2,20,-1,22,-1,23,0,24,2,24,4,22,5,20,6,17,7,14,8,11]"
CSI_DATA,226634,d8:b1:90:db:e8:90,-51,11,1,6,0,0,1,0,0,0,1,-96,0,4,0,-791442533,0,100,0,128,1,"[100,-64,5,0,-10,1,-11,7,-11,12,-10,17,-9,22,-7,25,-6,27,-4,28,-2,29,-1,28,0,27,-1,25,-2,23,-4,20,-6,18,-9,15,-12,13,-15,10,-18,8,-21,7,-22,7,-23,5,-23,3,-23,3,-22,5,-6,1,0,0,0,0,0,0,0,0,0,0,0,0,0,0,0,0,0,0,-5,-2,-18,-8,-19,-10,-21,-11,-21,-12,-22,-13,-22,-13,-21,-13,-19,-13,-16,-14,-12,-14,-8,-15,-3,-15,1,-16,6,-17,9,-19,12,-20,14,-22,15,-24,15,-26,14,-27,12,-28,10,-27,7,-26,4,-23,1,-20,-2,-17]"
CSI_DATA,226635,d8:b1:90:db:e8:90,-52,11,1,6,0,0,1,0,0,0,1,-96,0,4,0,-791429278,0,100,0,128,1,"[100,-64,5,0,-9,-2,-11,3,-12,7,-13,11,-13,15,-12,18,-11,20,-10,22,-9,22,-8,22,-7,21,-7,20,-7,17,-8,15,-9,12,-11,9,-13,6,-14,3,-16,0,-17,-2,-19,-3,-19,-4,-20,-5,-20,-5,-19,-5,-5,-2,0,0,0,0,0,0,0,0,0,0,0,0,0,0,0,0,0,0,-4,-2,-14,-8,-15,-10,-16,-11,-17,-12,-17,-12,-17,-12,-16,-12,-14,-12,-12,-12,-8,-12,-5,-12,-1,-12,3,-12,7,-12,10,-13,13,-14,15,-15,16,-17,16,-18,16,-19,15,-20,13,-20,10,-20,7,-19,4,-17,2,-15]"
CSI_DATA,226636,d8:b1:90:db:e8:90,-51,11,1,6,0,0,1,0,0,0,1,-96,0,4,0,-791417416,0,100,0,128,1,"[100,-64,5,0,8,8,13,5,17,1,21,-2,24,-6,25,-9,26,-12,26,-14,25,-16,24,-16,22,-16,21,-15,20,-12,19,-9,18,-5,17,-1,16,4,16,7,15,11,15,14,15,16,14,18,14,19,13,19,13,19,3,4,0,0,0,0,0,0,0,0,0,0,0,0,0,0,0,0,0,0,2,3,10,15,11,17,11,19,11,20,12,21,11,21,10,21,8,20,5,18,2,16,-2,14,-6,12,-11,10,-15,8,-19,7,-22,6,-25,6,-28,7,-29,9,-29,11,-28,12,-27,13,-24,15,-19,15,-15,15,-11,14]"
CSI_DATA,226637,d8:b1:90:db:e8:90,-51,11,1,6,0,0,1,0,0,0,1,-96,0,4,0,-791406814,0,100,0,128,1,"[100,-64,5,0,6,11,12,9,17,7,21,4,24,1,27,-2,28,-4,29,-6,29,-8,28,-9,26,-9,25,-8,23,-6,21,-3,19,1,17,4,15,8,13,12,11,16,10,18,9,20,9,22,8,23,8,23,7,23,1,5,0,0,0,0,0,0,0,0,0,0,0,0,0,0,0,0,0,0,1,4,6,17,7,19,7,21,7,22,7,23,6,23,5,23,3,21,1,19,-2,17,-6,14,-9,11,-13,8,-17,6,-20,3,-24,2,-27,1,-29,2,-30,3,-31,4,-31,6,-29,8,-27,10,-23,11,-18,12,-14,12]"
CSI_DATA,226638,d8:b1:90:db:e8:90,-52,11,1,6,0,0,1,0,0,0,1,-96,0,4,0,-791393696,0,100,0,128,1,"[100,-64,5,0,6,5,10,2,13,0,16,-4,18,-7,19,-9,20,-12,20,-14,19,-15,18,-15,17,-15,16,-14,15,-12,14,-9,14,-6,13,-2,13,1,13,5,13,8,13,10,13,12,13,13,13,14,13,14,12,14,3,3,0,0,0,0,0,0,0,0,0,0,0,0,0,0,0,0,0,0,1,3,6,13,7,15,7,16,7,18,7,18,7,18,6,18,4,17,2,15,0,13,-3,11,-6,9,-10,7,-13,5,-16,4,-19,3,-21,3,-23,4,-24,5,-25,6,-24,8,-22,9,-20,10,-17,11,-13,11,-10,10]"
CSI_DATA,226639,d8:b1:90:db:e8:90,-51,11,1,6,0,0,1,0,0,0,1,-96,0,4,0,-791381912,0,100,0,128,1,"[100,-64,5,0,9,-6,7,-12,5,-17,3,-22,1,-25,-2,-28,-4,-29,-7,-30,-9,-30,-10,-29,-10,-27,-9,-25,-7,-23,-4,-21,0,-19,3,-18,7,-16,11,-14,14,-13,17,-12,20,-11,21,-11,22,-10,22,-10,22,-9,5,-3,0,0,0,0,0,0,0,0,0,0,0,0,0,0,0,0,0,0,4,-1,19,-3,21,-2,23,-2,24,-2,25,-1,25,-1,24,0,22,1,20,3,16,5,12,8,8,10,4,13,1,16,-2,20,-4,23,-5,26,-5,28,-5,30,-4,31,-2,31,1,29,3,27,6,24,7,19,8,15]"
CSI_DATA,226640,d8:b1:90:db:e8:90,-51,11,1,6,0,0,1,0,0,0,1,-96,0,4,0,-791356210,0,100,0,128,1,"[100,-64,5,0,-1,-9,-6,-11,-12,-12,-17,-13,-21,-12,-24,-11,-27,-10,-29,-8,-29,-6,-29,-5,-28,-4,-26,-4,-23,-5,-21,-6,-18,-8,-14,-11,-12,-13,-9,-16,-7,-19,-4,-21,-3,-23,-2,-24,-2,-24,-2,-24,-2,-24,-1,-6,0,0,0,0,0,0,0,0,0,0,0,0,0,0,0,0,0,0,2,-4,11,-15,13,-16,15,-17,16,-18,16,-19,17,-18,17,-17,16,-15,16,-12,15,-9,15,-4,14,0,14,5,14,9,15,13,15,16,17,19,19,20,21,20,22,20,23,18,24,16,23,12,21,8,19,5,16,2]"
CSI_DATA,226641,d8:b1:90:db:e8:90,-51,11,1,6,0,0,1,0,0,0,1,-96,0,4,0,-791343588,0,100,0,128,1,"[100,-64,5,0,-11,0,-12,6,-13,11,-13,16,-12,21,-11,24,-9,27,-8,28,-6,28,-4,28,-4,27,-4,26,-5,23,-7,21,-9,18,-12,15,-15,12,-18,9,-20,7,-22,5,-23,3,-24,2,-26,2,-26,3,-24,3,-6,0,0,0,0,0,0,0,0,0,0,0,0,0,0,0,0,0,0,0,-4,-3,-17,-11,-18,-12,-19,-14,-20,-15,-21,-16,-20,-16,-19,-16,-17,-16,-14,-16,-11,-16,-6,-16,-2,-16,3,-16,7,-17,11,-18,14,-20,16,-21,17,-23,17,-25,16,-26,15,-27,12,-27,9,-26,5,-24,2,-21,-1,-18]"
CSI_DATA,226642,d8:b1:90:db:e8:90,-51,11,1,6,0,0,1,0,0,0,1,-96,0,4,0,-791333217,0,100,0,128,1,"[100,-64,5,0,-2,10,4,12,10,13,15,14,19,14,23,13,26,12,27,11,28,9,28,7,26,7,24,6,22,7,19,8,15,10,11,12,7,14,5,17,2,19,-1,21,-4,22,-5,22,-5,23,-5,24,-5,24,-2,5,0,0,0,0,0,0,0,0,0,0,0,0,0,0,0,0,0,0,-3,4,-9,17,-11,18,-12,20,-13,21,-14,21,-14,21,-14,20,-14,17,-15,14,-14,10,-14,6,-15,1,-15,-4,-16,-9,-17,-13,-18,-16,-20,-19,-22,-20,-24,-20,-25,-20,-26,-18,-26,-16,-25,-12,-24,-9,-21,-5,-18,-2]"
CSI_DATA,226643,d8:b1:90:db:e8:90,-52,11,1,6,0,0,1,0,0,0,1,-96,0,4,0,-791321290,0,100,0,128,1,"[100,-64,5,0,0,8,5,9,9,9,14,9,17,8,20,7,22,6,23,4,23,3,23,2,22,1,20,2,18,2,16,4,13,5,11,8,8,10,6,12,4,15,2,16,1,18,0,19,-1,19,-1,19,-1,19,-1,4,0,0,0,0,0,0,0,0,0,0,0,0,0,0,0,0,0,0,-2,3,-5,14,-6,15,-7,17,-7,18,-8,18,-8,18,-8,17,-9,15,-9,13,-10,10,-11,6,-11,2,-12,-1,-13,-5,-15,-8,-16,-10,-18,-12,-20,-13,-21,-13,-22,-12,-23,-11,-23,-9,-22,-7,-20,-4,-17,-1,-15,1]"
CSI_DATA,226644,d8:b1:90:db:e8:90,-51,11,1,6,0,0,1,0,0,0,1,-96,0,4,0,-791310521,0,100,0,128,1,"[100,-64,5,0,11,6,15,1,18,-3,20,-8,22,-12,23,-16,23,-18,22,-20,21,-22,19,-22,18,-21,17,-19,17,-17,17,-13,17,-9,17,-5,17,-1,18,3,18,7,18,10,19,12,19,14,19,15,18,15,18,16,4,4,0,0,0,0,0,0,0,0,0,0,0,0,0,0,0,0,0,0,3,2,15,11,16,12,17,14,18,15,18,16,18,16,16,17,14,16,11,16,7,15,2,14,-2,14,-7,13,-11,13,-16,13,-19,13,-22,14,-24,16,-24,17,-24,19,-23,20,-21,21,-18,21,-14,21,-9,19,-6,17]"
CSI_DATA,226645,d8:b1:90:db:e8:90,-51,11,1,6,0,0,1,0,0,0,1,-96,0,4,0,-791300260,0,100,0,128,1,"[100,-64,5,0,-7,8,-4,13,0,17,4,21,8,23,11,24,14,25,16,24,18,23,18,22,18,21,16,19,14,18,11,17,7,17,2,17,-2,17,-6,17,-10,17,-13,17,-15,17,-17,17,-18,17,-18,17,-18,16,-5,4,0,0,0,0,0,0,0,0,0,0,0,0,0,0,0,0,0,0,-5,2,-18,8,-20,8,-22,9,-23,9,-24,9,-24,9,-24,8,-22,6,-20,3,-18,0,-15,-4,-13,-8,-10,-12,-8,-16,-6,-20,-6,-24,-6,-27,-7,-29,-7,-30,-9,-30,-11,-30,-12,-28,-14,-25,-15,-21,-15,-16,-14,-12]"
CSI_DATA,226646,d8:b1:90:db:e8:90,-51,11,1,6,0,0,1,0,0,0,1,-96,0,4,0,-791289895,0,100,0,128,1,"[100,-64,5,0,10,-2,10,-8,10,-14,9,-19,7,-23,6,-26,4,-29,2,-30,0,-30,-2,-30,-2,-29,-2,-27,-1,-25,2,-22,4,-20,7,-17,10,-15,14,-13,17,-12,19,-10,21,-9,22,-9,23,-9,23,-8,22,-7,5,-2,0,0,0,0,0,0,0,0,0,0,0,0,0,0,0,0,0,0,4,1,17,8,18,9,19,10,20,11,21,12,21,12,20,13,18,13,15,13,11,14,7,14,2,15,-2,16,-6,17,-10,19,-12,20,-14,22,-15,24,-14,26,-14,27,-12,28,-9,27,-6,26,-3,23,1,20,2,17]"
CSI_DATA,226647,d8:b1:90:db:e8:90,-52,11,1,6,0,0,1,0,0,0,1,-96,0,4,0,-791279385,0,100,0,128,1,"[100,-64,5,0,6,-5,5,-10,3,-14,1,-17,-2,-20,-4,-22,-6,-23,-8,-24,-10,-23,-10,-22,-10,-21,-9,-20,-7,-18,-5,-17,-2,-15,1,-14,4,-13,8,-12,11,-11,13,-11,15,-10,16,-10,17,-10,17,-9,17,-9,4,-3,0,0,0,0,0,0,0,0,0,0,0,0,0,0,0,0,0,0,3,-2,14,-5,16,-5,17,-5,18,-5,19,-4,19,-4,18,-3,17,-2,16,0,13,2,10,5,7,7,5,10,3,12,1,16,-1,18,-1,21,-1,22,0,24,1,24,2,24,4,23,6,21,7,18,8,14,8,11]"
CSI_DATA,226648,d8:b1:90:db:e8:90,-51,11,1,6,0,0,1,0,0,0,1,-96,0,4,0,-791259182,0,100,0,128,1,"[100,-64,5,0,-5,10,0,14,4,17,9,19,14,20,17,21,20,20,23,19,24,18,24,17,23,16,21,15,18,14,15,15,11,15,7,16,3,17,-1,18,-4,19,-7,20,-10,21,-11,21,-13,22,-13,21,-13,21,-4,5,0,0,0,0,0,0,0,0,0,0,0,0,0,0,0,0,0,0,-4,3,-15,13,-17,14,-18,15,-20,16,-20,16,-21,16,-20,14,-20,12,-19,9,-18,5,-16,1,-15,-4,-14,-9,-13,-13,-13,-17,-13,-21,-14,-24,-16,-26,-17,-27,-19,-26,-20,-25,-21,-23,-21,-19,-21,-15,-19,-11,-17,-8]"
CSI_DATA,226649,d8:b1:90:db:e8:90,-51,11,1,6,0,0,1,0,0,0,1,-96,0,4,0,-791248339,0,100,0,128,1,"[100,-64,5,0,3,-11,-2,-14,-8,-17,-12,-19,-17,-19,-21,-19,-24,-19,-26,-18,-27,-16,-27,-15,-26,-13,-24,-13,-21,-13,-18,-14,-14,-15,-10,-16,-6,-18,-2,-19,1,-21,4,-22,6,-23,8,-23,8,-24,9,-24,9,-23,2,-6,0,0,0,0,0,0,0,0,0,0,0,0,0,0,0,0,0,0,2,-4,11,-16,13,-17,15,-19,16,-19,16,-20,17,-19,17,-18,17,-16,16,-12,16,-9,15,-4,14,1,14,5,14,10,14,14,15,18,16,21,18,22,20,23,21,22,22,21,23,19,23,15,22,11,20,7,18,4]"
CSI_DATA,226650,d8:b1:90:db:e8:90,-51,11,1,6,0,0,1,0,0,0,1,-96,0,4,0,-791236163,0,100,0,128,1,"[100,-64,5,0,-12,7,-9,12,-7,17,-4,22,-1,25,2,27,5,29,7,29,8,28,9,27,9,26,8,24,6,22,3,20,-1,18,-5,16,-8,14,-12,12,-15,10,-19,9,-22,8,-25,7,-25,5,-24,5,-24,5,-6,1,0,0,0,0,0,0,0,0,0,0,0,0,0,0,0,0,0,0,-5,2,-18,9,-20,10,-21,10,-23,11,-23,10,-24,10,-23,9,-22,7,-20,4,-17,0,-14,-4,-11,-8,-9,-12,-6,-16,-5,-20,-4,-24,-4,-27,-4,-29,-5,-31,-6,-31,-8,-31,-10,-29,-12,-27,-13,-23,-14,-18,-13,-14]"
CSI_DATA,226651,d8:b1:90:db:e8:90,-51,11,1,6,0,0,1,0,0,0,1,-96,0,4,0,-791221230,0,100,0,128,1,"[100,-64,5,0,-11,4,-10,11,-8,17,-6,22,-3,27,0,30,2,32,5,32,7,32,8,31,8,30,7,28,5,26,2,24,-1,22,-5,20,-9,19,-13,17,-17,16,-20,15,-22,15,-24,14,-25,14,-25,13,-24,13,-6,3,0,0,0,0,0,0,0,0,0,0,0,0,0,0,0,0,0,0,-6,-1,-22,-5,-24,-5,-26,-6,-27,-7,-28,-8,-28,-8,-27,-9,-25,-10,-21,-11,-18,-12,-13,-14,-8,-16,-4,-19,0,-21,4,-24,6,-27,8,-29,8,-32,7,-34,6,-35,4,-35,1,-34,-2,-31,-5,-27,-7,-23,-8,-19]"
CSI_DATA,226652,d8:b1:90:db:e8:90,-51,11,1,6,0,0,1,0,0,0,1,-96,0,4,0,-791207294,0,100,0,128,1,"[100,-64,5,0,6,-8,3,-14,-1,-19,-4,-22,-8,-25,-12,-26,-15,-27,-18,-26,-19,-25,-20,-24,-19,-23,-18,-22,-16,-21,-13,-20,-9,-19,-4,-19,0,-19,4,-19,7,-20,11,-20,13,-21,15,-21,16,-21,16,-20,15,-20,3,-5,0,0,0,0,0,0,0,0,0,0,0,0,0,0,0,0,0,0,4,-2,19,-5,21,-5,24,-5,25,-5,26,-5,26,-5,25,-4,24,-2,21,0,18,3,15,6,11,10,8,13,6,17,3,21,2,24,2,27,3,30,4,31,5,31,7,31,9,29,11,26,12,22,13,17,12,13]"
CSI_DATA,226653,d8:b1:90:db:e8:90,-51,11,1,6,0,0,1,0,0,0,1,-96,0,4,0,-791196779,0,100,0,128,1,"[100,-64,5,0,8,-7,6,-13,4,-19,0,-24,-3,-27,-7,-30,-10,-31,-12,-31,-14,-31,-15,-29,-15,-28,-14,-26,-12,-25,-9,-23,-5,-22,0,-21,4,-20,8,-20,12,-19,15,-19,17,-19,19,-19,20,-19,20,-18,20,-17,5,-5,0,0,0,0,0,0,0,0,0,0,0,0,0,0,0,0,0,0,5,0,21,1,23,1,25,2,26,3,27,3,27,4,26,4,25,5,21,7,17,9,13,11,9,14,5,16,1,19,-2,23,-5,26,-5,29,-5,31,-4,33,-3,34,-1,33,2,32,4,30,7,26,8,21,9,16]"
CSI_DATA,226654,d8:b1:90:db:e8:90,-51,11,1,6,0,0,1,0,0,0,1,-96,0,4,0,-791185433,0,100,0,128,1,"[100,-64,5,0,-1,-9,-7,-11,-12,-13,-18,-13,-22,-12,-26,-11,-28,-10,-30,-8,-30,-6,-30,-5,-29,-4,-27,-4,-24,-5,-21,-6,-18,-8,-14,-11,-11,-14,-8,-17,-6,-20,-4,-22,-2,-24,-1,-25,0,-25,0,-25,0,-25,0,-7,0,0,0,0,0,0,0,0,0,0,0,0,0,0,0,0,0,0,2,-4,11,-17,13,-18,15,-19,16,-20,17,-21,17,-20,17,-19,17,-17,16,-14,15,-9,15,-5,14,0,14,5,14,9,15,14,16,18,17,20,19,22,21,22,23,21,24,20,25,17,24,14,22,10,20,6,17,3]"
CSI_DATA,226655,d8:b1:90:db:e8:90,-52,11,1,6,0,0,1,0,0,0,1,-96,0,4,0,-791156851,0,100,0,128,1,"[100,-64,5,0,-3,-9,-8,-10,-13,-10,-17,-9,-20,-7,-23,-6,-25,-5,-26,-3,-26,-2,-26,0,-25,0,-23,0,-20,-2,-18,-3,-15,-5,-12,-8,-9,-11,-6,-14,-4,-16,-2,-18,-1,-20,0,-21,1,-21,1,-22,2,-21,0,-6,0,0,0,0,0,0,0,0,0,0,0,0,0,0,0,0,0,0,-1,-5,-1,-17,-1,-19,-1,-21,0,-22,0,-22,1,-22,1,-21,2,-19,4,-17,5,-14,7,-10,9,-6,11,-2,13,1,16,4,18,7,20,8,22,9,24,9,25,8,26,6,25,5,23,2,21,0,17,-3,15,-4]"
CSI_DATA,226656,d8:b1:90:db:e8:90,-51,11,1,6,0,0,1,0,0,0,1,-96,0,4,0,-791143718,0,100,0,128,1,"[100,-64,5,0,10,8,15,4,19,0,22,-4,24,-8,25,-12,26,-15,25,-17,24,-18,23,-19,21,-18,20,-17,19,-14,18,-10,17,-6,17,-2,16,3,16,7,15,11,15,14,15,16,15,18,15,19,14,20,14,20,3,5,0,0,0,0,0,0,0,0,0,0,0,0,0,0,0,0,0,0,3,2,15,11,16,13,17,15,18,16,19,17,18,17,16,17,14,17,11,16,7,15,2,14,-3,13,-8,12,-12,11,-17,11,-21,11,-24,12,-26,14,-27,15,-27,17,-26,18,-24,19,-20,20,-16,20,-11,19,-8,18]"
CSI_DATA,226657,d8:b1:90:db:e8:90,-51,11,1,6,0,0,1,0,0,0,1,-96,0,4,0,-791130264,0,100,0,128,1,"[100,-64,5,0,-6,-4,-11,0,-14,3,-16,7,-18,10,-19,13,-19,16,-18,18,-17,19,-16,19,-15,19,-13,17,-13,15,-13,12,-13,9,-13,5,-14,2,-15,-1,-15,-4,-17,-7,-18,-9,-19,-10,-19,-11,-18,-11,-18,-12,-5,-4,0,0,0,0,0,0,0,0,0,0,0,0,0,0,0,0,0,0,-1,-4,-4,-17,-4,-19,-4,-21,-4,-22,-4,-22,-4,-22,-4,-21,-2,-20,-1,-18,1,-15,4,-12,7,-9,10,-7,14,-4,17,-3,20,-1,22,-1,24,-2,26,-3,26,-5,26,-7,24,-8,22,-9,18,-10,14,-10,11,-10]"
CSI_DATA,226658,d8:b1:90:db:e8:90,-52,11,1,6,0,0,1,0,0,0,1,-96,0,4,0,-791119367,0,100,0,128,1,"[100,-64,5,0,-3,9,1,11,6,13,10,14,13,14,16,14,19,14,20,13,21,11,21,10,20,9,19,9,16,9,14,10,11,11,8,12,5,13,2,15,-1,16,-3,17,-5,18,-6,19,-7,19,-7,19,-7,19,-2,4,0,0,0,0,0,0,0,0,0,0,0,0,0,0,0,0,0,0,-3,2,-10,12,-11,13,-12,14,-13,14,-14,15,-14,15,-14,13,-14,12,-14,9,-13,6,-13,2,-13,-1,-12,-5,-12,-8,-13,-12,-14,-15,-15,-17,-16,-18,-17,-18,-19,-18,-19,-17,-20,-15,-20,-12,-19,-9,-17,-5,-15,-3]"
CSI_DATA,226659,d8:b1:90:db:e8:90,-51,11,1,6,0,0,1,0,0,0,1,-96,0,4,0,-791105369,0,100,0,128,1,"[100,-64,5,0,1,13,7,13,13,13,18,12,22,11,25,10,28,8,29,7,29,5,29,4,27,3,25,4,22,5,19,7,15,9,12,11,8,14,4,16,1,19,-2,21,-4,22,-6,23,-6,23,-7,24,-7,23,-2,5,0,0,0,0,0,0,0,0,0,0,0,0,0,0,0,0,0,0,1,4,4,18,3,21,3,23,3,24,3,25,2,25,1,24,-1,22,-3,19,-5,16,-8,11,-11,7,-14,3,-17,0,-20,-4,-23,-6,-26,-8,-28,-8,-30,-8,-31,-7,-31,-5,-31,-3,-29,0,-26,2,-22,5,-18,6]"
CSI_DATA,226660,d8:b1:90:db:e8:90,-51,11,1,6,0,0,1,0,0,0,1,-96,0,4,0,-791095230,0,100,0,128,1,"[100,-64,5,0,-4,-10,-10,-10,-16,-9,-21,-8,-25,-6,-28,-4,-31,-1,-32,1,-31,3,-30,4,-29,4,-27,4,-25,2,-22,0,-19,-4,-16,-7,-14,-11,-11,-15,-9,-18,-7,-21,-6,-23,-5,-24,-4,-25,-4,-26,-4,-25,-1,-7,0,0,0,0,0,0,0,0,0,0,0,0,0,0,0,0,0,0,0,-5,2,-21,3,-23,4,-26,4,-27,5,-27,6,-27,6,-25,7,-23,8,-20,9,-16,10,-11,12,-6,14,-2,17,3,19,7,22,10,24,12,27,13,29,12,30,11,31,9,30,7,29,4,25,1,21,-2,18,-4]"
CSI_DATA,226661,d8:b1:90:db:e8:90,-51,11,1,6,0,0,1,0,0,0,1,-96,0,4,0,-791083849,0,100,0,128,1,"[100,-64,5,0,-6,11,-1,16,5,19,10,21,15,23,19,23,23,23,25,22,27,20,27,19,26,17,24,16,21,16,17,16,13,17,8,18,4,19,-1,20,-5,22,-8,23,-11,24,-13,24,-14,25,-14,25,-14,24,-4,6,0,0,0,0,0,0,0,0,0,0,0,0,0,0,0,0,0,0,-5,3,-17,14,-19,15,-21,17,-22,17,-23,18,-24,17,-24,16,-23,13,-21,10,-20,6,-18,1,-17,-5,-15,-10,-14,-15,-14,-20,-14,-24,-16,-27,-17,-29,-19,-30,-20,-30,-22,-28,-23,-26,-24,-22,-23,-17,-22,-12,-20,-8]"
CSI_DATA,226662,d8:b1:90:db:e8:90,-52,11,1,6,0,0,1,0,0,0,1,-96,0,4,0,-791054213,0,100,0,128,1,"[100,-64,5,0,7,5,11,2,14,-1,16,-5,18,-8,19,-11,19,-13,19,-15,18,-16,17,-17,15,-17,14,-15,14,-13,14,-11,14,-7,14,-4,14,0,14,3,14,6,15,8,15,10,15,11,15,12,15,12,15,12,3,3,0,0,0,0,0,0,0,0,0,0,0,0,0,0,0,0,0,0,1,3,7,13,7,14,8,16,8,17,8,18,8,18,7,18,5,17,3,15,0,13,-2,12,-6,10,-9,8,-13,7,-16,6,-19,5,-21,6,-23,6,-24,7,-24,9,-23,10,-21,11,-19,12,-15,13,-11,12,-8,11]"
CSI_DATA,226663,d8:b1:90:db:e8:90,-52,11,1,6,0,0,1,0,0,0,1,-96,0,4,0,-791042751,0,100,0,128,1,"[100,-64,5,0,-10,-5,-13,-1,-15,3,-17,7,-18,10,-18,13,-18,15,-17,17,-16,17,-15,18,-14,17,-14,16,-13,13,-13,10,-13,7,-13,4,-14,0,-14,-4,-14,-7,-15,-10,-15,-11,-15,-13,-15,-14,-15,-14,-14,-15,-4,-4,0,0,0,0,0,0,0,0,0,0,0,0,0,0,0,0,0,0,-4,-2,-15,-7,-16,-8,-17,-9,-18,-10,-18,-10,-18,-10,-17,-10,-15,-11,-12,-11,-9,-11,-5,-11,-1,-11,3,-11,7,-11,10,-12,13,-13,15,-14,17,-16,17,-17,17,-18,16,-19,14,-20,12,-20,8,-19,5,-17,3,-16]"
CSI_DATA,226664,d8:b1:90:db:e8:90,-51,11,1,6,0,0,1,0,0,0,1,-96,0,4,0,-791027446,0,100,0,128,1,"[100,-64,5,0,10,0,12,-5,14,-11,15,-16,14,-20,14,-24,13,-26,11,-28,10,-29,8,-28,7,-27,7,-25,8,-23,9,-19,10,-16,12,-12,14,-8,16,-4,19,-1,21,1,22,2,24,4,25,6,24,7,23,7,5,1,0,0,0,0,0,0,0,0,0,0,0,0,0,0,0,0,0,0,4,1,17,8,19,9,20,11,21,12,22,12,22,13,20,13,18,13,15,13,11,13,6,13,1,13,-4,14,-9,15,-13,16,-16,17,-19,19,-20,21,-21,22,-20,24,-19,25,-16,25,-13,24,-9,23,-5,20,-2,17]"
CSI_DATA,226665,d8:b1:90:db:e8:90,-52,11,1,6,0,0,1,0,0,0,1,-96,0,4,0,-791017316,0,100,0,128,1,"[100,-64,5,0,-3,7,2,10,6,11,10,12,14,12,17,12,19,11,20,10,21,9,21,8,20,7,19,7,17,7,15,8,12,9,10,11,7,13,4,14,2,16,0,17,-1,18,-2,19,-3,19,-3,19,-3,19,-1,4,0,0,0,0,0,0,0,0,0,0,0,0,0,0,0,0,0,0,-3,2,-11,10,-12,10,-14,11,-15,12,-16,12,-16,12,-16,11,-16,9,-15,7,-14,4,-13,1,-13,-2,-12,-6,-12,-9,-12,-12,-13,-15,-14,-17,-15,-18,-16,-18,-17,-18,-18,-17,-19,-15,-18,-12,-18,-9,-16,-6,-14,-3]"
CSI_DATA,226666,d8:b1:90:db:e8:90,-51,11,1,6,0,0,1,0,0,0,1,-96,0,4,0,-791004817,0,100,0,128,1,"[100,-64,5,0,0,10,5,12,11,13,16,13,21,12,24,11,27,10,28,8,29,6,28,5,27,4,25,4,23,5,20,6,16,8,13,11,9,13,6,16,3,19,1,21,-1,22,-2,23,-3,24,-3,24,-3,24,-1,6,0,0,0,0,0,0,0,0,0,0,0,0,0,0,0,0,0,0,-2,4,-8,17,-9,19,-11,21,-11,22,-12,22,-13,22,-13,21,-13,18,-13,15,-14,11,-14,7,-14,2,-15,-3,-16,-7,-18,-11,-20,-15,-22,-17,-23,-18,-25,-18,-26,-18,-27,-16,-27,-14,-26,-10,-24,-7,-21,-3,-18,-1]"
CSI_DATA,226667,d8:b1:90:db:e8:90,-51,11,1,6,0,0,1,0,0,0,1,-96,0,4,0,-790981740,0,100,0,128,1,"[100,-64,5,0,-6,-9,-12,-7,-17,-4,-21,-1,-24,2,-27,5,-28,8,-28,10,-28,12,-27,12,-25,12,-23,11,-22,9,-21,7,-20,3,-19,0,-19,-4,-18,-8,-18,-11,-18,-14,-18,-16,-18,-17,-18,-18,-17,-18,-17,-18,-4,-5,0,0,0,0,0,0,0,0,0,0,0,0,0,0,0,0,0,0,0,-5,0,-19,1,-21,1,-23,2,-25,2,-26,3,-25,4,-24,5,-22,6,-20,8,-17,10,-13,12,-9,15,-6,18,-2,21,0,23,2,26,2,28,2,29,2,30,0,30,-2,29,-4,26,-6,22,-8,18,-10,14,-10]"
CSI_DATA,226668,d8:b1:90:db:e8:90,-51,11,1,6,0,0,1,0,0,0,1,-96,0,4,0,-790971669,0,100,0,128,1,"[100,-64,5,0,-8,-6,-13,-3,-17,1,-20,5,-23,8,-24,12,-24,15,-24,17,-23,18,-22,19,-20,19,-19,17,-18,15,-18,12,-18,8,-18,4,-18,0,-19,-4,-19,-7,-20,-10,-20,-12,-20,-13,-20,-14,-20,-14,-19,-14,-5,-4,0,0,0,0,0,0,0,0,0,0,0,0,0,0,0,0,0,0,-2,-5,-6,-19,-6,-21,-6,-23,-6,-24,-6,-25,-5,-25,-4,-24,-3,-23,-1,-21,2,-18,5,-15,8,-12,12,-10,16,-8,19,-6,22,-5,25,-5,27,-5,29,-6,29,-8,28,-10,27,-11,23,-13,19,-14,15,-14,11,-13]"
CSI_DATA,226669,d8:b1:90:db:e8:90,-51,11,1,6,0,0,1,0,0,0,1,-96,0,4,0,-790947603,0,100,0,128,1,"[100,-64,5,0,-9,6,-6,12,-3,17,0,21,4,25,7,27,10,28,13,28,14,27,15,25,15,24,14,23,11,21,8,20,5,19,0,18,-4,18,-8,18,-11,17,-14,17,-17,17,-19,17,-20,17,-19,17,-19,16,-5,4,0,0,0,0,0,0,0,0,0,0,0,0,0,0,0,0,0,0,-5,0,-21,1,-23,0,-25,0,-26,0,-27,-1,-27,-1,-26,-2,-24,-3,-22,-5,-18,-7,-15,-10,-11,-13,-7,-16,-4,-19,-1,-22,1,-25,2,-28,1,-31,1,-32,-1,-33,-3,-33,-5,-31,-7,-28,-9,-24,-11,-19,-11,-16]"
CSI_DATA,226670,d8:b1:90:db:e8:90,-52,11,1,6,0,0,1,0,0,0,1,-96,0,4,0,-790937152,0,100,0,128,1,"[100,-64,5,0,7,-3,7,-8,7,-12,6,-17,4,-20,2,-22,1,-24,-1,-25,-2,-25,-3,-24,-4,-23,-4,-21,-2,-19,0,-17,2,-15,5,-13,8,-11,11,-10,13,-8,15,-7,17,-6,18,-6,19,-5,19,-5,18,-4,4,-1,0,0,0,0,0,0,0,0,0,0,0,0,0,0,0,0,0,0,3,0,15,1,16,2,18,3,18,3,19,4,19,4,18,5,17,5,14,6,11,7,8,8,4,10,1,11,-2,13,-5,15,-7,17,-8,19,-9,21,-9,22,-8,23,-6,24,-4,23,-2,22,0,19,2,16,3,13]"
CSI_DATA,226671,d8:b1:90:db:e8:90,-51,11,1,6,0,0,1,0,0,0,1,-96,0,4,0,-790923969,0,100,0,128,1,"[100,-64,5,0,-8,7,-4,12,-1,17,3,21,6,23,10,25,13,26,15,25,16,24,17,23,17,22,15,21,13,19,9,18,6,17,2,16,-2,16,-6,16,-11,16,-14,16,-17,16,-19,15,-20,16,-20,17,-19,17,-5,4,0,0,0,0,0,0,0,0,0,0,0,0,0,0,0,0,0,0,-5,1,-19,7,-20,7,-22,8,-24,8,-25,8,-25,7,-24,6,-23,5,-21,2,-18,-1,-15,-5,-12,-9,-9,-13,-7,-16,-5,-20,-4,-24,-4,-27,-5,-29,-6,-30,-8,-31,-9,-30,-11,-29,-12,-26,-13,-22,-13,-17,-13,-13]"
CSI_DATA,226672,d8:b1:90:db:e8:90,-51,11,1,6,0,0,1,0,0,0,1,-96,0,4,0,-790913509,0,100,0,128,1,"[100,-64,5,0,7,6,12,3,16,0,20,-4,23,-7,24,-11,25,-14,24,-16,24,-18,22,-19,21,-18,20,-17,19,-15,18,-12,18,-8,18,-4,18,0,18,3,19,7,19,9,20,11,20,13,20,14,20,14,19,14,4,3,0,0,0,0,0,0,0,0,0,0,0,0,0,0,0,0,0,0,0,4,2,18,2,20,2,23,1,24,1,25,1,24,0,24,-2,22,-3,20,-6,17,-8,14,-11,10,-15,8,-18,5,-22,3,-24,2,-27,2,-29,2,-30,3,-31,5,-30,6,-28,8,-25,10,-21,12,-17,12,-13,12]"
CSI_DATA,226673,d8:b1:90:db:e8:90,-51,11,1,6,0,0,1,0,0,0,1,-96,0,4,0,-790902905,0,100,0,128,1,"[100,-64,5,0,7,5,12,2,16,-1,20,-5,22,-9,23,-13,24,-16,24,-18,23,-20,21,-21,20,-21,19,-19,18,-17,18,-14,18,-10,18,-7,19,-3,19,1,20,4,21,7,22,9,22,10,22,11,22,11,21,11,5,2,0,0,0,0,0,0,0,0,0,0,0,0,0,0,0,0,0,0,0,4,0,19,-1,21,-1,23,-2,25,-2,25,-3,25,-3,24,-5,23,-6,20,-8,17,-11,13,-13,10,-16,7,-19,4,-22,2,-25,0,-28,0,-30,0,-31,2,-32,3,-31,5,-29,7,-27,9,-23,10,-18,11,-13,11]"
CSI_DATA,226674,d8:b1:90:db:e8:90,-51,11,1,6,0,0,1,0,0,0,1,-96,0,4,0,-790892844,0,100,0,128,1,"[100,-64,5,0,5,-9,1,-14,-3,-18,-7,-21,-11,-23,-15,-24,-18,-24,-20,-23,-21,-22,-22,-21,-21,-20,-20,-18,-17,-17,-14,-17,-10,-17,-5,-17,-1,-18,3,-18,6,-19,9,-19,12,-20,13,-20,14,-20,15,-20,15,-19,3,-5,0,0,0,0,0,0,0,0,0,0,0,0,0,0,0,0,0,0,4,-3,17,-10,18,-11,20,-11,22,-12,23,-12,23,-11,22,-10,21,-8,19,-5,17,-2,14,2,12,6,10,10,8,14,7,18,6,22,6,25,7,27,9,28,10,29,12,28,14,26,15,23,15,19,15,14,14,10]"
CSI_DATA,226675,d8:b1:90:db:e8:90,-51,11,1,6,0,0,1,0,0,0,1,-96,0,4,0,-790879645,0,100,0,128,1,"[100,-64,5,0,-8,-5,-13,-2,-17,2,-21,6,-23,10,-24,14,-24,17,-24,20,-22,21,-21,21,-19,21,-18,19,-17,17,-17,13,-17,9,-17,5,-18,1,-18,-3,-19,-7,-20,-10,-21,-12,-21,-13,-21,-14,-21,-14,-20,-14,-5,-4,0,0,0,0,0,0,0,0,0,0,0,0,0,0,0,0,0,0,-2,-5,-6,-20,-6,-22,-6,-24,-6,-26,-6,-27,-5,-26,-5,-25,-3,-24,-1,-21,2,-19,5,-15,9,-12,12,-9,16,-6,20,-5,24,-3,26,-3,29,-4,31,-5,31,-6,30,-9,28,-10,25,-12,21,-13,16,-13,12,-13]"
CSI_DATA,226676,d8:b1:90:db:e8:90,-52,11,1,6,0,0,1,0,0,0,1,-96,0,4,0,-790848229,0,100,0,128,1,"[100,-64,5,0,-4,-8,-9,-7,-13,-6,-17,-4,-19,-2,-22,0,-23,2,-24,4,-24,5,-23,6,-22,6,-21,5,-19,4,-18,2,-17,0,-15,-3,-15,-6,-14,-9,-13,-12,-13,-14,-12,-15,-12,-17,-11,-17,-11,-17,-10,-17,-3,-5,0,0,0,0,0,0,0,0,0,0,0,0,0,0,0,0,0,0,0,-4,3,-15,3,-16,4,-18,5,-19,5,-20,5,-19,6,-18,6,-17,7,-15,8,-12,9,-9,11,-5,12,-2,14,0,16,3,18,4,20,5,21,6,23,5,24,4,24,2,23,1,21,-1,19,-3,15,-5,13,-6]"
CSI_DATA,226677,d8:b1:90:db:e8:90,-51,11,1,6,0,0,1,0,0,0,1,-96,0,4,0,-790834979,0,100,0,128,1,"[100,-64,5,0,-9,-5,-13,-2,-17,3,-20,7,-21,11,-22,15,-22,18,-21,20,-20,21,-19,21,-18,21,-17,19,-16,17,-16,14,-16,10,-17,6,-18,3,-20,-1,-20,-5,-21,-8,-22,-9,-22,-11,-21,-12,-21,-11,-21,-11,-5,-3,0,0,0,0,0,0,0,0,0,0,0,0,0,0,0,0,0,0,-2,-5,-7,-18,-7,-20,-7,-23,-7,-24,-7,-25,-6,-25,-5,-24,-4,-23,-2,-21,1,-18,4,-16,8,-13,12,-10,15,-8,19,-7,22,-6,24,-6,27,-7,28,-8,28,-10,27,-12,25,-13,22,-14,18,-15,14,-15,10,-14]"
CSI_DATA,226678,d8:b1:90:db:e8:90,-51,11,1,7,0,0,1,0,0,0,1,-96,0,4,0,-790821486,0,100,0,128,1,"[100,-64,5,0,-28,-3,-28,-2,-28,-2,-27,-1,-27,-1,-27,0,-26,0,-25,0,-24,0,-24,1,-25,1,-25,1,-25,1,-25,1,-24,1,-24,1,-24,0,-23,0,-22,0,-22,-1,-22,-2,-21,-2,-21,-2,-22,-3,-22,-5,-6,-2,0,0,0,0,0,0,0,0,0,0,0,0,0,0,0,0,0,0,-5,0,-20,0,-20,-1,-21,-2,-21,-3,-21,-4,-22,-4,-23,-4,-23,-5,-23,-5,-24,-6,-24,-6,-24,-6,-24,-6,-25,-7,-25,-7,-25,-6,-25,-6,-25,-6,-26,-6,-26,-5,-26,-5,-27,-4,-27,-4,-28,-4,-28,-3,-28,-3]"
CSI_DATA,226679,d8:b1:90:db:e8:90,-51,11,1,7,0,0,1,0,0,0,1,-96,0,4,0,-790809503,0,100,0,128,1,"[100,-64,5,0,-3,-29,-4,-28,-4,-28,-4,-27,-5,-27,-5,-26,-6,-26,-6,-25,-6,-25,-6,-24,-7,-24,-7,-24,-7,-24,-7,-24,-6,-24,-6,-24,-5,-24,-5,-24,-5,-23,-4,-23,-4,-22,-3,-22,-2,-22,-1,-21,0,-21,0,-6,0,0,0,0,0,0,0,0,0,0,0,0,0,0,0,0,0,0,-2,-5,-5,-20,-4,-21,-3,-22,-2,-22,-1,-22,-1,-23,0,-23,0,-24,0,-24,0,-25,1,-25,1,-25,1,-26,1,-26,1,-26,1,-26,1,-27,0,-27,0,-27,0,-27,-1,-28,-1,-28,-2,-28,-2,-28,-3,-28,-3,-29]"
CSI_DATA,226680,d8:b1:90:db:e8:90,-51,11,1,7,0,0,1,0,0,0,1,-96,0,4,0,-790797969,0,100,0,128,1,"[100,-64,5,0,12,-27,12,-27,11,-27,11,-26,10,-26,10,-25,9,-26,9,-26,8,-26,7,-26,7,-26,6,-25,6,-25,6,-25,6,-25,6,-24,6,-24,6,-24,7,-24,7,-24,7,-23,8,-22,9,-22,10,-21,10,-20,2,-5,0,0,0,0,0,0,0,0,0,0,0,0,0,0,0,0,0,0,1,-6,5,-21,6,-21,6,-21,7,-21,8,-22,9,-22,10,-23,11,-23,11,-23,11,-23,12,-23,12,-24,12,-24,12,-23,12,-23,12,-23,12,-23,12,-24,13,-24,13,-24,12,-25,12,-25,12,-26,12,-26,12,-27,12,-28]"
CSI_DATA,226681,d8:b1:90:db:e8:90,-52,11,1,7,0,0,1,0,0,0,1,-96,0,4,0,-790778127,0,100,0,128,1,"[100,-64,5,0,25,-7,24,-7,24,-8,23,-8,23,-8,23,-9,22,-9,22,-9,22,-9,21,-9,21,-9,21,-9,21,-9,21,-9,21,-9,20,-9,20,-9,19,-9,19,-8,19,-8,19,-7,19,-6,18,-6,19,-5,19,-4,4,-1,0,0,0,0,0,0,0,0,0,0,0,0,0,0,0,0,0,0,4,-2,18,-7,18,-6,18,-5,19,-5,19,-4,20,-4,20,-4,21,-3,22,-3,22,-3,22,-2,22,-2,22,-2,22,-2,22,-3,22,-3,22,-4,22,-4,23,-4,23,-5,24,-5,24,-6,24,-6,24,-6,25,-7,25,-7]"
CSI_DATA,226682,d8:b1:90:db:e8:90,-52,11,1,7,0,0,1,0,0,0,1,-96,0,4,0,-790746230,0,100,0,128,1,"[100,-64,5,0,27,5,27,4,27,3,26,2,26,2,26,1,26,1,26,1,25,0,25,0,25,-1,25,-1,25,-1,25,-1,25,-1,24,-1,24,-1,23,-1,23,0,22,0,22,0,22,1,21,2,21,3,21,4,5,1,0,0,0,0,0,0,0,0,0,0,0,0,0,0,0,0,0,0,5,-1,21,-1,21,0,21,2,21,3,21,4,22,4,22,5,22,6,23,6,23,7,23,7,23,7,23,7,24,8,24,8,25,8,25,8,25,7,26,7,26,6,26,6,27,5,27,4,27,4,27,4,28,4]"
CSI_DATA,226683,d8:b1:90:db:e8:90,-51,11,1,7,0,0,1,0,0,0,1,-96,0,4,0,-790731123,0,100,0,128,1,"[100,-64,5,0,25,-12,25,-12,24,-13,24,-13,23,-14,23,-14,22,-14,21,-13,21,-13,21,-14,21,-14,21,-14,21,-14,21,-14,21,-14,21,-13,20,-13,20,-13,20,-12,20,-10,20,-10,21,-10,20,-8,19,-6,19,-6,4,-2,0,0,0,0,0,0,0,0,0,0,0,0,0,0,0,0,0,0,4,-3,18,-9,18,-9,19,-8,20,-8,20,-7,21,-7,21,-7,22,-7,22,-7,23,-7,23,-8,23,-8,23,-7,24,-7,24,-6,25,-6,24,-7,25,-7,25,-8,25,-9,25,-10,25,-10,25,-10,25,-10,25,-10,26,-11]"
CSI_DATA,226684,d8:b1:90:db:e8:90,-52,11,1,7,0,0,1,0,0,0,1,-96,0,4,0,-790717058,0,100,0,128,1,"[100,-64,5,0,-9,24,-9,24,-8,24,-7,24,-7,23,-6,23,-6,22,-6,22,-6,21,-5,21,-5,21,-6,22,-5,22,-5,22,-5,22,-6,22,-6,21,-6,21,-6,19,-7,20,-8,19,-8,17,-8,17,-10,15,-10,14,-3,3,0,0,0,0,0,0,0,0,0,0,0,0,0,0,0,0,0,0,-2,4,-7,17,-8,17,-8,17,-9,17,-10,18,-10,18,-10,18,-10,18,-11,18,-11,19,-11,19,-11,19,-11,19,-12,20,-13,19,-13,20,-13,20,-12,20,-12,21,-11,21,-11,22,-11,22,-11,22,-10,22,-10,23,-10,23]"
CSI_DATA,226685,d8:b1:90:db:e8:90,-51,11,1,7,0,0,1,0,0,0,1,-96,0,4,0,-790701840,0,100,0,128,1,"[100,-64,5,0,1,-28,1,-27,1,-27,0,-26,0,-26,-1,-25,-1,-25,-2,-25,-2,-25,-3,-25,-3,-24,-4,-24,-4,-24,-4,-24,-4,-24,-3,-24,-3,-23,-3,-23,-2,-22,-2,-22,-2,-21,-1,-20,0,-20,1,-21,1,-21,0,-6,0,0,0,0,0,0,0,0,0,0,0,0,0,0,0,0,0,0,-1,-5,-1,-20,-1,-20,0,-21,0,-22,1,-22,1,-23,2,-23,3,-24,3,-24,4,-24,5,-24,6,-25,5,-25,5,-25,6,-24,5,-24,5,-25,4,-25,4,-25,3,-25,2,-25,2,-26,2,-26,3,-26,2,-27,2,-27]"
CSI_DATA,226686,d8:b1:90:db:e8:90,-51,11,1,7,0,0,1,0,0,0,1,-96,0,4,0,-790691639,0,100,0,128,1,"[100,-64,5,0,-12,-23,-12,-23,-12,-23,-13,-22,-13,-22,-13,-21,-13,-21,-13,-21,-13,-21,-14,-20,-14,-20,-15,-19,-15,-19,-15,-19,-15,-19,-14,-19,-14,-18,-13,-18,-13,-18,-13,-18,-12,-17,-12,-17,-11,-17,-10,-17,-9,-18,-3,-5,0,0,0,0,0,0,0,0,0,0,0,0,0,0,0,0,0,0,-3,-5,-11,-17,-10,-17,-9,-18,-9,-19,-9,-19,-9,-19,-8,-20,-8,-20,-8,-21,-8,-21,-8,-22,-8,-22,-9,-22,-9,-23,-8,-23,-8,-23,-9,-23,-9,-23,-9,-23,-9,-23,-10,-23,-10,-23,-11,-23,-12,-23,-12,-24,-12,-24]"
CSI_DATA,226687,d8:b1:90:db:e8:90,-51,11,1,7,0,0,1,0,0,0,1,-96,0,4,0,-790678269,0,100,0,128,1,"[100,-64,5,0,-6,25,-6,25,-6,25,-5,25,-5,25,-4,25,-4,24,-3,24,-3,23,-3,23,-3,23,-3,24,-4,24,-4,23,-4,23,-3,22,-3,22,-4,21,-4,21,-4,20,-5,20,-5,19,-6,19,-7,19,-8,19,-2,4,0,0,0,0,0,0,0,0,0,0,0,0,0,0,0,0,0,0,-1,4,-2,19,-3,19,-4,19,-5,20,-5,20,-6,20,-6,20,-7,20,-7,21,-8,21,-8,21,-8,21,-8,21,-8,22,-9,22,-9,22,-9,22,-8,23,-8,23,-7,24,-6,24,-6,25,-6,25,-6,25,-6,26,-6,26]"
CSI_DATA,226688,d8:b1:90:db:e8:90,-52,11,1,6,0,0,1,0,0,0,1,-96,0,4,0,-790664490,0,100,0,128,1,"[100,-64,5,0,-6,-6,-11,-4,-14,-1,-18,1,-20,4,-22,7,-22,9,-23,11,-22,12,-21,13,-20,12,-19,11,-17,9,-16,7,-15,4,-14,0,-14,-3,-13,-7,-13,-10,-12,-13,-12,-15,-12,-16,-12,-17,-12,-18,-12,-17,-3,-5,0,0,0,0,0,0,0,0,0,0,0,0,0,0,0,0,0,0,-2,-4,-5,-16,-5,-18,-5,-20,-5,-21,-5,-21,-5,-21,-4,-20,-3,-19,-1,-17,1,-14,4,-12,7,-9,10,-6,13,-4,16,-2,19,0,21,0,23,0,25,-1,26,-3,25,-4,24,-6,22,-7,19,-8,15,-9,12,-9]"
CSI_DATA,226689,d8:b1:90:db:e8:90,-51,11,1,6,0,0,1,0,0,0,1,-96,0,4,0,-790643328,0,100,0,128,1,"[100,-64,5,0,-7,-9,-13,-7,-18,-4,-22,-1,-25,2,-27,5,-29,8,-29,10,-28,12,-27,13,-26,13,-24,11,-22,9,-21,7,-20,3,-19,-2,-18,-6,-17,-10,-16,-14,-16,-17,-16,-19,-15,-20,-15,-21,-14,-21,-14,-21,-4,-6,0,0,0,0,0,0,0,0,0,0,0,0,0,0,0,0,0,0,-2,-5,-5,-20,-5,-22,-5,-24,-5,-25,-5,-26,-4,-26,-3,-25,-2,-23,0,-21,3,-18,6,-14,10,-11,13,-8,17,-5,20,-3,23,-1,26,-1,29,-1,30,-2,31,-3,30,-5,29,-7,26,-9,22,-11,18,-12,14,-12]"
CSI_DATA,226690,d8:b1:90:db:e8:90,-51,11,1,6,0,0,1,0,0,0,1,-96,0,4,0,-790632658,0,100,0,128,1,"[100,-64,5,0,3,9,8,9,14,8,19,6,23,4,26,2,28,-1,29,-3,29,-5,28,-6,27,-6,25,-5,23,-4,21,-1,19,1,18,5,16,8,15,12,13,15,12,17,12,19,11,21,10,21,10,21,10,21,2,5,0,0,0,0,0,0,0,0,0,0,0,0,0,0,0,0,0,0,-2,4,-7,17,-8,19,-9,21,-10,22,-10,23,-11,22,-11,21,-11,19,-12,16,-13,13,-14,8,-15,4,-17,0,-18,-4,-20,-7,-23,-9,-25,-11,-27,-12,-28,-11,-30,-10,-30,-7,-29,-5,-27,-2,-24,0,-20,3,-17,5]"
CSI_DATA,226691,d8:b1:90:db:e8:90,-51,11,1,6,0,0,1,0,0,0,1,-96,0,4,0,-790618448,0,100,0,128,1,"[100,-64,5,0,8,-7,6,-13,3,-18,0,-22,-3,-26,-6,-28,-9,-29,-11,-29,-13,-28,-14,-27,-14,-25,-13,-24,-11,-23,-8,-21,-3,-19,1,-18,5,-17,8,-16,12,-16,15,-16,18,-16,19,-15,20,-15,20,-14,21,-13,5,-4,0,0,0,0,0,0,0,0,0,0,0,0,0,0,0,0,0,0,4,-2,19,-5,21,-5,23,-5,24,-4,25,-4,25,-4,24,-3,23,-1,20,1,17,4,13,7,10,10,7,13,4,17,2,20,0,23,-1,26,0,29,1,30,2,31,4,30,6,29,8,26,10,22,11,18,11,14]"
CSI_DATA,226692,d8:b1:90:db:e8:90,-52,11,1,6,0,0,1,0,0,0,1,-96,0,4,0,-790606548,0,100,0,128,1,"[100,-64,5,0,2,8,6,8,11,8,15,7,18,6,21,4,23,3,24,1,24,0,23,-2,22,-2,21,-2,19,0,17,1,15,4,12,6,10,9,8,12,6,14,5,16,4,18,3,19,3,19,2,19,2,19,0,4,0,0,0,0,0,0,0,0,0,0,0,0,0,0,0,0,0,0,-1,3,-3,15,-3,16,-4,18,-4,19,-5,19,-5,19,-6,18,-6,16,-7,14,-8,11,-10,8,-11,4,-13,1,-14,-2,-16,-5,-18,-7,-20,-9,-22,-9,-24,-9,-25,-8,-25,-6,-24,-5,-23,-2,-20,0,-17,2,-14,3]"
CSI_DATA,226693,d8:b1:90:db:e8:90,-51,11,1,6,0,0,1,0,0,0,1,-96,0,4,0,-790591259,0,100,0,128,1,"[100,-64,5,0,-7,9,-2,13,2,17,6,20,11,22,14,23,17,23,19,22,21,21,21,20,21,18,19,17,16,17,13,17,9,17,5,17,1,17,-3,18,-7,18,-10,19,-13,19,-14,20,-15,20,-15,20,-15,19,-4,4,0,0,0,0,0,0,0,0,0,0,0,0,0,0,0,0,0,0,-4,2,-17,11,-18,12,-20,13,-22,13,-22,14,-23,13,-22,12,-21,10,-20,7,-18,3,-16,-1,-14,-6,-13,-10,-11,-14,-10,-18,-10,-22,-11,-25,-12,-28,-14,-29,-15,-28,-17,-27,-18,-25,-19,-22,-19,-18,-18,-13,-16,-9]"
CSI_DATA,226694,d8:b1:90:db:e8:90,-51,11,1,6,0,0,1,0,0,0,1,-96,0,4,0,-790574569,0,100,0,128,1,"[100,-64,5,0,6,7,11,5,16,2,20,-2,23,-5,25,-9,26,-11,26,-14,25,-15,24,-16,23,-16,21,-15,20,-13,19,-10,19,-6,18,-2,18,1,18,5,18,8,18,11,19,13,18,15,18,16,18,16,18,16,4,4,0,0,0,0,0,0,0,0,0,0,0,0,0,0,0,0,0,0,0,4,0,18,0,20,-1,22,-1,24,-1,25,-2,25,-2,24,-3,22,-5,20,-7,16,-10,13,-13,9,-16,6,-19,3,-21,1,-24,0,-27,-1,-29,-1,-31,0,-31,2,-30,4,-29,6,-26,8,-23,9,-18,10,-14,10]"
CSI_DATA,226695,d8:b1:90:db:e8:90,-51,11,1,6,0,0,1,0,0,0,1,-96,0,4,0,-790541392,0,100,0,128,1,"[100,-64,5,0,4,9,10,8,16,7,20,5,24,2,27,-1,28,-3,29,-6,29,-8,28,-9,27,-9,25,-8,23,-6,21,-3,19,0,17,4,16,8,14,12,12,15,11,18,11,20,10,21,10,22,9,22,9,22,2,5,0,0,0,0,0,0,0,0,0,0,0,0,0,0,0,0,0,0,0,4,0,19,-1,21,-1,23,-1,25,-2,25,-2,25,-3,24,-4,22,-6,19,-8,16,-10,12,-13,8,-15,4,-18,1,-21,-2,-24,-5,-27,-6,-29,-6,-31,-5,-32,-4,-32,-2,-31,0,-28,3,-25,5,-20,7,-17,8]"
CSI_DATA,226696,d8:b1:90:db:e8:90,-51,11,1,6,0,0,1,0,0,0,1,-96,0,4,0,-790528528,0,100,0,128,1,"[100,-64,5,0,-8,7,-4,12,0,16,4,20,8,22,11,24,14,24,17,23,18,22,19,21,18,20,17,19,15,18,11,17,8,17,4,18,0,18,-3,19,-7,19,-9,20,-12,20,-13,20,-14,20,-14,20,-14,19,-4,4,0,0,0,0,0,0,0,0,0,0,0,0,0,0,0,0,0,0,-5,1,-19,3,-21,3,-23,3,-25,3,-25,4,-26,3,-25,2,-24,1,-22,-2,-18,-4,-15,-7,-13,-11,-10,-14,-8,-18,-6,-21,-5,-25,-5,-27,-5,-29,-7,-30,-8,-31,-10,-30,-11,-28,-13,-25,-14,-21,-14,-16,-13,-12]"
CSI_DATA,226697,d8:b1:90:db:e8:90,-52,11,1,6,0,0,1,0,0,0,1,-96,0,4,0,-790510810,0,100,0,128,1,"[100,-64,5,0,-6,4,-4,9,-2,14,1,17,4,20,7,22,10,22,12,22,13,22,14,21,14,20,13,19,12,18,9,17,6,17,3,17,0,18,-3,18,-5,18,-7,18,-9,19,-11,18,-12,18,-12,19,-12,19,-3,4,0,0,0,0,0,0,0,0,0,0,0,0,0,0,0,0,0,0,-4,-2,-16,-6,-18,-7,-20,-8,-21,-9,-21,-9,-22,-10,-21,-10,-19,-10,-17,-11,-14,-12,-10,-13,-7,-15,-3,-16,0,-18,2,-20,4,-22,4,-24,4,-26,4,-27,3,-28,1,-28,-1,-26,-3,-24,-5,-21,-7,-17,-7,-14]"
CSI_DATA,226698,d8:b1:90:db:e8:90,-51,11,1,6,0,0,1,0,0,0,1,-96,0,4,0,-790497544,0,100,0,128,1,"[100,-64,5,0,-4,-11,-10,-11,-16,-10,-21,-9,-25,-7,-28,-5,-30,-3,-31,0,-31,2,-30,3,-29,4,-27,3,-24,2,-22,-1,-20,-4,-17,-7,-15,-11,-13,-15,-11,-18,-9,-21,-8,-23,-8,-24,-7,-25,-7,-25,-6,-24,-2,-6,0,0,0,0,0,0,0,0,0,0,0,0,0,0,0,0,0,0,0,-5,2,-20,3,-22,3,-24,4,-25,5,-26,5,-26,6,-24,7,-22,8,-19,9,-16,11,-11,13,-7,15,-3,17,1,20,4,22,7,25,9,27,9,29,9,30,8,30,6,30,3,28,0,24,-3,20,-5,17,-6]"
CSI_DATA,226699,d8:b1:90:db:e8:90,-52,11,1,6,0,0,1,0,0,0,1,-96,0,4,0,-790486400,0,100,0,128,1,"[100,-64,5,0,6,-5,5,-9,3,-13,2,-17,-1,-20,-3,-22,-5,-23,-7,-23,-8,-23,-9,-22,-9,-21,-8,-20,-7,-19,-5,-18,-2,-17,1,-16,4,-15,7,-14,10,-13,12,-13,14,-13,15,-13,16,-12,15,-12,15,-11,3,-3,0,0,0,0,0,0,0,0,0,0,0,0,0,0,0,0,0,0,3,0,14,0,16,1,17,1,18,2,19,2,19,2,18,3,17,4,15,5,12,6,9,8,6,10,3,11,1,14,-2,16,-3,18,-4,20,-4,22,-3,23,-2,24,0,24,1,23,3,21,5,18,6,15,7,11]"
CSI_DATA,226700,d8:b1:90:db:e8:90,-52,11,1,6,0,0,1,0,0,0,1,-96,0,4,0,-790470949,0,100,0,128,1,"[100,-64,5,0,-8,-9,-12,-6,-16,-3,-19,0,-21,3,-22,5,-23,8,-23,9,-23,10,-22,11,-20,10,-19,9,-18,7,-17,5,-15,1,-14,-2,-13,-5,-13,-9,-12,-12,-11,-14,-11,-16,-10,-18,-10,-19,-9,-19,-9,-19,-3,-5,0,0,0,0,0,0,0,0,0,0,0,0,0,0,0,0,0,0,-3,-3,-11,-11,-12,-13,-13,-14,-13,-15,-14,-16,-13,-16,-12,-16,-10,-15,-8,-14,-5,-13,-1,-12,3,-11,6,-10,10,-9,13,-8,16,-8,19,-8,21,-9,22,-10,22,-11,22,-12,20,-14,18,-14,14,-15,11,-15,8,-14]"
CSI_DATA,226701,d8:b1:90:db:e8:90,-51,11,1,6,0,0,1,0,0,0,1,-96,0,4,0,-790429166,0,100,0,128,1,"[100,-64,5,0,-9,6,-6,12,-3,16,0,21,3,24,6,26,9,27,11,27,13,26,14,25,14,23,12,22,10,21,7,19,3,18,-1,17,-5,16,-9,15,-13,14,-16,14,-19,13,-20,13,-21,13,-21,13,-21,12,-6,3,0,0,0,0,0,0,0,0,0,0,0,0,0,0,0,0,0,0,-5,1,-20,6,-22,6,-24,6,-25,6,-26,6,-26,5,-25,4,-23,3,-21,0,-18,-2,-15,-6,-12,-9,-8,-13,-5,-17,-3,-21,-2,-24,-2,-27,-2,-29,-3,-31,-4,-31,-6,-31,-8,-29,-10,-26,-12,-23,-12,-18,-12,-14]"
CSI_DATA,226702,d8:b1:90:db:e8:90,-51,11,1,6,0,0,1,0,0,0,1,-96,0,4,0,-790417359,0,100,0,128,1,"[100,-64,5,0,-8,-8,-13,-5,-18,-2,-21,2,-24,5,-26,9,-26,12,-27,14,-26,16,-25,16,-23,16,-21,15,-20,12,-19,9,-19,5,-18,1,-17,-3,-16,-8,-16,-12,-17,-15,-16,-17,-16,-18,-17,-19,-16,-19,-16,-19,-4,-5,0,0,0,0,0,0,0,0,0,0,0,0,0,0,0,0,0,0,-2,-5,-7,-19,-7,-21,-7,-23,-8,-25,-8,-25,-7,-25,-6,-24,-4,-23,-2,-21,1,-18,4,-15,8,-12,12,-9,16,-6,20,-4,23,-3,26,-3,28,-3,30,-5,30,-6,29,-8,28,-10,25,-12,21,-13,16,-13,13,-13]"
CSI_DATA,226703,d8:b1:90:db:e8:90,-51,11,1,6,0,0,1,0,0,0,1,-96,0,4,0,-790406045,0,100,0,128,1,"[100,-64,5,0,-2,-10,-8,-11,-13,-11,-18,-11,-22,-9,-26,-8,-28,-6,-29,-4,-30,-2,-29,-1,-28,0,-26,0,-24,-1,-22,-3,-19,-6,-16,-9,-14,-12,-12,-15,-10,-18,-9,-20,-7,-22,-7,-23,-7,-24,-7,-24,-6,-23,-2,-6,0,0,0,0,0,0,0,0,0,0,0,0,0,0,0,0,0,0,2,-4,9,-17,11,-18,12,-20,14,-21,14,-21,15,-20,15,-19,15,-17,14,-14,14,-11,14,-6,14,-2,15,2,16,7,17,10,18,14,20,16,22,17,24,17,25,16,26,14,26,11,25,8,23,5,20,1,17,-1]"
CSI_DATA,226704,d8:b1:90:db:e8:90,-51,11,1,6,0,0,1,0,0,0,1,-96,0,4,0,-790395829,0,100,0,128,1,"[100,-64,5,0,10,-2,11,-9,11,-14,10,-20,9,-24,7,-27,5,-29,3,-31,1,-31,0,-30,-1,-29,0,-27,1,-25,3,-22,6,-19,9,-16,12,-13,15,-11,18,-8,21,-6,23,-5,24,-4,24,-4,24,-3,24,-2,6,-1,0,0,0,0,0,0,0,0,0,0,0,0,0,0,0,0,0,0,4,0,19,4,21,5,22,6,23,6,24,7,24,7,23,8,21,8,18,9,14,11,9,12,5,13,0,15,-4,17,-8,19,-11,21,-12,23,-13,26,-13,28,-12,29,-10,30,-8,29,-4,27,-1,25,2,21,4,18]"
CSI_DATA,226705,d8:b1:90:db:e8:90,-52,11,1,6,0,0,1,0,0,0,1,-96,0,4,0,-790385601,0,100,0,128,1,"[100,-64,5,0,-8,3,-8,8,-6,12,-4,16,-3,19,-1,21,1,23,3,23,5,23,6,22,6,21,5,20,3,18,1,16,-1,15,-4,13,-7,11,-10,10,-13,9,-15,8,-17,7,-19,7,-19,6,-19,6,-19,6,-5,1,0,0,0,0,0,0,0,0,0,0,0,0,0,0,0,0,0,0,-4,0,-16,0,-17,-1,-19,-1,-20,-1,-21,-2,-21,-2,-20,-2,-18,-3,-16,-4,-13,-6,-10,-8,-7,-10,-4,-12,-1,-14,2,-17,3,-19,4,-21,5,-23,5,-24,3,-25,2,-25,0,-24,-2,-23,-4,-20,-5,-17,-6,-14]"
CSI_DATA,226706,d8:b1:90:db:e8:90,-51,11,1,6,0,0,1,0,0,0,1,-96,0,4,0,-790365271,0,100,0,128,1,"[100,-64,5,0,-11,-8,-16,-4,-21,0,-24,4,-27,9,-28,13,-29,16,-29,18,-28,19,-26,19,-24,19,-23,17,-21,14,-20,10,-19,5,-18,0,-17,-5,-16,-10,-15,-15,-15,-18,-14,-21,-14,-23,-13,-24,-13,-25,-12,-25,-3,-7,0,0,0,0,0,0,0,0,0,0,0,0,0,0,0,0,0,0,-5,-3,-19,-13,-21,-14,-22,-16,-23,-18,-23,-19,-22,-19,-20,-19,-17,-18,-14,-18,-9,-16,-4,-15,2,-14,8,-13,13,-12,18,-12,22,-12,26,-13,28,-14,30,-16,30,-17,29,-19,27,-20,24,-21,19,-21,14,-20,10,-19]"
CSI_DATA,226707,d8:b1:90:db:e8:90,-52,11,1,6,0,0,1,0,0,0,1,-96,0,4,0,-790330838,0,100,0,128,1,"[100,-64,5,0,6,-5,5,-10,3,-13,1,-17,-1,-20,-4,-22,-6,-22,-8,-23,-9,-23,-10,-22,-10,-21,-9,-20,-8,-19,-6,-17,-3,-17,0,-16,3,-15,6,-14,9,-14,11,-14,13,-14,14,-14,15,-14,15,-13,15,-12,3,-3,0,0,0,0,0,0,0,0,0,0,0,0,0,0,0,0,0,0,3,0,15,0,16,0,18,1,19,1,19,1,19,2,19,2,17,3,15,5,12,6,9,8,6,9,3,12,1,14,-1,16,-2,18,-3,20,-3,22,-2,23,-1,24,0,24,2,23,4,21,5,18,7,14,7,11]"
CSI_DATA,226708,d8:b1:90:db:e8:90,-51,11,1,6,0,0,1,0,0,0,1,-96,0,4,0,-790311651,0,100,0,128,1,"[100,-64,5,0,3,10,9,9,15,8,20,6,24,4,27,1,29,-1,30,-3,30,-5,29,-6,27,-6,25,-5,23,-4,21,-1,19,2,17,6,15,9,13,12,12,16,10,19,9,20,9,22,9,24,8,24,7,23,1,5,0,0,0,0,0,0,0,0,0,0,0,0,0,0,0,0,0,0,-1,4,-1,19,-2,21,-2,23,-3,25,-3,25,-3,25,-4,24,-5,22,-7,19,-9,16,-11,11,-13,7,-16,3,-18,-1,-21,-4,-24,-6,-26,-7,-29,-8,-31,-7,-32,-5,-32,-4,-31,-1,-29,1,-25,4,-21,6,-17,7]"
CSI_DATA,226709,d8:b1:90:db:e8:90,-51,11,1,6,0,0,1,0,0,0,1,-96,0,4,0,-790296636,0,100,0,128,1,"[100,-64,5,0,9,1,11,-5,13,-10,14,-15,13,-20,12,-23,11,-26,10,-28,8,-29,7,-28,6,-27,5,-26,6,-23,7,-20,9,-17,11,-14,14,-11,16,-8,18,-6,20,-4,22,-3,23,-1,24,-1,23,0,23,0,5,0,0,0,0,0,0,0,0,0,0,0,0,0,0,0,0,0,0,0,3,3,12,13,13,15,14,17,15,18,15,19,15,19,14,19,12,18,9,17,5,16,1,15,-3,14,-8,13,-12,13,-16,13,-19,14,-21,15,-23,17,-23,19,-23,20,-21,22,-19,22,-15,22,-12,21,-7,18,-4,16]"
CSI_DATA,226710,d8:b1:90:db:e8:90,-51,11,1,6,0,0,1,0,0,0,1,-96,0,4,0,-790285422,0,100,0,128,1,"[100,-64,5,0,3,-9,-1,-13,-6,-16,-11,-18,-15,-19,-18,-20,-21,-19,-23,-19,-24,-17,-25,-16,-24,-15,-23,-14,-20,-14,-17,-14,-13,-15,-9,-16,-6,-17,-3,-19,0,-20,3,-22,5,-23,6,-23,7,-23,7,-23,7,-23,1,-6,0,0,0,0,0,0,0,0,0,0,0,0,0,0,0,0,0,0,4,-3,16,-9,18,-10,20,-10,21,-11,22,-11,22,-10,22,-9,21,-7,19,-5,17,-2,15,2,13,6,11,10,10,14,9,18,8,21,9,24,10,26,12,27,13,26,15,25,16,23,17,20,17,16,16,11,15,8]"
CSI_DATA,226711,d8:b1:90:db:e8:90,-51,11,1,6,0,0,1,0,0,0,1,-96,0,4,0,-790269481,0,100,0,128,1,"[100,-64,5,0,-9,-7,-14,-4,-19,0,-23,4,-25,8,-27,12,-28,16,-28,18,-27,20,-25,21,-23,20,-22,19,-21,16,-20,13,-20,9,-20,4,-21,0,-21,-4,-22,-8,-22,-11,-23,-14,-23,-15,-23,-16,-23,-16,-22,-16,-6,-4,0,0,0,0,0,0,0,0,0,0,0,0,0,0,0,0,0,0,-2,-6,-5,-22,-4,-24,-4,-27,-4,-28,-4,-29,-3,-28,-2,-27,-1,-26,1,-23,4,-20,8,-16,11,-13,15,-10,19,-7,22,-4,26,-3,29,-3,31,-3,33,-5,33,-7,33,-9,31,-11,27,-12,23,-13,18,-14,13,-14]"
CSI_DATA,226712,d8:b1:90:db:e8:90,-51,11,1,6,0,0,1,0,0,0,1,-96,0,4,0,-790259202,0,100,0,128,1,"[100,-64,5,0,2,10,8,11,15,11,20,9,25,8,28,6,31,3,32,1,33,-1,32,-3,30,-3,28,-3,26,-1,24,1,21,4,18,8,16,11,14,15,12,18,10,21,9,23,8,25,8,25,8,25,7,25,1,6,0,0,0,0,0,0,0,0,0,0,0,0,0,0,0,0,0,0,-3,4,-11,18,-12,20,-14,22,-15,23,-15,24,-16,24,-16,22,-16,20,-16,17,-17,12,-17,7,-17,2,-18,-3,-19,-7,-21,-11,-23,-15,-25,-17,-28,-18,-30,-18,-31,-16,-31,-14,-31,-12,-30,-8,-27,-4,-23,-1,-19,2]"
CSI_DATA,226713,d8:b1:90:db:e8:90,-51,11,1,6,0,0,1,0,0,0,1,-96,0,4,0,-790234265,0,100,0,128,1,"[100,-64,5,0,-1,-11,-7,-13,-12,-13,-18,-13,-22,-12,-26,-11,-28,-9,-30,-8,-30,-6,-30,-5,-28,-4,-26,-4,-24,-5,-21,-6,-18,-8,-14,-11,-11,-14,-9,-17,-6,-19,-4,-22,-2,-23,-1,-24,0,-25,0,-25,0,-25,0,-6,0,0,0,0,0,0,0,0,0,0,0,0,0,0,0,0,0,0,2,-5,8,-18,10,-20,11,-21,12,-23,12,-23,13,-23,13,-21,13,-19,13,-16,13,-12,13,-7,13,-2,14,2,15,7,17,11,18,14,20,17,22,18,24,18,26,17,26,15,26,13,26,10,24,6,20,3,17,0]"
CSI_DATA,226714,d8:b1:90:db:e8:90,-51,11,1,6,0,0,1,0,0,0,1,-96,0,4,0,-790221594,0,100,0,128,1,"[100,-64,5,0,-11,-4,-15,1,-17,6,-19,11,-20,15,-20,19,-19,22,-18,24,-17,25,-15,25,-14,24,-14,22,-14,20,-14,17,-15,13,-16,9,-18,4,-19,1,-20,-3,-22,-6,-23,-8,-23,-9,-24,-10,-23,-11,-23,-11,-6,-3,0,0,0,0,0,0,0,0,0,0,0,0,0,0,0,0,0,0,-4,-4,-16,-13,-17,-15,-18,-17,-19,-18,-19,-19,-19,-19,-17,-19,-15,-18,-12,-18,-8,-17,-4,-16,1,-15,6,-14,11,-14,15,-14,19,-15,21,-16,23,-18,24,-19,23,-21,22,-23,20,-23,16,-23,12,-22,8,-20,5,-18]"
CSI_DATA,226715,d8:b1:90:db:e8:90,-51,11,1,6,0,0,1,0,0,0,1,-96,0,4,0,-790204319,0,100,0,128,1,"[100,-64,5,0,-10,-5,-14,0,-18,4,-20,9,-21,13,-22,17,-21,20,-20,22,-19,23,-18,24,-16,23,-15,21,-15,19,-16,15,-16,12,-17,7,-18,3,-19,-1,-20,-4,-21,-7,-22,-9,-23,-10,-24,-11,-24,-12,-23,-13,-6,-4,0,0,0,0,0,0,0,0,0,0,0,0,0,0,0,0,0,0,-4,-4,-13,-16,-14,-18,-14,-20,-15,-21,-15,-22,-15,-22,-13,-22,-11,-21,-8,-20,-5,-18,-1,-16,4,-15,9,-13,13,-12,17,-12,21,-12,23,-13,25,-14,26,-15,26,-17,25,-19,23,-20,19,-20,15,-20,10,-19,7,-17]"
CSI_DATA,226716,d8:b1:90:db:e8:90,-51,11,1,6,0,0,1,0,0,0,1,-96,0,4,0,-790189186,0,100,0,128,1,"[100,-64,5,0,5,10,11,8,16,6,20,4,24,1,27,-2,29,-4,29,-6,29,-8,28,-9,27,-9,25,-8,23,-6,21,-3,19,0,17,4,16,8,14,12,13,15,11,18,10,20,10,21,9,23,9,23,9,23,2,5,0,0,0,0,0,0,0,0,0,0,0,0,0,0,0,0,0,0,0,4,2,19,1,21,1,23,1,25,1,25,0,25,-1,24,-2,23,-4,20,-6,17,-9,13,-12,9,-15,5,-18,2,-22,-1,-24,-3,-27,-4,-29,-4,-31,-3,-32,-2,-32,0,-31,2,-28,5,-25,7,-20,8,-16,9]"
CSI_DATA,226717,d8:b1:90:db:e8:90,-52,11,1,6,0,0,1,0,0,0,1,-96,0,4,0,-790177735,0,100,0,128,1,"[100,-64,5,0,-6,7,-3,11,0,14,4,16,7,18,10,19,12,19,14,19,15,18,16,17,15,16,14,15,12,14,9,14,6,14,3,14,-1,14,-4,14,-7,14,-10,14,-12,15,-13,15,-14,15,-14,15,-14,14,-4,3,0,0,0,0,0,0,0,0,0,0,0,0,0,0,0,0,0,0,-4,2,-14,8,-15,8,-17,9,-18,9,-19,9,-19,9,-18,8,-17,6,-16,4,-15,1,-13,-2,-11,-5,-9,-9,-8,-12,-7,-16,-7,-18,-8,-21,-8,-23,-9,-23,-10,-23,-12,-23,-13,-21,-14,-19,-14,-15,-13,-11,-12,-9]"
CSI_DATA,226718,d8:b1:90:db:e8:90,-52,11,1,6,0,0,1,0,0,0,1,-96,0,4,0,-790164100,0,100,0,128,1,"[100,-64,5,0,8,0,10,-5,11,-9,11,-13,11,-17,10,-20,9,-22,8,-23,7,-24,5,-24,5,-23,5,-21,5,-19,6,-17,8,-14,10,-11,12,-8,13,-6,15,-3,17,-2,18,0,19,1,20,1,19,2,19,2,4,0,0,0,0,0,0,0,0,0,0,0,0,0,0,0,0,0,0,0,3,1,13,7,14,8,15,9,16,10,17,11,16,11,15,11,14,11,11,11,8,11,4,11,0,11,-3,11,-7,12,-10,13,-13,14,-14,16,-15,17,-16,19,-15,20,-14,21,-12,21,-9,20,-6,19,-3,16,-1,14]"
CSI_DATA,226719,d8:b1:90:db:e8:90,-51,11,1,6,0,0,1,0,0,0,1,-96,0,4,0,-790130846,0,100,0,128,1,"[100,-64,5,0,6,-8,3,-13,0,-18,-4,-21,-8,-24,-11,-26,-14,-26,-16,-26,-18,-25,-18,-24,-18,-23,-17,-21,-14,-20,-11,-19,-7,-18,-3,-18,1,-17,5,-17,9,-17,12,-17,15,-17,17,-17,17,-17,18,-17,17,-16,4,-4,0,0,0,0,0,0,0,0,0,0,0,0,0,0,0,0,0,0,4,-3,18,-9,20,-9,22,-9,23,-9,24,-9,24,-9,23,-8,22,-6,20,-3,17,0,14,3,11,7,9,11,6,15,5,19,4,23,4,26,4,28,6,29,7,30,9,29,11,27,12,25,13,21,13,16,13,12]"
CSI_DATA,226720,d8:b1:90:db:e8:90,-52,11,1,6,0,0,1,0,0,0,1,-96,0,4,0,-790119381,0,100,0,128,1,"[100,-64,5,0,-4,6,-1,9,3,12,7,14,10,15,13,15,16,15,17,14,18,13,19,12,18,12,17,11,15,11,12,11,10,11,6,12,3,13,1,14,-2,15,-4,16,-6,17,-7,18,-7,18,-7,17,-7,17,-2,4,0,0,0,0,0,0,0,0,0,0,0,0,0,0,0,0,0,0,-4,1,-14,6,-16,6,-17,6,-18,7,-19,7,-19,6,-19,6,-18,4,-16,2,-15,0,-13,-3,-11,-6,-9,-9,-8,-12,-8,-15,-7,-18,-8,-20,-9,-22,-10,-22,-11,-22,-12,-22,-13,-20,-14,-17,-14,-14,-13,-11,-12,-8]"
CSI_DATA,226721,d8:b1:90:db:e8:90,-51,11,1,6,0,0,1,0,0,0,1,-96,0,4,0,-790103762,0,100,0,128,1,"[100,-64,5,0,9,-5,8,-11,6,-17,4,-22,1,-25,-2,-28,-4,-30,-6,-30,-8,-30,-9,-29,-8,-28,-8,-26,-6,-24,-3,-22,1,-20,5,-18,8,-16,12,-14,15,-13,19,-12,21,-11,21,-10,22,-10,21,-9,21,-9,5,-3,0,0,0,0,0,0,0,0,0,0,0,0,0,0,0,0,0,0,4,-1,19,-4,21,-3,23,-3,24,-3,25,-2,25,-2,24,-1,23,0,20,2,17,5,13,8,9,11,5,13,2,17,-1,20,-3,23,-4,26,-4,28,-3,30,-2,31,0,31,2,30,5,27,7,24,8,19,9,15]"
CSI_DATA,226722,d8:b1:90:db:e8:90,-51,11,1,6,0,0,1,0,0,0,1,-96,0,4,0,-790092087,0,100,0,128,1,"[100,-64,5,0,3,8,9,7,15,6,19,3,23,1,25,-1,27,-4,28,-6,28,-8,27,-9,26,-10,24,-8,22,-6,21,-4,19,-1,17,3,16,7,15,10,14,14,13,16,12,18,12,19,12,20,11,21,11,21,2,5,0,0,0,0,0,0,0,0,0,0,0,0,0,0,0,0,0,0,-1,4,-5,18,-6,20,-7,22,-7,23,-7,23,-8,23,-8,22,-9,20,-10,18,-11,14,-13,10,-14,6,-16,2,-18,-2,-21,-5,-23,-8,-25,-9,-27,-9,-29,-9,-30,-7,-30,-6,-29,-3,-27,-1,-24,2,-20,4,-16,6]"
CSI_DATA,226723,d8:b1:90:db:e8:90,-51,11,1,6,0,0,1,0,0,0,1,-96,0,4,0,-790079725,0,100,0,128,1,"[100,-64,5,0,9,-2,10,-8,10,-13,9,-18,8,-22,6,-26,5,-28,3,-29,1,-30,-1,-29,-1,-28,-1,-26,0,-24,2,-22,5,-19,8,-16,11,-14,14,-12,17,-10,19,-9,21,-8,23,-7,23,-7,23,-6,22,-6,5,-2,0,0,0,0,0,0,0,0,0,0,0,0,0,0,0,0,0,0,3,2,16,10,17,11,18,12,19,13,20,14,20,14,18,14,16,14,14,14,10,14,5,14,1,14,-4,15,-8,16,-12,17,-14,19,-16,20,-17,22,-17,24,-16,25,-15,26,-12,26,-9,25,-6,23,-2,19,0,16]"
CSI_DATA,226724,d8:b1:90:db:e8:90,-51,11,1,6,0,0,1,0,0,0,1,-96,0,4,0,-790068398,0,100,0,128,1,"[100,-64,5,0,-9,6,-7,12,-4,17,-1,21,2,24,6,26,9,27,11,27,12,27,13,26,13,24,12,23,9,21,6,20,2,19,-2,18,-6,17,-10,16,-13,15,-16,14,-19,14,-21,13,-21,13,-21,13,-21,12,-6,3,0,0,0,0,0,0,0,0,0,0,0,0,0,0,0,0,0,0,-5,1,-19,6,-21,6,-23,6,-24,7,-25,6,-25,6,-25,5,-23,3,-21,1,-18,-2,-15,-6,-12,-9,-9,-13,-6,-17,-4,-21,-3,-24,-3,-27,-3,-29,-4,-31,-6,-32,-7,-31,-9,-29,-11,-26,-12,-23,-13,-18,-13,-14]"
CSI_DATA,226725,d8:b1:90:db:e8:90,-52,11,1,6,0,0,1,0,0,0,1,-96,0,4,0,-790057220,0,100,0,128,1,"[100,-64,5,0,-8,4,-7,9,-5,13,-3,17,0,19,2,21,4,22,6,23,7,22,8,22,7,20,7,19,5,18,3,16,0,15,-3,14,-6,13,-9,12,-12,11,-14,10,-16,10,-18,9,-18,9,-18,8,-18,8,-5,2,0,0,0,0,0,0,0,0,0,0,0,0,0,0,0,0,0,0,-4,0,-16,2,-17,2,-19,2,-20,2,-21,1,-21,1,-20,1,-19,-1,-16,-2,-14,-4,-11,-6,-9,-9,-6,-11,-3,-14,-1,-17,0,-19,0,-22,1,-24,0,-25,-1,-26,-3,-25,-4,-24,-6,-22,-7,-19,-8,-16,-9,-13]"
CSI_DATA,226726,d8:b1:90:db:e8:90,-52,11,1,6,0,0,1,0,0,0,1,-96,0,4,0,-790020139,0,100,0,128,1,"[100,-64,5,0,5,-7,3,-11,0,-14,-3,-17,-6,-20,-9,-21,-11,-21,-13,-21,-14,-20,-15,-19,-15,-18,-14,-17,-11,-16,-8,-16,-5,-15,-2,-14,2,-14,5,-14,8,-14,11,-14,13,-14,14,-14,14,-13,15,-13,15,-13,3,-3,0,0,0,0,0,0,0,0,0,0,0,0,0,0,0,0,0,0,3,-2,13,-8,15,-8,16,-8,17,-9,18,-8,18,-8,18,-7,17,-5,15,-3,13,-1,11,2,9,5,7,8,5,12,4,15,3,18,3,20,4,22,5,23,6,24,7,23,9,22,10,19,11,16,11,12,11,9]"
CSI_DATA,226727,d8:b1:90:db:e8:90,-52,11,1,6,0,0,1,0,0,0,1,-96,0,4,0,-790006697,0,100,0,128,1,"[100,-64,5,0,4,6,9,5,13,4,16,2,19,0,21,-3,22,-5,23,-7,22,-8,22,-9,20,-9,19,-8,17,-6,16,-4,15,-1,13,2,12,5,11,8,10,11,9,13,9,14,9,15,9,17,8,17,7,16,1,4,0,0,0,0,0,0,0,0,0,0,0,0,0,0,0,0,0,0,0,3,3,15,2,16,2,18,2,19,2,20,1,19,0,19,-1,17,-2,15,-4,13,-6,10,-9,7,-11,4,-14,2,-17,0,-19,-2,-21,-3,-23,-3,-24,-2,-25,-1,-25,1,-24,2,-22,4,-19,6,-16,7,-13,7]"
CSI_DATA,226728,d8:b1:90:db:e8:90,-51,11,1,6,0,0,1,0,0,0,1,-96,0,4,0,-789992479,0,100,0,128,1,"[100,-64,5,0,9,4,13,0,16,-5,18,-10,20,-14,20,-18,20,-21,19,-23,18,-24,17,-24,15,-24,15,-22,14,-19,14,-16,15,-12,15,-7,16,-3,17,1,18,4,19,7,20,9,20,11,21,12,20,13,20,13,5,3,0,0,0,0,0,0,0,0,0,0,0,0,0,0,0,0,0,0,3,3,13,14,14,16,14,18,15,19,15,20,15,20,13,20,11,19,8,18,5,16,0,15,-4,13,-9,11,-14,11,-18,10,-21,10,-24,11,-26,12,-27,14,-27,16,-26,17,-24,18,-20,18,-16,18,-12,17,-8,16]"
CSI_DATA,226729,d8:b1:90:db:e8:90,-51,11,1,6,0,0,1,0,0,0,1,-96,0,4,0,-789979025,0,100,0,128,1,"[100,-64,5,0,-4,-10,-10,-10,-16,-9,-21,-7,-25,-5,-28,-2,-30,0,-31,2,-31,3,-30,4,-28,5,-26,4,-24,2,-22,0,-19,-3,-17,-7,-15,-10,-13,-14,-11,-18,-9,-20,-8,-22,-7,-23,-7,-24,-6,-24,-6,-24,-2,-6,0,0,0,0,0,0,0,0,0,0,0,0,0,0,0,0,0,0,0,-5,0,-20,1,-22,1,-24,2,-26,2,-26,3,-26,3,-25,4,-23,6,-20,8,-16,9,-12,12,-8,14,-3,17,1,20,4,22,6,25,8,27,8,29,7,31,6,31,4,30,2,27,0,24,-3,20,-5,17,-7]"
CSI_DATA,226730,d8:b1:90:db:e8:90,-51,11,1,6,0,0,1,0,0,0,1,-96,0,4,0,-789965664,0,100,0,128,1,"[100,-64,5,0,4,7,10,6,15,4,20,2,23,-1,25,-3,27,-6,27,-8,27,-10,26,-11,25,-11,23,-10,21,-9,20,-6,19,-3,18,1,17,5,16,9,15,12,15,15,14,17,14,18,14,19,13,19,13,19,3,4,0,0,0,0,0,0,0,0,0,0,0,0,0,0,0,0,0,0,-1,4,-4,18,-5,20,-6,22,-6,23,-7,24,-7,23,-8,22,-8,21,-9,18,-11,14,-12,10,-14,6,-16,2,-18,-1,-21,-4,-23,-6,-26,-8,-28,-8,-30,-7,-30,-6,-30,-4,-29,-1,-27,1,-24,3,-19,5,-16,6]"
CSI_DATA,226731,d8:b1:90:db:e8:90,-51,11,1,6,0,0,1,0,0,0,1,-96,0,4,0,-789954324,0,100,0,128,1,"[100,-64,5,0,6,-7,3,-13,0,-17,-4,-21,-8,-23,-11,-25,-14,-25,-16,-25,-18,-24,-19,-23,-18,-22,-17,-21,-15,-19,-12,-19,-8,-18,-4,-18,0,-18,3,-19,7,-19,10,-19,12,-20,14,-20,14,-20,14,-20,14,-19,3,-5,0,0,0,0,0,0,0,0,0,0,0,0,0,0,0,0,0,0,4,-1,19,-3,20,-3,22,-3,24,-3,24,-2,25,-2,24,-1,22,0,20,2,17,5,14,7,10,10,7,13,4,16,2,20,1,23,0,26,1,28,2,29,3,30,5,29,7,27,9,25,10,21,11,16,11,12]"
CSI_DATA,226732,d8:b1:90:db:e8:90,-51,11,1,6,0,0,1,0,0,0,1,-96,0,4,0,-789928260,0,100,0,128,1,"[100,-64,5,0,8,-6,6,-12,4,-17,2,-21,-1,-24,-4,-27,-7,-28,-9,-29,-11,-28,-12,-27,-12,-26,-11,-25,-9,-23,-6,-22,-3,-20,1,-19,5,-18,8,-18,12,-17,15,-17,17,-16,18,-16,19,-16,19,-15,19,-15,4,-4,0,0,0,0,0,0,0,0,0,0,0,0,0,0,0,0,0,0,4,0,19,0,21,1,22,1,24,1,25,2,25,3,24,3,22,4,19,6,16,8,12,10,8,12,5,15,1,18,-1,21,-3,23,-4,26,-4,28,-3,29,-2,30,0,30,2,29,4,26,6,23,8,18,9,14]"
CSI_DATA,226733,d8:b1:90:db:e8:90,-51,11,1,6,0,0,1,0,0,0,1,-96,0,4,0,-789917988,0,100,0,128,1,"[100,-64,5,0,-10,3,-10,9,-9,15,-7,20,-4,24,-2,27,0,29,3,29,4,29,6,28,6,27,5,25,3,23,1,20,-2,18,-6,16,-9,14,-13,12,-17,10,-20,9,-22,8,-24,7,-24,7,-24,6,-23,5,-6,1,0,0,0,0,0,0,0,0,0,0,0,0,0,0,0,0,0,0,-5,-1,-20,-2,-22,-2,-24,-3,-25,-3,-26,-4,-26,-4,-25,-4,-23,-5,-20,-7,-16,-9,-12,-11,-7,-13,-3,-15,1,-18,4,-21,6,-23,8,-26,8,-28,8,-30,6,-31,5,-31,2,-31,0,-29,-3,-26,-5,-21,-6,-17]"
CSI_DATA,226734,d8:b1:90:db:e8:90,-51,11,1,6,0,0,1,0,0,0,1,-96,0,4,0,-789903592,0,100,0,128,1,"[100,-64,5,0,-5,8,-1,12,4,15,9,17,13,19,16,20,19,20,21,19,23,17,23,16,23,14,21,14,18,13,15,14,12,14,8,15,4,17,1,19,-3,20,-5,21,-6,22,-8,22,-9,22,-9,22,-8,21,-2,5,0,0,0,0,0,0,0,0,0,0,0,0,0,0,0,0,0,0,-5,2,-18,8,-19,9,-21,9,-23,9,-24,9,-24,9,-23,8,-22,6,-21,4,-18,0,-16,-3,-14,-7,-12,-11,-10,-15,-9,-19,-9,-22,-10,-25,-11,-27,-12,-28,-14,-28,-15,-27,-16,-25,-17,-21,-17,-17,-16,-13,-15,-9]"
CSI_DATA,226735,d8:b1:90:db:e8:90,-51,11,1,6,0,0,1,0,0,0,1,-96,0,4,0,-789893094,0,100,0,128,1,"[100,-64,5,0,9,-5,8,-11,7,-16,5,-21,3,-25,0,-28,-2,-30,-5,-30,-7,-30,-8,-29,-8,-28,-7,-26,-6,-24,-3,-22,1,-19,4,-17,8,-15,12,-13,15,-12,18,-11,20,-10,22,-9,23,-9,23,-8,22,-8,5,-2,0,0,0,0,0,0,0,0,0,0,0,0,0,0,0,0,0,0,4,-1,19,0,21,0,23,1,24,1,25,2,25,2,24,3,22,4,19,5,15,7,11,9,7,11,3,14,-1,16,-4,20,-6,22,-8,25,-8,27,-8,29,-6,30,-4,31,-2,30,1,27,3,24,5,20,7,16]"
CSI_DATA,226736,d8:b1:90:db:e8:90,-51,11,1,6,0,0,1,0,0,0,1,-96,0,4,0,-789881184,0,100,0,128,1,"[100,-64,5,0,-12,0,-13,6,-13,12,-13,17,-12,22,-10,25,-9,27,-7,29,-5,29,-4,29,-3,28,-3,26,-4,23,-6,21,-8,17,-11,14,-14,11,-17,8,-20,5,-22,3,-24,2,-25,1,-25,0,-25,0,-25,-1,-7,-1,0,0,0,0,0,0,0,0,0,0,0,0,0,0,0,0,0,0,-5,-2,-20,-6,-21,-7,-23,-8,-24,-9,-25,-10,-25,-10,-23,-10,-21,-11,-18,-12,-14,-13,-9,-13,-5,-15,0,-16,4,-18,8,-20,11,-22,13,-24,14,-26,14,-28,13,-29,12,-29,9,-29,6,-28,2,-25,-1,-22,-3,-19]"
CSI_DATA,226737,d8:b1:90:db:e8:90,-51,11,1,6,0,0,1,0,0,0,1,-96,0,4,0,-789869174,0,100,0,128,1,"[100,-64,5,0,-7,9,-3,13,1,17,5,20,9,22,13,24,16,24,19,23,20,22,21,20,20,19,18,18,16,17,13,17,9,17,4,17,0,17,-4,18,-8,18,-11,19,-13,19,-15,20,-16,20,-16,19,-16,19,-4,4,0,0,0,0,0,0,0,0,0,0,0,0,0,0,0,0,0,0,-5,2,-18,9,-20,10,-21,10,-23,11,-24,11,-24,10,-23,9,-22,7,-21,5,-18,1,-16,-3,-14,-7,-12,-11,-10,-15,-9,-19,-9,-23,-9,-26,-10,-28,-11,-29,-13,-30,-14,-29,-16,-27,-17,-24,-18,-19,-17,-14,-16,-10]"
CSI_DATA,226738,d8:b1:90:db:e8:90,-51,11,1,6,0,0,1,0,0,0,1,-96,0,4,0,-789856848,0,100,0,128,1,"[100,-64,5,0,-10,5,-9,11,-6,16,-4,21,-1,24,2,27,4,28,7,29,9,28,10,27,10,26,9,24,7,22,4,21,0,19,-4,17,-8,16,-12,14,-15,13,-18,12,-21,11,-23,11,-23,10,-23,10,-23,10,-6,2,0,0,0,0,0,0,0,0,0,0,0,0,0,0,0,0,0,0,-5,1,-20,4,-22,4,-24,4,-25,3,-26,3,-26,2,-25,1,-24,0,-21,-2,-18,-5,-15,-8,-11,-11,-7,-14,-4,-18,-2,-21,0,-24,1,-27,1,-30,0,-31,-1,-32,-3,-32,-5,-30,-8,-28,-10,-24,-11,-19,-11,-16]"
CSI_DATA,226739,d8:b1:90:db:e8:90,-52,11,1,6,0,0,1,0,0,0,1,-96,0,4,0,-789845868,0,100,0,128,1,"[100,-64,5,0,7,-5,5,-10,3,-14,1,-18,-1,-21,-3,-22,-5,-23,-7,-24,-9,-24,-10,-23,-9,-22,-8,-20,-7,-19,-4,-17,-1,-16,2,-15,5,-14,8,-13,11,-12,14,-11,16,-10,17,-10,17,-10,17,-10,17,-9,4,-3,0,0,0,0,0,0,0,0,0,0,0,0,0,0,0,0,0,0,3,-2,14,-5,16,-5,18,-5,19,-5,19,-5,19,-4,19,-3,18,-2,16,0,14,2,11,4,8,7,6,10,3,13,1,16,0,18,0,21,0,23,0,24,1,24,3,24,4,23,6,21,8,18,9,14,9,11]"
CSI_DATA,226740,d8:b1:90:db:e8:90,-51,11,1,7,0,0,1,0,0,0,1,-96,0,4,0,-789822354,0,100,0,128,1,"[100,-64,5,0,-8,-24,-8,-24,-8,-24,-8,-23,-8,-23,-8,-22,-8,-22,-9,-21,-9,-21,-9,-21,-9,-21,-9,-21,-9,-21,-9,-21,-9,-20,-9,-20,-9,-20,-9,-20,-8,-19,-7,-19,-7,-19,-6,-19,-6,-19,-5,-19,-5,-18,-2,-5,0,0,0,0,0,0,0,0,0,0,0,0,0,0,0,0,0,0,-2,-4,-8,-16,-7,-17,-7,-18,-6,-18,-6,-19,-6,-19,-5,-20,-5,-21,-5,-21,-5,-22,-5,-22,-5,-23,-5,-23,-5,-23,-4,-22,-4,-22,-5,-22,-5,-22,-6,-23,-6,-23,-7,-24,-7,-24,-7,-24,-7,-24,-8,-24,-8,-24]"
CSI_DATA,226741,d8:b1:90:db:e8:90,-51,11,1,7,0,0,1,0,0,0,1,-96,0,4,0,-789812354,0,100,0,128,1,"[100,-64,5,0,21,10,21,10,21,9,20,9,20,9,20,8,20,8,20,7,19,7,19,6,20,6,20,6,20,6,20,6,19,6,19,6,19,6,18,6,18,6,18,6,17,7,17,6,16,7,15,8,15,9,3,2,0,0,0,0,0,0,0,0,0,0,0,0,0,0,0,0,0,0,3,1,15,6,15,6,15,7,15,8,15,8,15,9,16,9,16,10,16,11,17,11,17,11,17,11,17,12,17,12,17,11,17,11,17,11,18,11,18,11,19,11,20,11,20,10,20,10,20,10,21,10,21,10]"
CSI_DATA,226742,d8:b1:90:db:e8:90,-51,11,1,7,0,0,1,0,0,0,1,-96,0,4,0,-789799398,0,100,0,128,1,"[100,-64,5,0,-19,17,-19,17,-19,18,-19,18,-18,18,-17,18,-17,18,-16,18,-16,18,-16,18,-15,18,-15,18,-15,18,-14,18,-14,18,-15,18,-15,18,-14,17,-14,17,-14,17,-15,16,-16,15,-16,14,-15,14,-15,12,-4,2,0,0,0,0,0,0,0,0,0,0,0,0,0,0,0,0,0,0,-3,3,-13,15,-13,14,-15,13,-15,13,-16,13,-17,13,-17,13,-18,14,-18,14,-19,13,-19,13,-19,13,-19,13,-19,13,-20,13,-20,14,-20,14,-20,14,-19,15,-19,15,-19,16,-19,16,-19,17,-19,17,-19,17,-20,18]"
CSI_DATA,226743,d8:b1:90:db:e8:90,-51,11,1,7,0,0,1,0,0,0,1,-96,0,4,0,-789788001,0,100,0,128,1,"[100,-64,5,0,-18,20,-17,19,-17,20,-16,20,-16,20,-15,20,-15,19,-14,19,-14,19,-13,19,-13,19,-13,19,-13,19,-12,19,-12,19,-13,19,-13,18,-14,18,-13,17,-13,16,-14,16,-14,16,-13,16,-13,16,-14,16,-4,4,0,0,0,0,0,0,0,0,0,0,0,0,0,0,0,0,0,0,-3,4,-10,17,-11,16,-12,16,-13,16,-13,16,-14,16,-15,16,-15,16,-16,16,-16,16,-17,16,-17,16,-17,16,-17,16,-17,16,-18,16,-18,17,-17,17,-17,17,-16,18,-16,18,-17,19,-16,19,-16,20,-17,20,-17,20]"
CSI_DATA,226744,d8:b1:90:db:e8:90,-51,11,1,5,0,0,1,0,1,0,0,-96,0,4,0,-789774100,0,100,0,128,1,"[100,-64,5,0,-9,6,-7,11,-5,16,-1,21,2,24,5,26,7,27,10,27,11,27,12,26,12,24,11,23,9,21,6,20,2,18,-2,17,-6,16,-10,14,-14,13,-17,13,-20,13,-22,13,-23,12,-22,11,-20,10,-5,2,0,0,0,0,0,0,0,0,0,0,0,0,0,0,0,0,0,0,-5,1,-20,4,-22,4,-24,4,-25,4,-26,4,-26,3,-25,2,-23,1,-21,-1,-18,-4,-14,-7,-11,-10,-8,-14,-4,-17,-2,-21,-1,-24,0,-27,0,-30,-1,-31,-2,-32,-4,-31,-6,-29,-8,-27,-10,-23,-11,-18,-11,-15]"
CSI_DATA,226745,d8:b1:90:db:e8:90,-51,11,1,7,0,0,1,0,0,0,1,-96,0,4,0,-789756959,0,100,0,128,1,"[100,-64,5,0,26,4,25,4,25,4,25,4,24,3,24,3,24,2,24,2,24,1,23,1,23,0,23,0,23,0,23,0,23,0,23,0,22,0,22,1,21,1,21,1,21,2,20,2,19,3,19,4,18,5,4,1,0,0,0,0,0,0,0,0,0,0,0,0,0,0,0,0,0,0,4,-1,19,0,19,1,19,1,19,2,19,2,20,3,21,3,22,4,22,4,22,5,23,5,23,6,23,6,23,6,23,7,23,6,23,6,24,6,24,6,24,5,24,5,24,4,25,4,25,4,25,4,26,4]"
CSI_DATA,226746,d8:b1:90:db:e8:90,-51,11,1,7,0,0,1,0,0,0,1,-96,0,4,0,-789738203,0,100,0,128,1,"[100,-64,5,0,-22,-20,-22,-20,-22,-19,-22,-18,-22,-17,-22,-17,-22,-16,-22,-15,-22,-15,-22,-15,-22,-14,-22,-14,-22,-14,-22,-14,-22,-14,-22,-14,-21,-14,-21,-15,-20,-14,-20,-14,-19,-14,-18,-14,-18,-15,-17,-15,-16,-16,-4,-4,0,0,0,0,0,0,0,0,0,0,0,0,0,0,0,0,0,0,-5,-3,-18,-12,-18,-14,-17,-15,-17,-16,-17,-16,-17,-17,-17,-18,-18,-18,-18,-18,-18,-19,-18,-19,-18,-19,-18,-20,-18,-20,-18,-20,-18,-20,-19,-20,-19,-21,-19,-21,-20,-21,-20,-21,-20,-20,-21,-20,-21,-19,-22,-20,-22,-20]"
CSI_DATA,226747,d8:b1:90:db:e8:90,-51,11,1,7,0,0,1,0,0,0,1,-96,0,4,0,-789711413,0,100,0,128,1,"[100,-64,5,0,24,8,24,8,24,7,24,7,24,6,24,5,24,5,23,4,23,4,23,4,23,3,23,2,23,2,22,2,22,3,22,3,22,3,21,4,21,4,20,4,20,4,19,5,19,5,18,6,18,7,4,1,0,0,0,0,0,0,0,0,0,0,0,0,0,0,0,0,0,0,4,0,17,3,18,4,18,5,18,6,18,7,19,7,19,8,20,8,20,9,20,9,20,10,20,11,20,11,20,11,20,10,20,10,21,10,21,9,22,9,22,9,23,9,23,8,23,8,24,8,24,8,25,8]"
CSI_DATA,226748,d8:b1:90:db:e8:90,-51,11,1,7,0,0,1,0,0,0,1,-96,0,4,0,-789700571,0,100,0,128,1,"[100,-64,5,0,-27,3,-26,3,-26,4,-26,4,-25,4,-25,5,-24,5,-24,5,-24,5,-23,5,-23,5,-23,5,-23,6,-23,6,-23,6,-23,5,-23,5,-22,5,-22,5,-21,5,-22,4,-23,3,-21,2,-20,1,-19,-1,-5,-1,0,0,0,0,0,0,0,0,0,0,0,0,0,0,0,0,0,0,-5,1,-19,4,-20,4,-20,3,-20,2,-21,2,-22,1,-22,1,-23,1,-23,1,-24,0,-24,-1,-24,-1,-24,-1,-24,-1,-24,-1,-25,0,-25,0,-25,0,-25,1,-26,2,-26,2,-26,2,-26,3,-26,3,-27,3,-28,3]"
CSI_DATA,226749,d8:b1:90:db:e8:90,-51,11,1,7,0,0,1,0,0,0,1,-96,0,4,0,-789690348,0,100,0,128,1,"[100,-64,5,0,21,-16,21,-16,20,-16,20,-16,20,-16,19,-16,18,-16,18,-16,17,-16,17,-16,17,-17,16,-17,16,-17,16,-17,16,-17,16,-17,16,-16,17,-16,17,-15,16,-14,17,-14,17,-13,16,-12,15,-11,17,-11,4,-3,0,0,0,0,0,0,0,0,0,0,0,0,0,0,0,0,0,0,3,-4,14,-13,15,-13,15,-12,16,-12,17,-11,18,-11,19,-11,19,-11,20,-11,20,-11,20,-11,21,-11,21,-11,21,-11,21,-11,21,-12,21,-12,21,-13,21,-13,21,-14,21,-14,21,-15,21,-15,21,-15,21,-16,22,-17]"
CSI_DATA,226750,d8:b1:90:db:e8:90,-52,11,1,7,0,0,1,0,0,0,1,-96,0,4,0,-789679223,0,100,0,128,1,"[100,-64,5,0,6,-28,6,-28,6,-27,6,-27,5,-27,5,-26,4,-26,4,-26,4,-26,3,-26,3,-26,3,-25,3,-25,3,-25,2,-25,2,-25,2,-24,3,-24,3,-23,3,-23,3,-22,4,-22,5,-22,6,-21,7,-21,1,-6,0,0,0,0,0,0,0,0,0,0,0,0,0,0,0,0,0,0,0,-6,2,-21,3,-21,4,-21,5,-22,5,-22,6,-22,7,-22,7,-23,8,-23,8,-23,9,-23,9,-23,9,-23,9,-24,10,-23,10,-24,10,-24,9,-25,9,-25,8,-25,8,-26,7,-27,6,-27,6,-27,6,-28,7,-29]"
CSI_DATA,226751,d8:b1:90:db:e8:90,-52,11,1,7,0,0,1,0,0,0,1,-96,0,4,0,-789669139,0,100,0,128,1,"[100,-64,5,0,24,13,24,13,24,12,23,12,23,12,23,11,23,11,23,11,22,10,23,9,23,9,23,9,23,9,22,8,22,8,22,8,22,8,21,8,21,8,20,9,19,9,19,8,18,9,18,11,17,12,4,3,0,0,0,0,0,0,0,0,0,0,0,0,0,0,0,0,0,0,4,1,19,8,19,9,18,10,18,10,18,11,18,12,18,12,18,13,19,13,19,14,19,14,19,14,19,14,19,15,19,16,19,16,19,16,20,15,20,15,21,15,22,15,22,14,23,13,23,13,24,13,25,13]"
CSI_DATA,226752,d8:b1:90:db:e8:90,-51,11,1,7,0,0,1,0,0,0,1,-96,0,4,0,-789658500,0,100,0,128,1,"[100,-64,5,0,18,-16,18,-16,17,-16,17,-16,16,-16,16,-16,15,-16,15,-16,15,-16,15,-16,14,-16,14,-16,14,-16,14,-16,14,-16,14,-15,14,-15,14,-15,14,-14,14,-14,14,-13,14,-12,14,-11,14,-11,14,-10,3,-3,0,0,0,0,0,0,0,0,0,0,0,0,0,0,0,0,0,0,3,-4,12,-12,12,-12,13,-12,14,-11,14,-11,15,-11,15,-11,16,-12,17,-12,17,-12,17,-12,17,-12,17,-12,17,-12,17,-12,17,-13,17,-13,17,-14,17,-14,16,-14,17,-15,17,-15,17,-16,17,-16,18,-16,18,-16]"
CSI_DATA,226753,d8:b1:90:db:e8:90,-51,11,1,7,0,0,1,0,0,0,1,-96,0,4,0,-789645120,0,100,0,128,1,"[100,-64,5,0,8,-23,8,-23,7,-23,7,-23,7,-22,6,-22,6,-21,6,-21,6,-21,5,-21,5,-21,4,-21,4,-21,4,-21,4,-21,5,-20,5,-20,5,-20,5,-19,5,-19,6,-19,6,-18,7,-17,7,-17,8,-16,2,-4,0,0,0,0,0,0,0,0,0,0,0,0,0,0,0,0,0,0,1,-5,5,-17,6,-17,7,-16,7,-16,8,-17,8,-17,9,-18,9,-18,10,-18,10,-18,10,-18,10,-18,10,-18,10,-19,10,-19,9,-19,9,-20,9,-20,8,-20,8,-20,8,-21,8,-21,8,-22,8,-22,8,-23,8,-23]"
CSI_DATA,226754,d8:b1:90:db:e8:90,-52,11,1,7,0,0,1,0,0,0,1,-96,0,4,0,-789614885,0,100,0,128,1,"[100,-64,5,0,28,-1,28,-2,28,-2,28,-2,28,-2,27,-3,27,-4,26,-4,26,-4,26,-5,25,-5,25,-5,25,-5,25,-5,25,-4,25,-4,24,-3,24,-3,24,-2,23,-2,23,-2,22,-1,22,0,22,1,22,2,5,0,0,0,0,0,0,0,0,0,0,0,0,0,0,0,0,0,0,0,1,0,5,0,9,0,17,-1,21,-1,22,-1,22,0,22,0,23,1,24,2,24,2,24,2,25,3,25,3,25,3,25,2,25,2,25,1,26,1,26,1,26,0,26,0,27,-1,27,-1,28,-1,28,-1,28,-1]"
CSI_DATA,226755,d8:b1:90:db:e8:90,-51,11,1,7,0,0,1,0,0,0,1,-96,0,4,0,-789602158,0,100,0,128,1,"[100,-64,5,0,17,19,17,19,17,18,17,18,17,18,17,17,17,17,17,16,17,16,17,15,17,15,17,15,16,15,16,15,16,15,15,15,15,16,15,15,15,15,14,15,13,15,13,15,12,16,11,16,11,15,2,3,0,0,0,0,0,0,0,0,0,0,0,0,0,0,0,0,0,0,0,0,3,3,5,5,11,11,14,14,14,14,14,15,13,15,13,16,13,16,13,17,13,18,13,19,12,19,13,19,13,19,14,18,14,18,14,18,15,18,15,18,16,18,16,18,16,18,16,18,17,19,17,19]"
CSI_DATA,226756,d8:b1:90:db:e8:90,-51,11,1,7,0,0,1,0,0,0,1,-96,0,4,0,-789589393,0,100,0,128,1,"[100,-64,5,0,-20,17,-20,17,-20,17,-19,17,-19,17,-18,17,-17,17,-17,17,-16,17,-16,17,-16,17,-16,18,-16,18,-16,18,-16,17,-15,17,-15,17,-15,17,-15,17,-15,16,-15,16,-14,15,-15,14,-16,13,-15,13,-4,3,0,0,0,0,0,0,0,0,0,0,0,0,0,0,0,0,0,0,-3,3,-12,15,-13,15,-14,14,-15,14,-16,14,-17,14,-17,14,-18,14,-18,14,-19,14,-19,13,-19,13,-20,13,-20,13,-20,14,-20,14,-20,14,-20,15,-19,15,-19,15,-19,16,-19,16,-20,17,-20,17,-20,18,-21,18]"
CSI_DATA,226757,d8:b1:90:db:e8:90,-52,11,1,7,0,0,1,0,0,0,1,-96,0,4,0,-789577070,0,100,0,128,1,"[100,-64,5,0,-11,27,-11,27,-10,26,-10,26,-9,26,-8,26,-8,25,-7,24,-7,24,-6,24,-6,24,-5,24,-5,25,-5,24,-5,24,-5,24,-5,23,-5,23,-6,22,-6,22,-6,22,-7,21,-7,20,-8,20,-9,20,-3,5,0,0,0,0,0,0,0,0,0,0,0,0,0,0,0,0,0,0,-2,5,-6,20,-7,20,-9,20,-10,20,-10,20,-11,20,-11,21,-12,21,-12,21,-13,22,-13,22,-13,22,-13,22,-14,22,-14,22,-14,22,-14,22,-13,23,-13,23,-12,23,-12,24,-12,24,-11,25,-11,26,-11,26,-11,27]"
CSI_DATA,226758,d8:b1:90:db:e8:90,-51,11,1,7,0,0,1,0,0,0,1,-96,0,4,0,-789564490,0,100,0,128,1,"[100,-64,5,0,24,12,23,12,23,12,23,12,23,11,23,10,23,10,22,9,22,9,22,9,22,8,22,7,22,7,22,7,22,7,22,8,21,8,20,8,20,8,19,8,19,8,19,8,18,8,18,9,17,10,4,2,0,0,0,0,0,0,0,0,0,0,0,0,0,0,0,0,0,0,4,1,19,6,18,7,18,8,18,9,18,10,18,11,19,11,19,12,19,12,19,13,19,13,19,13,19,14,19,14,19,14,20,14,20,14,20,13,20,13,20,13,21,13,22,13,22,13,23,13,23,13,24,13]"
CSI_DATA,226759,d8:b1:90:db:e8:90,-51,11,1,5,0,0,1,0,1,0,0,-96,0,4,0,-789535754,0,100,0,128,1,"[100,-64,5,0,9,-4,9,-11,7,-17,5,-23,3,-27,0,-30,-3,-32,-5,-33,-7,-33,-9,-32,-9,-31,-9,-29,-7,-27,-4,-24,0,-22,4,-20,8,-19,12,-17,16,-16,19,-16,21,-15,23,-15,23,-14,23,-14,23,-13,5,-4,0,0,0,0,0,0,0,0,0,0,0,0,0,0,0,0,0,0,4,1,20,6,22,7,24,9,25,10,26,10,26,11,25,11,22,11,19,12,15,13,10,14,5,15,1,17,-4,19,-8,22,-11,24,-12,27,-13,29,-12,31,-11,32,-9,33,-6,32,-3,30,1,27,4,22,5,18]"
CSI_DATA,226760,d8:b1:90:db:e8:90,-51,11,1,7,0,0,1,0,0,0,1,-96,0,4,0,-789525457,0,100,0,128,1,"[100,-64,5,0,-9,-26,-9,-26,-9,-25,-9,-25,-9,-24,-9,-23,-10,-23,-10,-23,-11,-22,-11,-22,-12,-21,-12,-21,-12,-21,-12,-21,-12,-21,-11,-21,-10,-21,-9,-21,-9,-21,-8,-20,-8,-20,-7,-20,-7,-19,-6,-20,-5,-20,-2,-5,0,0,0,0,0,0,0,0,0,0,0,0,0,0,0,0,0,0,-2,-5,-8,-18,-7,-19,-6,-19,-6,-20,-6,-20,-5,-21,-5,-21,-5,-22,-5,-22,-5,-23,-4,-23,-4,-23,-4,-24,-5,-24,-4,-24,-5,-23,-5,-23,-5,-24,-6,-24,-6,-24,-7,-24,-7,-25,-8,-25,-9,-25,-9,-25,-9,-26]"
CSI_DATA,226761,d8:b1:90:db:e8:90,-51,11,1,7,0,0,1,0,0,0,1,-96,0,4,0,-789495015,0,100,0,128,1,"[100,-64,5,0,22,-19,21,-19,20,-19,20,-19,19,-20,18,-20,18,-20,17,-20,16,-20,16,-21,15,-21,15,-20,15,-20,15,-21,15,-21,15,-20,15,-20,15,-20,15,-19,15,-18,15,-17,14,-15,15,-14,16,-14,16,-13,4,-4,0,0,0,0,0,0,0,0,0,0,0,0,0,0,0,0,0,0,3,-4,14,-15,15,-14,16,-14,16,-13,17,-13,18,-13,19,-14,20,-14,20,-14,21,-14,21,-14,21,-14,21,-14,21,-14,21,-14,21,-14,21,-15,21,-16,21,-16,20,-17,20,-18,21,-18,20,-18,20,-18,21,-19,21,-19]"
CSI_DATA,226762,d8:b1:90:db:e8:90,-51,11,1,7,0,0,1,0,0,0,1,-96,0,4,0,-789480784,0,100,0,128,1,"[100,-64,5,0,21,15,21,14,20,14,20,13,20,12,20,12,20,11,20,11,20,11,21,10,21,10,21,9,21,9,20,9,20,9,20,9,20,9,19,9,19,9,18,10,17,10,16,10,16,10,15,11,14,11,3,3,0,0,0,0,0,0,0,0,0,0,0,0,0,0,0,0,0,0,4,2,17,8,16,9,15,11,15,12,15,12,15,13,15,14,16,14,16,15,16,15,16,16,16,16,16,17,16,16,16,16,16,15,16,16,17,15,18,15,19,15,19,15,20,14,20,14,20,14,21,14,21,15]"
CSI_DATA,226763,d8:b1:90:db:e8:90,-52,11,1,7,0,0,1,0,0,0,1,-96,0,4,0,-789467491,0,100,0,128,1,"[100,-64,5,0,27,8,26,8,26,7,26,7,26,6,26,6,26,5,25,5,25,4,25,3,25,3,25,3,25,3,25,3,24,3,24,3,24,3,23,4,23,4,22,4,22,5,21,5,21,6,20,7,19,8,4,2,0,0,0,0,0,0,0,0,0,0,0,0,0,0,0,0,0,0,5,0,21,2,21,4,20,5,20,6,21,7,21,7,21,8,22,9,22,10,22,10,22,11,22,11,23,11,23,11,23,11,23,10,23,10,24,10,25,9,25,9,25,8,26,8,26,8,26,8,27,8,27,8]"
CSI_DATA,226764,d8:b1:90:db:e8:90,-51,11,1,7,0,0,1,0,0,0,1,-96,0,4,0,-789452594,0,100,0,128,1,"[100,-64,5,0,-7,28,-6,28,-6,28,-5,28,-5,28,-4,27,-3,27,-3,27,-2,26,-2,26,-1,26,-1,26,-1,26,-1,26,-1,26,-1,26,-1,25,-2,25,-2,24,-3,23,-3,23,-4,22,-5,22,-5,22,-6,22,-2,5,0,0,0,0,0,0,0,0,0,0,0,0,0,0,0,0,0,0,-1,5,-2,21,-3,21,-5,21,-6,21,-6,22,-7,22,-8,23,-9,23,-9,23,-10,24,-10,24,-10,24,-10,24,-10,24,-10,25,-10,25,-9,25,-9,25,-8,26,-7,26,-7,27,-7,27,-7,28,-6,28,-6,28,-6,29]"
CSI_DATA,226765,d8:b1:90:db:e8:90,-52,11,1,7,0,0,1,0,0,0,1,-96,0,4,0,-789440111,0,100,0,128,1,"[100,-64,5,0,15,-24,15,-24,15,-24,14,-24,14,-24,13,-24,12,-24,12,-24,11,-24,11,-24,10,-24,10,-24,10,-24,10,-24,10,-24,10,-23,10,-23,10,-23,10,-22,11,-21,11,-21,11,-20,12,-19,12,-18,12,-17,3,-5,0,0,0,0,0,0,0,0,0,0,0,0,0,0,0,0,0,0,2,-5,8,-20,9,-19,11,-19,11,-19,11,-19,12,-19,13,-19,14,-19,14,-20,15,-20,16,-20,16,-19,16,-20,17,-20,16,-20,16,-20,16,-21,16,-21,16,-22,16,-23,15,-23,15,-24,15,-23,15,-24,15,-24,16,-25]"
CSI_DATA,226766,d8:b1:90:db:e8:90,-51,11,1,7,0,0,1,0,0,0,1,-96,0,4,0,-789429455,0,100,0,128,1,"[100,-64,5,0,27,9,27,9,26,9,26,8,26,8,26,7,26,6,26,6,25,5,25,4,25,4,25,3,25,3,25,3,25,3,25,3,25,4,25,4,24,4,23,5,23,5,22,5,22,6,21,6,20,7,5,2,0,0,0,0,0,0,0,0,0,0,0,0,0,0,0,0,0,0,5,1,20,4,20,5,20,7,20,8,20,8,20,9,21,10,21,10,21,11,22,12,22,12,22,13,22,13,22,13,23,12,23,12,23,11,24,11,25,11,25,11,26,10,26,10,26,10,26,10,26,10,27,10]"
CSI_DATA,226767,d8:b1:90:db:e8:90,-51,11,1,7,0,0,1,0,0,0,1,-96,0,4,0,-789408531,0,100,0,128,1,"[100,-64,5,0,-1,-27,-1,-27,-1,-26,-2,-26,-2,-26,-3,-25,-3,-25,-3,-25,-3,-25,-3,-25,-4,-24,-4,-24,-4,-24,-4,-24,-4,-24,-4,-24,-4,-23,-3,-23,-3,-22,-3,-21,-2,-21,-1,-21,-1,-21,0,-21,1,-21,0,-6,0,0,0,0,0,0,0,0,0,0,0,0,0,0,0,0,0,0,-1,-5,-2,-20,-1,-20,0,-20,0,-21,1,-21,1,-21,2,-22,2,-22,2,-23,3,-24,4,-24,5,-24,5,-24,4,-25,4,-24,4,-24,3,-25,3,-25,2,-26,1,-26,0,-26,0,-26,0,-26,-1,-27,-1,-27,-1,-27]"
CSI_DATA,226768,d8:b1:90:db:e8:90,-51,11,1,7,0,0,1,0,0,0,1,-96,0,4,0,-789397242,0,100,0,128,1,"[100,-64,5,0,-11,24,-13,19,-16,19,-14,18,-14,14,-17,16,-16,16,-18,10,-22,10,-19,12,-18,8,-21,7,-18,5,-19,0,-23,2,-20,2,-21,-4,-24,-5,-18,-6,-15,-10,-18,-10,-13,-8,-10,-14,-13,-15,-12,-12,-3,-3,0,0,0,0,0,0,0,0,0,0,0,0,0,0,0,0,0,0,3,-4,12,-13,14,-9,16,-7,16,-7,16,-5,18,-3,18,-2,18,2,19,4,19,5,18,8,19,9,17,10,16,13,16,13,13,14,13,17,12,18,9,20,8,22,7,20,2,21,2,22,2,21,-2,23,-1,26]"
CSI_DATA,226769,d8:b1:90:db:e8:90,-52,11,1,5,0,0,1,0,1,0,0,-96,0,4,0,-789380292,0,100,0,128,1,"[100,-64,5,0,0,8,5,9,9,10,13,10,17,9,20,8,22,7,23,5,23,4,23,3,22,2,20,2,18,3,16,5,14,6,11,9,8,11,6,13,4,15,2,17,1,18,0,19,-1,20,-1,20,-1,19,-1,4,0,0,0,0,0,0,0,0,0,0,0,0,0,0,0,0,0,0,-2,3,-6,14,-7,15,-8,16,-9,17,-9,18,-10,18,-10,17,-10,15,-10,13,-11,10,-11,6,-12,2,-13,-1,-14,-5,-15,-8,-17,-11,-18,-12,-20,-13,-21,-13,-22,-12,-23,-11,-23,-9,-22,-6,-20,-3,-17,-1,-15,1]"
CSI_DATA,226770,d8:b1:90:db:e8:90,-51,11,1,5,0,0,1,0,1,0,0,-96,0,4,0,-789367100,0,100,0,128,1,"[100,-64,5,0,5,-10,1,-14,-4,-18,-8,-21,-12,-23,-16,-23,-19,-23,-21,-23,-23,-22,-23,-20,-22,-19,-20,-18,-18,-17,-14,-17,-10,-17,-6,-18,-2,-18,2,-19,5,-20,9,-21,11,-21,13,-21,13,-21,14,-21,14,-20,3,-5,0,0,0,0,0,0,0,0,0,0,0,0,0,0,0,0,0,0,3,-3,15,-13,17,-14,19,-14,20,-15,21,-15,21,-14,21,-13,20,-11,19,-8,17,-4,15,0,13,4,12,8,11,13,10,17,10,21,11,24,12,26,13,27,15,27,17,26,18,24,18,21,18,16,17,12,16,8]"
CSI_DATA,226771,d8:b1:90:db:e8:90,-52,11,1,5,0,0,1,0,1,0,0,-96,0,4,0,-789347149,0,100,0,128,1,"[100,-64,5,0,-8,3,-7,8,-5,12,-4,16,-1,19,1,21,3,22,5,22,6,22,7,21,7,20,6,19,5,18,3,17,0,15,-3,14,-6,14,-9,13,-11,12,-13,12,-15,11,-17,11,-17,11,-17,10,-17,10,-5,2,0,0,0,0,0,0,0,0,0,0,0,0,0,0,0,0,0,0,-4,-1,-15,-3,-17,-3,-18,-4,-19,-4,-20,-5,-20,-5,-19,-5,-18,-6,-15,-7,-13,-8,-10,-10,-7,-11,-3,-13,-1,-15,2,-17,3,-19,4,-21,4,-23,4,-24,3,-25,1,-25,-1,-24,-3,-22,-4,-19,-6,-16,-7,-13]"
CSI_DATA,226772,d8:b1:90:db:e8:90,-51,11,1,7,0,0,1,0,0,0,1,-96,0,4,0,-789314990,0,100,0,128,1,"[100,-64,5,0,26,5,25,5,25,4,25,4,25,4,25,3,25,2,24,2,24,1,24,1,24,0,24,0,24,0,24,0,23,0,23,1,23,1,22,1,22,2,22,2,21,2,21,2,20,3,19,4,19,4,4,1,0,0,0,0,0,0,0,0,0,0,0,0,0,0,0,0,0,0,5,0,20,2,19,3,19,3,19,4,20,4,20,5,21,6,21,6,21,6,22,7,21,7,21,7,22,8,22,7,22,7,22,7,23,7,23,7,24,7,24,7,24,6,25,6,25,6,26,6,26,6,26,6]"
CSI_DATA,226773,d8:b1:90:db:e8:90,-51,11,1,7,0,0,1,0,0,0,1,-96,0,4,0,-789304361,0,100,0,128,1,"[100,-64,5,0,-23,-15,-23,-15,-23,-14,-22,-14,-23,-14,-23,-13,-23,-12,-23,-12,-23,-11,-23,-11,-23,-10,-22,-10,-22,-10,-22,-10,-22,-10,-22,-10,-22,-10,-21,-10,-21,-10,-20,-10,-20,-10,-19,-11,-18,-11,-17,-12,-17,-13,-4,-4,0,0,0,0,0,0,0,0,0,0,0,0,0,0,0,0,0,0,-5,-2,-18,-8,-18,-9,-18,-10,-18,-11,-18,-11,-18,-12,-19,-13,-19,-13,-19,-14,-19,-14,-19,-14,-19,-15,-19,-15,-19,-15,-19,-15,-19,-15,-20,-15,-20,-15,-21,-15,-21,-14,-22,-14,-22,-14,-22,-14,-22,-14,-22,-15,-23,-15]"
CSI_DATA,226774,d8:b1:90:db:e8:90,-51,11,1,7,0,0,1,0,0,0,1,-96,0,4,0,-789292037,0,100,0,128,1,"[100,-64,5,0,-27,-13,-27,-13,-27,-12,-27,-12,-27,-11,-26,-11,-26,-10,-26,-9,-26,-9,-26,-8,-26,-8,-26,-7,-26,-7,-26,-7,-26,-7,-25,-7,-25,-7,-24,-7,-24,-7,-24,-7,-24,-8,-23,-8,-23,-8,-21,-9,-20,-10,-5,-3,0,0,0,0,0,0,0,0,0,0,0,0,0,0,0,0,0,0,-5,-2,-20,-7,-20,-8,-20,-9,-20,-10,-21,-11,-21,-12,-21,-12,-21,-13,-22,-13,-22,-14,-22,-14,-22,-14,-22,-14,-23,-14,-22,-14,-22,-14,-23,-14,-23,-14,-24,-14,-25,-14,-25,-13,-26,-13,-25,-13,-26,-13,-26,-13,-26,-13]"
CSI_DATA,226775,d8:b1:90:db:e8:90,-51,11,1,7,0,0,1,0,0,0,1,-96,0,4,0,-789280458,0,100,0,128,1,"[100,-64,5,0,-12,-25,-12,-25,-12,-24,-12,-24,-12,-23,-12,-23,-13,-22,-13,-22,-13,-22,-14,-21,-14,-21,-14,-20,-14,-20,-14,-20,-14,-20,-13,-20,-13,-20,-12,-20,-12,-19,-11,-19,-11,-19,-10,-19,-9,-19,-8,-19,-7,-19,-2,-5,0,0,0,0,0,0,0,0,0,0,0,0,0,0,0,0,0,0,-3,-5,-11,-17,-10,-18,-10,-18,-9,-19,-9,-19,-8,-20,-8,-21,-8,-22,-8,-22,-7,-23,-7,-23,-7,-23,-7,-23,-8,-23,-8,-23,-8,-23,-9,-23,-9,-23,-9,-23,-9,-24,-10,-24,-10,-24,-10,-24,-11,-24,-11,-25,-11,-25]"
CSI_DATA,226776,d8:b1:90:db:e8:90,-52,11,1,7,0,0,1,0,0,0,1,-96,0,4,0,-789267913,0,100,0,128,1,"[100,-64,5,0,-12,-27,-12,-26,-13,-26,-13,-25,-13,-25,-14,-24,-14,-23,-14,-23,-14,-23,-15,-22,-15,-22,-15,-22,-15,-22,-15,-22,-15,-21,-14,-21,-14,-21,-13,-20,-13,-20,-13,-20,-12,-21,-12,-20,-11,-20,-10,-21,-9,-21,-3,-6,0,0,0,0,0,0,0,0,0,0,0,0,0,0,0,0,0,0,-3,-5,-12,-18,-11,-19,-10,-20,-10,-21,-9,-21,-9,-22,-9,-22,-8,-23,-8,-24,-8,-24,-7,-24,-7,-24,-7,-25,-8,-25,-8,-25,-8,-25,-9,-25,-10,-25,-10,-26,-10,-26,-11,-26,-11,-26,-12,-26,-12,-26,-12,-26,-12,-26]"
CSI_DATA,226777,d8:b1:90:db:e8:90,-51,11,1,7,0,0,1,0,0,0,1,-96,0,4,0,-789253781,0,100,0,128,1,"[100,-64,5,0,-18,-17,-17,-17,-17,-16,-17,-16,-18,-15,-18,-15,-18,-15,-17,-14,-17,-13,-18,-13,-18,-13,-18,-13,-18,-13,-18,-13,-17,-13,-17,-12,-17,-12,-16,-13,-16,-13,-16,-13,-16,-12,-15,-13,-14,-13,-13,-14,-13,-14,-3,-4,0,0,0,0,0,0,0,0,0,0,0,0,0,0,0,0,0,0,-4,-3,-15,-10,-15,-11,-14,-13,-14,-14,-14,-14,-14,-14,-14,-15,-14,-16,-14,-16,-14,-17,-13,-17,-13,-17,-13,-17,-14,-18,-14,-18,-14,-17,-15,-17,-15,-17,-16,-18,-16,-17,-17,-18,-17,-17,-17,-17,-17,-17,-17,-17,-17,-17]"
CSI_DATA,226778,d8:b1:90:db:e8:90,-52,11,1,7,0,0,1,0,0,0,1,-96,0,4,0,-789239360,0,100,0,128,1,"[100,-64,5,0,26,10,26,9,26,9,26,8,26,7,26,7,25,6,25,6,25,6,25,5,25,5,25,6,25,6,25,6,24,5,24,5,23,5,23,6,22,6,22,6,22,6,21,7,20,8,20,9,19,10,4,2,0,0,0,0,0,0,0,0,0,0,0,0,0,0,0,0,0,0,5,1,20,5,20,6,20,7,20,8,20,9,20,9,21,10,21,11,22,11,22,12,21,13,21,13,21,13,22,13,22,13,22,12,23,12,23,12,23,11,24,11,24,10,25,10,25,10,26,10,26,10,27,10]"
CSI_DATA,226779,d8:b1:90:db:e8:90,-51,11,1,7,0,0,1,0,0,0,1,-96,0,4,0,-789212625,0,100,0,128,1,"[100,-64,5,0,0,26,0,26,0,25,1,25,1,25,2,24,2,24,3,23,3,23,3,23,3,23,3,22,3,22,4,22,4,22,3,22,3,21,3,21,2,21,1,20,1,20,0,20,0,20,-1,20,-2,20,-1,4,0,0,0,0,0,0,0,0,0,0,0,0,0,0,0,0,0,0,0,4,1,19,1,19,0,19,0,19,-1,20,-2,20,-2,20,-3,20,-3,21,-4,22,-4,22,-4,22,-4,22,-4,23,-4,23,-3,23,-3,23,-3,23,-2,23,-1,24,-1,24,-1,25,-1,26,-1,26,-1,26,0,26]"
CSI_DATA,226780,d8:b1:90:db:e8:90,-51,11,1,7,0,0,1,0,0,0,1,-96,0,4,0,-789202073,0,100,0,128,1,"[100,-64,5,0,17,23,17,22,17,22,18,22,18,21,18,20,18,20,18,19,18,19,19,18,19,17,18,18,18,18,17,17,17,17,17,17,17,17,16,17,16,17,15,17,15,17,14,17,13,17,12,17,12,17,2,4,0,0,0,0,0,0,0,0,0,0,0,0,0,0,0,0,0,0,3,4,14,16,13,17,12,18,12,18,12,19,12,19,12,20,12,21,12,21,11,22,10,23,10,23,10,24,10,24,10,24,10,24,11,24,11,23,12,23,13,23,14,23,14,23,15,22,15,22,16,23,17,23]"
CSI_DATA,226781,d8:b1:90:db:e8:90,-51,11,1,7,0,0,1,0,0,0,1,-96,0,4,0,-789188778,0,100,0,128,1,"[100,-64,5,0,19,17,19,17,19,16,19,16,19,15,19,15,19,14,19,14,19,13,19,13,19,13,19,13,18,12,18,12,18,12,18,12,18,12,17,12,17,12,15,12,15,12,15,12,14,12,12,12,12,12,3,3,0,0,0,0,0,0,0,0,0,0,0,0,0,0,0,0,0,0,3,2,15,12,14,12,14,13,14,14,14,14,14,15,14,15,14,16,14,16,14,17,13,18,12,19,12,19,13,19,13,19,13,19,14,19,14,18,15,18,15,18,16,18,17,18,17,18,17,18,18,18,18,18]"
CSI_DATA,226782,d8:b1:90:db:e8:90,-51,11,1,7,0,0,1,0,0,0,1,-96,0,4,0,-789176605,0,100,0,128,1,"[100,-64,5,0,-11,-24,-11,-24,-11,-24,-11,-23,-12,-23,-12,-22,-12,-22,-12,-21,-12,-21,-13,-21,-13,-21,-13,-20,-13,-21,-13,-21,-13,-20,-12,-20,-12,-20,-11,-19,-11,-19,-10,-19,-10,-19,-9,-19,-8,-19,-7,-19,-6,-20,-2,-5,0,0,0,0,0,0,0,0,0,0,0,0,0,0,0,0,0,0,-3,-5,-9,-18,-9,-18,-8,-18,-8,-19,-8,-19,-7,-20,-7,-21,-7,-22,-7,-22,-6,-23,-6,-23,-6,-23,-6,-24,-6,-24,-7,-23,-7,-23,-7,-23,-8,-23,-8,-23,-9,-23,-10,-24,-10,-24,-11,-24,-11,-24,-11,-25,-11,-25]"
CSI_DATA,226783,d8:b1:90:db:e8:90,-51,11,1,7,0,0,1,0,0,0,1,-96,0,4,0,-789164009,0,100,0,128,1,"[100,-64,5,0,17,-24,16,-24,16,-24,15,-23,14,-23,14,-23,13,-23,12,-24,12,-24,12,-24,11,-23,11,-23,10,-23,10,-24,11,-23,11,-23,10,-23,10,-22,10,-22,10,-21,11,-20,11,-19,12,-19,12,-18,13,-18,3,-5,0,0,0,0,0,0,0,0,0,0,0,0,0,0,0,0,0,0,2,-5,10,-19,11,-19,11,-19,12,-18,12,-18,13,-19,15,-19,16,-19,16,-19,16,-19,17,-19,17,-19,17,-19,17,-19,17,-19,17,-20,17,-21,17,-21,17,-21,17,-21,17,-22,17,-23,17,-23,17,-23,17,-23,17,-24]"
CSI_DATA,226784,d8:b1:90:db:e8:90,-51,11,1,7,0,0,1,0,0,0,1,-96,0,4,0,-789153361,0,100,0,128,1,"[100,-64,5,0,18,-16,17,-16,17,-16,17,-16,16,-15,15,-15,15,-16,15,-16,14,-16,14,-17,13,-17,13,-17,13,-17,13,-17,13,-17,13,-16,13,-16,13,-15,12,-15,12,-14,13,-14,13,-13,13,-13,13,-12,13,-11,3,-3,0,0,0,0,0,0,0,0,0,0,0,0,0,0,0,0,0,0,2,-4,11,-14,12,-13,12,-13,12,-12,13,-12,14,-12,15,-12,16,-12,16,-12,17,-12,17,-13,17,-13,17,-13,17,-13,17,-12,17,-13,17,-13,17,-14,18,-14,17,-14,17,-14,18,-15,18,-15,18,-16,18,-16,18,-16]"
CSI_DATA,226785,d8:b1:90:db:e8:90,-51,11,1,7,0,0,1,0,0,0,1,-96,0,4,0,-789141738,0,100,0,128,1,"[100,-64,5,0,21,-11,21,-11,21,-11,20,-11,20,-11,19,-11,19,-12,18,-12,18,-12,18,-12,18,-12,18,-12,18,-12,18,-12,18,-12,18,-11,17,-11,17,-11,17,-11,16,-10,16,-10,16,-9,16,-8,16,-7,16,-6,4,-2,0,0,0,0,0,0,0,0,0,0,0,0,0,0,0,0,0,0,3,-3,15,-9,15,-9,15,-8,16,-8,16,-8,17,-7,18,-7,18,-7,19,-7,19,-7,20,-6,20,-6,20,-7,20,-7,20,-7,20,-7,20,-8,20,-8,20,-8,20,-8,20,-9,21,-9,21,-10,21,-10,21,-10,22,-10]"
CSI_DATA,226786,d8:b1:90:db:e8:90,-52,11,1,7,0,0,1,0,0,0,1,-96,0,4,0,-789130891,0,100,0,128,1,"[100,-64,5,0,-28,7,-28,7,-27,7,-27,7,-27,7,-26,8,-25,8,-25,8,-25,9,-25,9,-25,10,-24,10,-24,10,-24,10,-24,10,-23,10,-23,9,-23,9,-23,8,-23,8,-23,7,-22,7,-22,6,-22,5,-22,5,-6,1,0,0,0,0,0,0,0,0,0,0,0,0,0,0,0,0,0,0,-5,1,-21,5,-21,5,-22,4,-22,3,-22,3,-23,3,-24,3,-24,3,-25,3,-25,2,-25,2,-25,2,-25,2,-25,2,-26,2,-26,2,-27,3,-27,3,-27,4,-27,5,-27,5,-27,6,-28,6,-28,6,-29,6,-29,6]"
CSI_DATA,226787,d8:b1:90:db:e8:90,-51,11,1,7,0,0,1,0,0,0,1,-96,0,4,0,-789102497,0,100,0,128,1,"[100,-64,5,0,26,13,26,12,26,12,25,11,25,11,25,10,25,9,25,9,25,8,25,8,25,7,25,6,25,6,25,6,25,6,24,6,23,6,23,6,23,6,22,6,22,6,21,6,21,7,20,8,19,9,4,2,0,0,0,0,0,0,0,0,0,0,0,0,0,0,0,0,0,0,5,1,20,6,20,8,19,10,19,11,19,11,19,12,19,12,20,13,20,13,20,14,21,14,21,14,21,14,21,15,22,15,22,15,22,15,22,14,22,14,23,13,23,13,24,13,25,13,25,14,26,13,26,13]"
CSI_DATA,226788,d8:b1:90:db:e8:90,-51,11,1,7,0,0,1,0,0,0,1,-96,0,4,0,-789091376,0,100,0,128,1,"[100,-64,5,0,8,-27,8,-27,8,-26,7,-26,7,-25,6,-25,5,-25,5,-24,4,-24,4,-24,3,-24,3,-25,2,-25,2,-25,2,-25,3,-25,3,-25,3,-24,3,-23,4,-21,4,-20,5,-19,5,-19,4,-19,6,-21,1,-6,0,0,0,0,0,0,0,0,0,0,0,0,0,0,0,0,0,0,0,-6,2,-21,3,-21,4,-21,5,-21,5,-21,6,-21,7,-21,8,-22,8,-22,9,-22,10,-22,11,-22,11,-22,11,-22,11,-22,11,-22,11,-22,10,-23,10,-23,9,-24,9,-24,8,-25,8,-25,8,-26,8,-26,8,-26]"
CSI_DATA,226789,d8:b1:90:db:e8:90,-51,11,1,7,0,0,1,0,0,0,1,-96,0,4,0,-789079460,0,100,0,128,1,"[100,-64,5,0,-28,-3,-28,-3,-27,-3,-27,-2,-27,-1,-26,-1,-26,-1,-25,0,-24,0,-24,0,-24,1,-25,2,-25,2,-25,2,-24,2,-25,3,-24,2,-24,1,-23,0,-23,0,-23,0,-22,0,-21,0,-20,-2,-19,-3,-5,-1,0,0,0,0,0,0,0,0,0,0,0,0,0,0,0,0,0,0,-6,0,-21,1,-21,0,-21,-1,-22,-2,-22,-2,-22,-2,-23,-3,-23,-4,-24,-4,-24,-5,-24,-7,-23,-7,-24,-7,-24,-7,-24,-7,-24,-7,-24,-7,-24,-6,-25,-5,-25,-5,-26,-4,-26,-4,-26,-4,-27,-3,-27,-3,-27,-3]"
CSI_DATA,226790,d8:b1:90:db:e8:90,-51,11,1,7,0,0,1,0,0,0,1,-96,0,4,0,-789068612,0,100,0,128,1,"[100,-64,5,0,23,9,23,9,23,9,23,8,23,7,23,6,23,6,23,5,22,5,22,4,22,4,22,4,22,4,22,4,22,4,22,5,21,5,21,5,20,6,20,6,19,6,19,6,18,7,18,8,17,8,4,2,0,0,0,0,0,0,0,0,0,0,0,0,0,0,0,0,0,0,4,0,18,3,18,4,18,5,18,6,18,7,19,7,19,8,19,8,19,9,20,9,20,9,20,10,20,10,20,10,20,10,21,10,21,10,21,9,22,9,22,8,23,8,23,8,24,9,24,9,24,9,24,9]"
CSI_DATA,226791,d8:b1:90:db:e8:90,-51,11,1,7,0,0,1,0,0,0,1,-96,0,4,0,-789053412,0,100,0,128,1,"[100,-64,5,0,10,22,10,22,10,22,11,21,11,20,11,20,12,19,12,19,12,18,12,18,12,18,13,18,13,17,13,17,12,17,12,18,11,18,11,17,10,17,10,17,9,17,9,17,8,17,7,17,6,17,1,4,0,0,0,0,0,0,0,0,0,0,0,0,0,0,0,0,0,0,2,3,9,15,9,16,8,17,7,17,7,18,7,18,7,19,7,20,7,20,7,21,7,21,7,21,7,21,7,21,7,22,7,21,7,21,8,21,9,21,10,21,10,21,10,22,10,22,10,23,10,23,10,23]"
CSI_DATA,226792,d8:b1:90:db:e8:90,-51,11,1,7,0,0,1,0,0,0,1,-96,0,4,0,-789036168,0,100,0,128,1,"[100,-64,5,0,-27,-6,-27,-6,-27,-5,-26,-4,-26,-4,-26,-4,-25,-3,-25,-3,-25,-3,-25,-2,-25,-1,-25,-1,-25,0,-25,-1,-25,-1,-25,-1,-24,-2,-24,-2,-23,-3,-23,-3,-22,-3,-22,-3,-22,-4,-21,-4,-21,-5,-5,-2,0,0,0,0,0,0,0,0,0,0,0,0,0,0,0,0,0,0,-6,0,-21,-1,-21,-2,-21,-3,-21,-3,-21,-4,-22,-4,-23,-5,-23,-6,-24,-6,-24,-7,-24,-7,-24,-7,-24,-7,-24,-8,-24,-8,-24,-8,-25,-8,-25,-8,-25,-8,-26,-8,-26,-8,-27,-7,-27,-7,-27,-6,-28,-6,-28,-6]"
CSI_DATA,226793,d8:b1:90:db:e8:90,-51,11,1,7,0,0,1,0,0,0,1,-96,0,4,0,-789009196,0,100,0,128,1,"[100,-64,5,0,16,20,16,20,16,19,16,19,17,18,17,18,17,17,17,17,17,16,17,16,17,15,17,16,17,15,17,15,17,15,17,16,17,16,16,15,15,15,15,15,14,15,13,15,13,15,12,15,11,16,2,4,0,0,0,0,0,0,0,0,0,0,0,0,0,0,0,0,0,0,3,3,13,13,13,14,12,15,11,16,11,16,11,17,11,18,11,18,11,19,11,19,11,20,11,20,11,20,11,21,11,20,11,20,11,20,12,20,13,20,14,20,14,20,15,20,15,20,16,21,16,21,16,21]"
CSI_DATA,226794,d8:b1:90:db:e8:90,-51,11,1,7,0,0,1,0,0,0,1,-96,0,4,0,-788996022,0,100,0,128,1,"[100,-64,5,0,-13,22,-13,22,-13,22,-12,22,-11,22,-11,22,-11,22,-10,22,-9,22,-8,22,-8,22,-8,21,-8,21,-8,22,-8,22,-9,21,-8,21,-7,20,-8,20,-9,19,-9,18,-8,18,-9,18,-10,18,-10,18,-3,4,0,0,0,0,0,0,0,0,0,0,0,0,0,0,0,0,0,0,-2,4,-6,18,-7,18,-7,18,-8,18,-9,18,-10,18,-10,18,-11,19,-12,19,-12,19,-12,19,-13,19,-13,19,-13,19,-13,20,-13,20,-13,20,-13,20,-13,20,-13,21,-13,21,-13,22,-13,22,-12,23,-13,23,-13,23]"
CSI_DATA,226795,d8:b1:90:db:e8:90,-51,11,1,7,0,0,1,0,0,0,1,-96,0,4,0,-788980060,0,100,0,128,1,"[100,-64,5,0,-12,-24,-12,-24,-12,-24,-12,-23,-12,-23,-13,-22,-13,-22,-13,-21,-13,-21,-14,-20,-14,-20,-15,-20,-14,-20,-14,-20,-14,-20,-13,-19,-13,-19,-12,-19,-12,-19,-11,-19,-11,-18,-11,-18,-11,-18,-10,-18,-10,-19,-3,-5,0,0,0,0,0,0,0,0,0,0,0,0,0,0,0,0,0,0,-3,-4,-11,-17,-10,-17,-9,-18,-8,-18,-8,-18,-8,-19,-8,-20,-8,-21,-8,-21,-8,-22,-8,-22,-8,-23,-9,-23,-9,-23,-9,-23,-9,-22,-9,-22,-10,-22,-10,-23,-10,-23,-11,-23,-11,-23,-11,-23,-11,-23,-11,-23,-12,-24]"
CSI_DATA,226796,d8:b1:90:db:e8:90,-51,11,1,7,0,0,1,0,0,0,1,-96,0,4,0,-788970022,0,100,0,128,1,"[100,-64,5,0,23,-12,23,-12,22,-13,22,-13,22,-13,21,-13,21,-13,20,-13,19,-13,19,-14,19,-14,19,-14,19,-14,19,-14,19,-14,18,-14,18,-13,18,-13,17,-12,17,-12,17,-11,17,-10,17,-10,17,-9,17,-8,4,-2,0,0,0,0,0,0,0,0,0,0,0,0,0,0,0,0,0,0,3,-3,15,-12,16,-11,16,-10,16,-9,17,-9,18,-9,19,-9,20,-9,20,-9,20,-9,21,-9,21,-9,22,-9,22,-9,21,-9,21,-9,21,-10,21,-10,21,-10,22,-11,22,-11,22,-11,22,-11,22,-11,23,-12,23,-12]"
CSI_DATA,226797,d8:b1:90:db:e8:90,-51,11,1,7,0,0,1,0,0,0,1,-96,0,4,0,-788957892,0,100,0,128,1,"[100,-64,5,0,-27,-6,-27,-6,-27,-5,-26,-5,-26,-4,-26,-4,-26,-4,-25,-3,-25,-3,-25,-2,-25,-2,-25,-2,-25,-2,-25,-2,-25,-2,-24,-2,-23,-2,-23,-2,-23,-3,-23,-3,-22,-3,-22,-4,-21,-4,-21,-5,-21,-6,-6,-2,0,0,0,0,0,0,0,0,0,0,0,0,0,0,0,0,0,0,-6,-1,-21,-3,-20,-4,-20,-5,-21,-6,-21,-6,-21,-7,-22,-7,-22,-8,-22,-8,-23,-8,-23,-8,-23,-8,-23,-9,-24,-8,-23,-8,-24,-8,-24,-8,-24,-8,-25,-8,-25,-8,-26,-7,-26,-7,-26,-6,-26,-6,-27,-6,-27,-6]"
CSI_DATA,226798,d8:b1:90:db:e8:90,-51,11,1,7,0,0,1,0,0,0,1,-96,0,4,0,-788941757,0,100,0,128,1,"[100,-64,5,0,6,-29,5,-29,5,-28,5,-28,4,-28,4,-28,3,-28,3,-27,3,-27,2,-26,2,-26,1,-26,1,-26,1,-26,1,-26,1,-26,1,-25,2,-25,2,-24,2,-24,3,-23,3,-23,4,-22,5,-22,6,-22,1,-6,0,0,0,0,0,0,0,0,0,0,0,0,0,0,0,0,0,0,0,-6,3,-21,4,-21,5,-21,6,-22,6,-22,7,-22,7,-23,8,-23,8,-23,9,-24,9,-24,9,-25,9,-25,9,-25,9,-25,9,-24,9,-25,8,-25,8,-26,7,-27,7,-28,7,-28,7,-28,6,-28,6,-29,6,-29]"
CSI_DATA,226799,d8:b1:90:db:e8:90,-51,11,1,7,0,0,1,0,0,0,1,-96,0,4,0,-788930057,0,100,0,128,1,"[100,-64,5,0,-14,-23,-14,-22,-14,-22,-15,-22,-15,-21,-15,-21,-15,-20,-15,-20,-15,-20,-16,-19,-16,-19,-16,-19,-16,-18,-16,-18,-15,-18,-15,-18,-15,-18,-14,-18,-14,-18,-14,-18,-13,-18,-12,-18,-11,-18,-10,-18,-9,-18,-3,-5,0,0,0,0,0,0,0,0,0,0,0,0,0,0,0,0,0,0,-4,-4,-13,-16,-12,-16,-12,-17,-11,-18,-11,-19,-11,-19,-11,-19,-11,-20,-10,-21,-10,-21,-10,-22,-10,-22,-10,-22,-10,-22,-11,-23,-11,-23,-11,-23,-12,-23,-12,-23,-12,-23,-13,-23,-14,-23,-14,-23,-14,-22,-15,-23,-15,-23]"
CSI_DATA,226800,d8:b1:90:db:e8:90,-51,11,1,7,0,0,1,0,0,0,1,-96,0,4,0,-788904854,0,100,0,128,1,"[100,-64,5,0,4,28,4,28,4,27,5,27,5,27,5,26,6,26,6,25,6,25,7,25,7,25,8,24,8,24,8,24,8,24,8,24,7,24,7,23,6,23,6,23,5,23,4,22,3,22,2,22,1,22,0,5,0,0,0,0,0,0,0,0,0,0,0,0,0,0,0,0,0,0,1,5,5,20,4,21,3,21,2,22,2,22,1,23,1,23,1,23,0,24,0,25,0,25,0,25,0,25,0,26,0,26,1,26,1,27,1,27,1,27,2,27,3,27,3,27,4,27,4,28,4,28,4,29]"
CSI_DATA,226801,d8:b1:90:db:e8:90,-51,11,1,7,0,0,1,0,0,0,1,-96,0,4,0,-788894397,0,100,0,128,1,"[100,-64,5,0,29,-9,28,-9,28,-10,28,-10,27,-10,27,-11,26,-11,26,-11,25,-12,25,-12,25,-12,25,-12,24,-13,24,-13,24,-12,23,-12,23,-12,22,-11,22,-11,22,-11,21,-10,21,-9,22,-8,22,-7,22,-6,5,-2,0,0,0,0,0,0,0,0,0,0,0,0,0,0,0,0,0,0,4,-3,19,-10,20,-10,20,-9,21,-9,22,-8,23,-8,23,-8,24,-7,24,-7,25,-6,26,-6,26,-6,26,-6,26,-6,27,-6,27,-7,27,-8,27,-8,27,-8,27,-8,27,-9,28,-9,29,-10,29,-10,30,-10,30,-10]"
CSI_DATA,226802,d8:b1:90:db:e8:90,-51,11,1,7,0,0,1,0,0,0,1,-96,0,4,0,-788879688,0,100,0,128,1,"[100,-64,5,0,23,-13,22,-14,22,-14,22,-14,21,-14,21,-14,20,-14,20,-14,19,-14,19,-15,19,-15,19,-15,18,-16,18,-16,18,-15,18,-15,17,-14,17,-14,18,-13,19,-12,19,-10,19,-10,19,-9,18,-9,16,-8,4,-2,0,0,0,0,0,0,0,0,0,0,0,0,0,0,0,0,0,0,4,-3,16,-11,17,-11,17,-10,18,-10,18,-10,19,-9,19,-9,20,-8,20,-8,21,-8,21,-8,21,-8,21,-8,21,-8,21,-9,21,-9,22,-10,22,-10,21,-10,22,-11,22,-12,22,-12,23,-13,23,-13,23,-13,23,-14]"
CSI_DATA,226803,d8:b1:90:db:e8:90,-51,11,1,7,0,0,1,0,0,0,1,-96,0,4,0,-788865616,0,100,0,128,1,"[100,-64,5,0,-25,12,-25,12,-24,12,-23,12,-23,12,-23,13,-22,13,-22,13,-21,13,-21,14,-20,14,-20,14,-20,14,-20,13,-20,13,-20,13,-20,12,-20,12,-19,11,-19,10,-19,10,-19,9,-19,9,-19,8,-19,7,-5,1,0,0,0,0,0,0,0,0,0,0,0,0,0,0,0,0,0,0,-4,3,-16,12,-17,11,-18,10,-19,9,-19,9,-20,9,-20,8,-20,8,-21,8,-22,8,-22,8,-23,8,-23,8,-23,8,-23,8,-23,8,-23,9,-23,9,-23,10,-23,10,-23,11,-23,11,-24,12,-24,12,-25,12,-25,12]"
CSI_DATA,226804,d8:b1:90:db:e8:90,-51,11,1,7,0,0,1,0,0,0,1,-96,0,4,0,-788855341,0,100,0,128,1,"[100,-64,5,0,26,-3,26,-3,26,-3,25,-4,25,-4,24,-5,24,-5,24,-6,23,-6,23,-6,23,-6,23,-6,22,-6,22,-6,22,-6,22,-6,22,-5,21,-5,21,-4,20,-4,20,-4,19,-3,19,-2,19,-1,19,0,4,0,0,0,0,0,0,0,0,0,0,0,0,0,0,0,0,0,0,0,4,-2,19,-5,19,-4,19,-4,20,-3,20,-2,21,-2,21,-2,21,-1,21,-1,22,0,23,0,23,0,23,0,23,0,23,0,23,0,23,-1,23,-1,24,-2,24,-2,24,-3,25,-3,25,-2,26,-2,27,-3,26,-3]"
CSI_DATA,226805,d8:b1:90:db:e8:90,-51,11,1,7,0,0,1,0,0,0,1,-96,0,4,0,-788839815,0,100,0,128,1,"[100,-64,5,0,-27,12,-27,13,-26,12,-26,12,-26,12,-25,12,-25,12,-24,12,-23,12,-23,13,-23,13,-23,13,-22,13,-22,13,-22,13,-22,13,-22,12,-21,12,-21,11,-21,11,-21,11,-21,10,-21,9,-21,8,-21,7,-6,1,0,0,0,0,0,0,0,0,0,0,0,0,0,0,0,0,0,0,-5,2,-19,11,-20,10,-20,8,-21,8,-22,7,-22,7,-23,7,-24,7,-24,7,-25,7,-26,6,-26,6,-26,6,-26,6,-26,7,-26,7,-26,8,-26,9,-26,9,-26,10,-26,11,-26,11,-26,11,-26,12,-27,12,-27,12]"
CSI_DATA,226806,d8:b1:90:db:e8:90,-51,11,1,7,0,0,1,0,0,0,0,-96,0,4,0,-788828052,0,100,0,128,1,"[100,-64,5,0,-11,-25,-11,-25,-11,-24,-11,-23,-12,-23,-12,-23,-12,-22,-12,-22,-12,-21,-13,-21,-13,-21,-13,-21,-13,-21,-13,-21,-12,-21,-12,-21,-12,-20,-11,-20,-11,-20,-10,-20,-10,-19,-9,-19,-8,-19,-8,-19,-7,-19,-2,-5,0,0,0,0,0,0,0,0,0,0,0,0,0,0,0,0,0,0,-2,-5,-8,-18,-8,-18,-7,-19,-7,-20,-6,-20,-6,-20,-6,-20,-6,-21,-5,-21,-5,-22,-5,-22,-5,-23,-5,-24,-6,-24,-6,-24,-6,-24,-7,-24,-7,-24,-8,-23,-8,-23,-9,-23,-9,-24,-10,-24,-10,-25,-11,-25,-11,-25]"
